CustomerKey,Prefix,FirstName,LastName,BirthDate,MaritalStatus,Gender,EmailAddress,AnnualIncome,TotalChildren,EducationLevel,Occupation,HomeOwner
11000,MR.,JON,YANG,4/8/1966,M,M,jon24@adventure-works.com,"$90,000 ",2,Bachelors,Professional,Y
11001,MR.,EUGENE,HUANG,5/14/1965,S,M,eugene10@adventure-works.com,"$60,000 ",3,Bachelors,Professional,N
11002,MR.,RUBEN,TORRES,8/12/1965,M,M,ruben35@adventure-works.com,"$60,000 ",3,Bachelors,Professional,Y
11003,MS.,CHRISTY,ZHU,2/15/1968,S,F,christy12@adventure-works.com,"$70,000 ",0,Bachelors,Professional,N
11004,MRS.,ELIZABETH,JOHNSON,8/8/1968,S,F,elizabeth5@adventure-works.com,"$80,000 ",5,Bachelors,Professional,Y
11005,MR.,JULIO,RUIZ,8/5/1965,S,M,julio1@adventure-works.com,"$70,000 ",0,Bachelors,Professional,Y
11007,MR.,MARCO,MEHTA,5/9/1964,M,M,marco14@adventure-works.com,"$60,000 ",3,Bachelors,Professional,Y
11008,MRS.,ROBIN,VERHOFF,7/7/1964,S,F,rob4@adventure-works.com,"$60,000 ",4,Bachelors,Professional,Y
11009,MR.,SHANNON,CARLSON,4/1/1964,S,M,shannon38@adventure-works.com,"$70,000 ",0,Bachelors,Professional,N
11010,MS.,JACQUELYN,SUAREZ,2/6/1964,S,F,jacquelyn20@adventure-works.com,"$70,000 ",0,Bachelors,Professional,N
11011,MR.,CURTIS,LU,11/4/1963,M,M,curtis9@adventure-works.com,"$60,000 ",4,Bachelors,Professional,Y
11012,MRS.,LAUREN,WALKER,1/18/1968,M,F,lauren41@adventure-works.com,"$100,000 ",2,Bachelors,Management,Y
11013,MR.,IAN,JENKINS,8/6/1968,M,M,ian47@adventure-works.com,"$100,000 ",2,Bachelors,Management,Y
11014,MRS.,SYDNEY,BENNETT,5/9/1968,S,F,sydney23@adventure-works.com,"$100,000 ",3,Bachelors,Management,N
11015,MS.,CHLOE,YOUNG,2/27/1979,S,F,chloe23@adventure-works.com,"$30,000 ",0,Partial College,Skilled Manual,N
11016,MR.,WYATT,HILL,4/28/1979,M,M,wyatt32@adventure-works.com,"$30,000 ",0,Partial College,Skilled Manual,Y
11017,MRS.,SHANNON,WANG,6/26/1944,S,F,shannon1@adventure-works.com,"$20,000 ",4,High School,Skilled Manual,Y
11018,MR.,CLARENCE,RAI,10/9/1944,S,M,clarence32@adventure-works.com,"$30,000 ",2,Partial College,Clerical,Y
11019,MR.,LUKE,LAL,3/7/1978,S,M,luke18@adventure-works.com,"$40,000 ",0,High School,Skilled Manual,N
11020,MR.,JORDAN,KING,9/20/1978,S,M,jordan73@adventure-works.com,"$40,000 ",0,High School,Skilled Manual,N
11021,MS.,DESTINY,WILSON,9/3/1978,S,F,destiny7@adventure-works.com,"$40,000 ",0,Partial College,Skilled Manual,N
11022,MR.,ETHAN,ZHANG,10/12/1978,M,M,ethan20@adventure-works.com,"$40,000 ",0,Partial College,Skilled Manual,Y
11023,MR.,SETH,EDWARDS,10/11/1978,M,M,seth46@adventure-works.com,"$40,000 ",0,Partial College,Skilled Manual,Y
11024,MR.,RUSSELL,XIE,9/17/1978,M,M,russell7@adventure-works.com,"$60,000 ",0,Partial College,Skilled Manual,Y
11025,,ALEJANDRO,BECK,12/23/1945,M,NA,alejandro45@adventure-works.com,"$10,000 ",2,Partial High School,Clerical,Y
11026,MR.,HAROLD,SAI,4/3/1946,S,M,harold3@adventure-works.com,"$30,000 ",2,Partial College,Clerical,N
11027,MR.,JESSIE,ZHAO,12/7/1946,M,M,jessie16@adventure-works.com,"$30,000 ",2,Partial College,Clerical,Y
11028,MRS.,JILL,JIMENEZ,4/11/1946,M,F,jill13@adventure-works.com,"$30,000 ",2,Partial College,Clerical,Y
11029,MR.,JIMMY,MORENO,12/21/1946,M,M,jimmy9@adventure-works.com,"$30,000 ",2,Partial College,Clerical,Y
11030,MRS.,BETHANY,YUAN,2/22/1947,M,F,bethany10@adventure-works.com,"$10,000 ",2,Partial High School,Clerical,Y
11031,MRS.,THERESA,RAMOS,8/22/1947,M,F,theresa13@adventure-works.com,"$20,000 ",4,High School,Skilled Manual,Y
11032,MRS.,DENISE,STONE,6/11/1947,M,F,denise10@adventure-works.com,"$20,000 ",4,High School,Skilled Manual,Y
11033,MR.,JAIME,NATH,9/23/1947,M,M,jaime41@adventure-works.com,"$20,000 ",4,High School,Skilled Manual,Y
11034,MRS.,EBONY,GONZALEZ,6/19/1947,M,F,ebony19@adventure-works.com,"$20,000 ",4,High School,Skilled Manual,Y
11035,,WENDY,DOMINGUEZ,2/24/1948,M,NA,wendy12@adventure-works.com,"$10,000 ",2,Partial High School,Clerical,Y
11036,MS.,JENNIFER,RUSSELL,12/18/1978,M,F,jennifer93@adventure-works.com,"$60,000 ",0,Partial College,Skilled Manual,Y
11037,MS.,CHLOE,GARCIA,11/27/1977,S,F,chloe27@adventure-works.com,"$40,000 ",0,Partial High School,Clerical,N
11038,MRS.,DIANA,HERNANDEZ,3/23/1948,M,F,diana2@adventure-works.com,"$10,000 ",2,Partial High School,Clerical,Y
11039,MR.,MARC,MARTIN,12/17/1948,M,M,marc3@adventure-works.com,"$30,000 ",3,Partial College,Clerical,Y
11040,MR.,JESSE,MURPHY,8/1/1977,M,M,jesse15@adventure-works.com,"$30,000 ",0,Partial College,Skilled Manual,Y
11041,MS.,AMANDA,CARTER,10/16/1977,M,F,amanda53@adventure-works.com,"$60,000 ",0,Partial College,Skilled Manual,Y
11042,MS.,MEGAN,SANCHEZ,6/13/1977,M,F,megan28@adventure-works.com,"$70,000 ",0,Partial College,Skilled Manual,Y
11043,MR.,NATHAN,SIMMONS,2/24/1976,M,M,nathan11@adventure-works.com,"$60,000 ",0,Partial College,Skilled Manual,Y
11044,MR.,ADAM,FLORES,5/24/1949,M,M,adam10@adventure-works.com,"$20,000 ",2,Partial High School,Clerical,Y
11045,MR.,LEONARD,NARA,5/19/1950,S,M,leonard18@adventure-works.com,"$30,000 ",3,High School,Skilled Manual,N
11046,MRS.,CHRISTINE,YUAN,3/22/1950,M,F,christine4@adventure-works.com,"$30,000 ",3,High School,Skilled Manual,Y
11047,MRS.,JACLYN,LU,2/27/1950,M,F,jaclyn12@adventure-works.com,"$30,000 ",3,High School,Skilled Manual,N
11048,MR.,JEREMY,POWELL,11/22/1950,M,M,jeremy26@adventure-works.com,"$30,000 ",3,High School,Skilled Manual,Y
11049,MS.,CAROL,RAI,7/18/1980,S,F,carol8@adventure-works.com,"$40,000 ",0,Partial High School,Clerical,Y
11050,MR.,ALAN,ZHENG,9/7/1951,M,M,alan23@adventure-works.com,"$30,000 ",3,High School,Skilled Manual,Y
11051,MR.,DANIEL,JOHNSON,8/4/1951,S,M,daniel18@adventure-works.com,"$30,000 ",3,High School,Skilled Manual,N
11052,MRS.,HEIDI,LOPEZ,8/7/1951,S,F,heidi19@adventure-works.com,"$40,000 ",2,Partial College,Clerical,N
11053,MS.,ANA,PRICE,8/20/1980,M,F,ana0@adventure-works.com,"$60,000 ",0,Partial College,Skilled Manual,N
11054,MRS.,DEANNA,MUNOZ,3/10/1952,M,F,deanna33@adventure-works.com,"$40,000 ",2,Partial College,Skilled Manual,Y
11055,MR.,GILBERT,RAJE,3/5/1952,M,M,gilbert35@adventure-works.com,"$40,000 ",2,Partial College,Skilled Manual,Y
11056,MRS.,MICHELE,NATH,4/3/1953,M,F,michele19@adventure-works.com,"$40,000 ",3,Partial College,Skilled Manual,Y
11057,MR.,CARL,ANDERSEN,10/12/1953,M,M,carl12@adventure-works.com,"$70,000 ",2,Graduate Degree,Management,Y
11058,MR.,MARC,DIAZ,4/27/1954,M,M,marc6@adventure-works.com,"$80,000 ",2,Partial College,Skilled Manual,Y
11059,MRS.,ASHLEE,ANDERSEN,4/1/1954,S,F,ashlee19@adventure-works.com,"$80,000 ",2,Partial College,Skilled Manual,Y
11060,MR.,JON,ZHOU,3/17/1954,M,M,jon28@adventure-works.com,"$80,000 ",2,Partial College,Skilled Manual,Y
11061,MR.,TODD,GAO,2/27/1954,M,M,todd14@adventure-works.com,"$80,000 ",2,Partial College,Skilled Manual,Y
11062,MR.,NOAH,POWELL,9/2/1975,M,M,noah5@adventure-works.com,"$40,000 ",0,High School,Skilled Manual,Y
11063,MS.,ANGELA,MURPHY,4/7/1975,S,F,angela41@adventure-works.com,"$40,000 ",0,High School,Skilled Manual,Y
11064,MR.,CHASE,REED,12/7/1975,M,M,chase21@adventure-works.com,"$40,000 ",0,High School,Skilled Manual,Y
11065,MS.,JESSICA,HENDERSON,10/9/1973,M,F,jessica29@adventure-works.com,"$60,000 ",0,Partial College,Skilled Manual,N
11066,MS.,GRACE,BUTLER,11/27/1973,M,F,grace62@adventure-works.com,"$70,000 ",0,Partial College,Professional,Y
11067,MR.,CALEB,CARTER,9/25/1976,S,M,caleb40@adventure-works.com,"$60,000 ",0,Partial College,Professional,Y
11068,MRS.,TIFFANY,LIANG,9/23/1955,S,F,tiffany17@adventure-works.com,"$80,000 ",2,High School,Skilled Manual,Y
11069,MRS.,CAROLYN,NAVARRO,9/21/1955,S,F,carolyn30@adventure-works.com,"$80,000 ",2,High School,Skilled Manual,N
11070,MR.,WILLIE,RAJI,4/5/1955,M,M,willie40@adventure-works.com,"$80,000 ",2,High School,Skilled Manual,Y
11071,MRS.,LINDA,SERRANO,6/26/1955,S,F,linda31@adventure-works.com,"$80,000 ",2,High School,Skilled Manual,Y
11072,MRS.,CASEY,LUO,2/6/1955,S,F,casey6@adventure-works.com,"$80,000 ",2,High School,Skilled Manual,N
11073,MRS.,AMY,YE,8/14/1956,S,F,amy16@adventure-works.com,"$70,000 ",2,High School,Skilled Manual,Y
11074,MR.,LEVI,ARUN,8/28/1956,S,M,levi6@adventure-works.com,"$70,000 ",2,High School,Skilled Manual,Y
11075,MRS.,FELICIA,JIMENEZ,11/16/1957,S,F,felicia4@adventure-works.com,"$80,000 ",2,High School,Professional,Y
11076,MR.,BLAKE,ANDERSON,7/13/1957,S,M,blake9@adventure-works.com,"$80,000 ",2,High School,Professional,Y
11077,MRS.,LEAH,YE,9/19/1957,S,F,leah7@adventure-works.com,"$80,000 ",2,High School,Professional,N
11078,MS.,GINA,MARTIN,1/10/1974,S,F,gina1@adventure-works.com,"$40,000 ",0,High School,Professional,N
11079,MR.,DONALD,GONZALEZ,3/11/1959,S,M,donald20@adventure-works.com,"$160,000 ",0,Graduate Degree,Management,Y
11080,MR.,DAMIEN,CHANDER,7/17/1959,M,M,damien32@adventure-works.com,"$170,000 ",0,Graduate Degree,Management,Y
11081,MRS.,SAVANNAH,BAKER,7/24/1966,M,F,savannah39@adventure-works.com,"$120,000 ",2,Bachelors,Management,Y
11082,,ANGELA,BUTLER,8/4/1966,S,NA,angela17@adventure-works.com,"$130,000 ",0,Graduate Degree,Management,N
11083,MS.,ALYSSA,COX,3/15/1966,M,F,alyssa37@adventure-works.com,"$130,000 ",0,Graduate Degree,Management,Y
11084,MR.,LUCAS,PHILLIPS,9/12/1957,S,M,lucas7@adventure-works.com,"$80,000 ",2,Partial High School,Skilled Manual,N
11085,MRS.,EMILY,JOHNSON,7/19/1957,S,F,emily1@adventure-works.com,"$60,000 ",2,High School,Professional,N
11086,MR.,RYAN,BROWN,12/23/1957,M,M,ryan43@adventure-works.com,"$70,000 ",2,Partial College,Professional,Y
11087,MRS.,TAMARA,LIANG,10/3/1957,M,F,tamara6@adventure-works.com,"$70,000 ",3,Partial College,Professional,N
11089,MRS.,ABIGAIL,PRICE,2/5/1957,S,F,abigail25@adventure-works.com,"$80,000 ",2,Bachelors,Management,Y
11090,MR.,TREVOR,BRYANT,12/17/1957,S,M,trevor18@adventure-works.com,"$90,000 ",2,Partial College,Professional,Y
11091,MR.,DALTON,PEREZ,4/4/1957,M,M,dalton37@adventure-works.com,"$90,000 ",2,Partial College,Professional,Y
11092,MRS.,CHERYL,DIAZ,5/6/1967,M,F,cheryl4@adventure-works.com,"$90,000 ",2,Bachelors,Professional,Y
11093,MS.,AIMEE,HE,9/10/1967,M,F,aimee13@adventure-works.com,"$100,000 ",0,Graduate Degree,Management,Y
11094,MR.,CEDRIC,MA,4/1/1962,S,M,cedric15@adventure-works.com,"$70,000 ",1,Partial College,Skilled Manual,N
11095,MR.,CHAD,KUMAR,9/1/1962,S,M,chad9@adventure-works.com,"$70,000 ",1,Partial College,Skilled Manual,Y
11096,MR.,ANDRÉS,ANAND,8/10/1962,M,M,andrés18@adventure-works.com,"$60,000 ",1,Bachelors,Professional,Y
11097,MR.,EDWIN,NARA,10/27/1961,M,M,edwin39@adventure-works.com,"$60,000 ",1,Partial College,Skilled Manual,Y
11098,MRS.,MALLORY,RUBIO,5/1/1961,S,F,mallory7@adventure-works.com,"$60,000 ",1,Partial College,Skilled Manual,N
11099,MR.,ADAM,ROSS,3/8/1961,M,M,adam2@adventure-works.com,"$60,000 ",1,Bachelors,Professional,Y
11100,MRS.,LATASHA,NAVARRO,9/15/1960,S,F,latasha10@adventure-works.com,"$60,000 ",1,Partial College,Skilled Manual,Y
11101,MS.,ABBY,SAI,5/8/1965,S,F,abby4@adventure-works.com,"$70,000 ",0,Bachelors,Professional,N
11102,MRS.,JULIA,NELSON,4/21/1965,S,F,julia7@adventure-works.com,"$80,000 ",5,Bachelors,Professional,Y
11103,MS.,CASSIE,CHANDE,10/17/1964,S,F,cassie13@adventure-works.com,"$70,000 ",0,Bachelors,Professional,Y
11104,MR.,EDGAR,SARA,3/11/1964,M,M,edgar11@adventure-works.com,"$70,000 ",0,Bachelors,Professional,N
11105,MS.,CANDACE,FERNANDEZ,12/28/1964,S,F,candace15@adventure-works.com,"$70,000 ",0,Bachelors,Professional,N
11106,MR.,JESSIE,LIU,9/11/1964,S,M,jessie9@adventure-works.com,"$70,000 ",0,Bachelors,Professional,N
11107,MRS.,BIANCA,LIN,9/9/1959,M,F,bianca7@adventure-works.com,"$90,000 ",1,Bachelors,Professional,Y
11108,MS.,KARI,ALVAREZ,7/14/1963,S,F,kari25@adventure-works.com,"$70,000 ",0,Bachelors,Professional,N
11109,MR.,RUBEN,KAPOOR,11/5/1963,S,M,ruben1@adventure-works.com,"$70,000 ",0,Bachelors,Professional,N
11110,MR.,CURTIS,YANG,6/6/1962,M,M,curtis5@adventure-works.com,"$60,000 ",1,Partial College,Skilled Manual,Y
11111,MRS.,MEREDITH,GUTIERREZ,2/23/1962,M,F,meredith34@adventure-works.com,"$60,000 ",1,Partial College,Skilled Manual,Y
11112,MRS.,CRYSTAL,WANG,9/9/1962,M,F,crystal3@adventure-works.com,"$60,000 ",1,Partial College,Skilled Manual,Y
11113,MR.,MICHEAL,BLANCO,2/21/1962,M,M,micheal11@adventure-works.com,"$70,000 ",5,Bachelors,Professional,Y
11114,MRS.,LESLIE,MORENO,5/28/1962,S,F,leslie7@adventure-works.com,"$70,000 ",5,Partial College,Skilled Manual,Y
11115,MR.,ALVIN,CAI,2/12/1962,M,M,alvin20@adventure-works.com,"$70,000 ",5,Partial College,Skilled Manual,Y
11116,MR.,CLINTON,CARLSON,10/7/1962,M,M,clinton14@adventure-works.com,"$70,000 ",5,Partial College,Skilled Manual,Y
11117,MRS.,APRIL,DENG,2/21/1961,M,F,april1@adventure-works.com,"$70,000 ",5,Partial College,Skilled Manual,Y
11118,MR.,ALVIN,ZENG,7/3/1957,S,M,alvin21@adventure-works.com,"$80,000 ",1,Partial College,Skilled Manual,N
11119,MR.,EVAN,JAMES,4/10/1935,S,M,evan8@adventure-works.com,"$30,000 ",2,Partial College,Clerical,N
11121,MR.,ORLANDO,SUAREZ,11/18/1960,M,M,orlando19@adventure-works.com,"$70,000 ",5,Partial College,Skilled Manual,Y
11122,MR.,BYRON,VAZQUEZ,4/2/1960,M,M,byron9@adventure-works.com,"$70,000 ",5,Partial College,Skilled Manual,Y
11123,MR.,PHILIP,ALVAREZ,6/20/1960,M,M,philip4@adventure-works.com,"$70,000 ",5,Partial College,Skilled Manual,Y
11124,MR.,ROSS,JORDAN,7/27/1957,S,M,ross1@adventure-works.com,"$80,000 ",1,Partial College,Skilled Manual,Y
11125,MRS.,DANA,NAVARRO,4/8/1956,S,F,dana2@adventure-works.com,"$70,000 ",1,Partial College,Skilled Manual,Y
11126,MR.,SHAUN,CARSON,4/7/1949,M,M,shaun16@adventure-works.com,"$10,000 ",2,High School,Skilled Manual,N
11127,MS.,JAN,EDWARDS,10/21/1975,M,F,jan11@adventure-works.com,"$40,000 ",0,High School,Skilled Manual,Y
11128,MS.,SAMANTHA,LONG,12/5/1975,M,F,samantha35@adventure-works.com,"$40,000 ",0,High School,Skilled Manual,Y
11129,MS.,JULIA,WRIGHT,8/5/1975,S,F,julia17@adventure-works.com,"$40,000 ",0,High School,Skilled Manual,Y
11130,MS.,CAROLINE,RUSSELL,1/6/1980,M,F,caroline21@adventure-works.com,"$30,000 ",0,High School,Skilled Manual,Y
11131,MS.,AMANDA,RIVERA,3/12/1980,M,F,amanda7@adventure-works.com,"$30,000 ",0,High School,Skilled Manual,N
11132,MS.,MELISSA,RICHARDSON,10/26/1980,S,F,melissa31@adventure-works.com,"$30,000 ",0,High School,Skilled Manual,N
11133,MS.,ANGELA,GRIFFIN,9/8/1980,S,F,angela23@adventure-works.com,"$30,000 ",0,Partial High School,Clerical,N
11134,MR.,LARRY,TOWNSEND,2/26/1946,S,M,larry14@adventure-works.com,"$10,000 ",5,High School,Skilled Manual,Y
11135,MR.,MARCUS,HARRIS,11/3/1979,S,M,marcus14@adventure-works.com,"$30,000 ",0,Partial High School,Clerical,N
11136,MS.,BRIANNA,MORGAN,10/26/1978,S,F,brianna30@adventure-works.com,"$40,000 ",0,High School,Skilled Manual,N
11137,MS.,JASMINE,TAYLOR,7/20/1978,M,F,jasmine7@adventure-works.com,"$40,000 ",0,High School,Skilled Manual,Y
11138,MS.,LAUREN,DAVIS,9/15/1978,M,F,lauren23@adventure-works.com,"$40,000 ",0,High School,Skilled Manual,N
11139,MRS.,TANYA,MORENO,11/9/1938,S,F,tanya2@adventure-works.com,"$30,000 ",2,Partial College,Clerical,N
11140,MR.,JAVIER,ALVAREZ,2/11/1977,S,M,javier1@adventure-works.com,"$30,000 ",0,Partial High School,Clerical,N
11141,MS.,NICOLE,RAMIREZ,6/21/1977,M,F,nicole42@adventure-works.com,"$40,000 ",0,High School,Skilled Manual,N
11142,MR.,EDUARDO,PATTERSON,8/14/1977,S,M,eduardo55@adventure-works.com,"$40,000 ",0,High School,Skilled Manual,N
11143,MR.,JONATHAN,HENDERSON,2/4/1977,M,M,jonathan4@adventure-works.com,"$40,000 ",0,High School,Skilled Manual,Y
11144,MR.,EDWARD,HERNANDEZ,9/9/1979,S,M,edward48@adventure-works.com,"$40,000 ",0,High School,Skilled Manual,N
11145,MS.,JASMINE,COLEMAN,12/8/1979,S,F,jasmine46@adventure-works.com,"$40,000 ",0,High School,Skilled Manual,N
11146,MRS.,KARLA,GOEL,8/26/1939,S,F,karla20@adventure-works.com,"$40,000 ",2,Bachelors,Management,Y
11147,MR.,ERNEST,WU,2/5/1939,M,M,ernest6@adventure-works.com,"$60,000 ",2,Graduate Degree,Management,Y
11148,MR.,ROSS,VAZQUEZ,8/16/1941,M,M,ross32@adventure-works.com,"$40,000 ",2,Bachelors,Management,Y
11149,MR.,THEODORE,GILL,4/20/1941,M,M,theodore14@adventure-works.com,"$40,000 ",2,Bachelors,Management,Y
11150,MR.,RUSSELL,SHEN,3/15/1941,S,M,russell6@adventure-works.com,"$40,000 ",2,Bachelors,Management,Y
11151,MRS.,MELINDA,GILL,2/25/1942,S,F,melinda9@adventure-works.com,"$60,000 ",2,Graduate Degree,Management,N
11152,MR.,JAMES,WILLIAMS,1/10/1976,S,M,james77@adventure-works.com,"$40,000 ",0,High School,Skilled Manual,Y
11153,MS.,ANGELA,JAMES,6/23/1976,M,F,angela34@adventure-works.com,"$40,000 ",0,High School,Skilled Manual,Y
11154,MS.,MEGAN,WALKER,8/21/1976,S,F,megan25@adventure-works.com,"$40,000 ",0,Partial College,Skilled Manual,Y
11155,MR.,HUNTER,ROBINSON,1/26/1976,S,M,hunter50@adventure-works.com,"$40,000 ",0,Partial College,Skilled Manual,N
11156,MS.,MARIA,ROBERTS,2/7/1976,S,F,maria47@adventure-works.com,"$40,000 ",0,Partial College,Skilled Manual,N
11157,MS.,HANNAH,LONG,6/11/1975,M,F,hannah32@adventure-works.com,"$40,000 ",0,High School,Skilled Manual,Y
11158,MR.,JASON,WRIGHT,10/8/1975,S,M,jason46@adventure-works.com,"$40,000 ",0,High School,Skilled Manual,Y
11159,MS.,BRIANNA,HUGHES,9/17/1975,S,F,brianna57@adventure-works.com,"$40,000 ",0,High School,Skilled Manual,N
11160,MR.,MAURICE,TANG,1/8/1974,S,M,maurice4@adventure-works.com,"$40,000 ",0,Partial College,Skilled Manual,N
11161,MS.,EMILY,WOOD,4/22/1974,S,F,emily27@adventure-works.com,"$40,000 ",0,Partial College,Skilled Manual,N
11162,MR.,CHASE,COX,3/5/1974,S,M,chase10@adventure-works.com,"$40,000 ",0,Partial College,Skilled Manual,Y
11163,MR.,GABRIEL,WANG,12/20/1974,M,M,gabriel21@adventure-works.com,"$40,000 ",0,Partial College,Skilled Manual,Y
11164,MR.,DEVIN,BROOKS,5/5/1974,S,M,devin63@adventure-works.com,"$40,000 ",0,Partial College,Skilled Manual,N
11165,MS.,JOCELYN,ALEXANDER,7/18/1973,M,F,jocelyn18@adventure-works.com,"$60,000 ",0,Partial College,Skilled Manual,N
11166,MS.,ASHLEY,MARTINEZ,4/24/1972,S,F,ashley18@adventure-works.com,"$70,000 ",0,Partial College,Skilled Manual,N
11167,MS.,JASMINE,BARNES,8/1/1972,S,F,jasmine43@adventure-works.com,"$80,000 ",0,Bachelors,Management,N
11168,MR.,DAVID,RODRIGUEZ,5/15/1968,S,M,david83@adventure-works.com,"$80,000 ",0,Bachelors,Management,N
11169,MR.,BRYCE,RICHARDSON,6/22/1968,M,M,bryce8@adventure-works.com,"$90,000 ",4,Bachelors,Management,Y
11170,MRS.,CAROL,HOWARD,2/5/1968,M,F,carol5@adventure-works.com,"$90,000 ",4,Bachelors,Management,Y
11171,MR.,JONATHAN,HILL,10/9/1967,S,M,jonathan43@adventure-works.com,"$100,000 ",1,Bachelors,Management,Y
11172,MRS.,GABRIELLE,ADAMS,11/21/1967,M,F,gabrielle58@adventure-works.com,"$100,000 ",1,Bachelors,Management,Y
11173,MS.,SARAH,THOMAS,9/1/1967,S,F,sarah13@adventure-works.com,"$110,000 ",0,Graduate Degree,Management,N
11174,MR.,NICHOLAS,ROBINSON,7/13/1967,M,M,nicholas19@adventure-works.com,"$110,000 ",0,Graduate Degree,Management,Y
11175,MR.,LUIS,WANG,3/5/1963,S,M,luis24@adventure-works.com,"$70,000 ",0,Partial College,Skilled Manual,Y
11176,MR.,MASON,ROBERTS,1/25/1968,M,M,mason25@adventure-works.com,"$90,000 ",4,Bachelors,Management,Y
11177,MR.,JOSE,FLORES,7/4/1942,M,M,jose6@adventure-works.com,"$110,000 ",2,Graduate Degree,Management,Y
11178,MR.,NATHAN,JOHNSON,8/24/1943,M,M,nathan55@adventure-works.com,"$100,000 ",2,Graduate Degree,Management,Y
11179,MRS.,MOLLY,RODRIGUEZ,6/14/1943,M,F,molly18@adventure-works.com,"$120,000 ",2,Graduate Degree,Management,Y
11180,MRS.,APRIL,ANAND,1/2/1943,M,F,april18@adventure-works.com,"$160,000 ",1,Bachelors,Management,Y
11181,MR.,DEVIN,MARTIN,8/8/1943,M,M,devin13@adventure-works.com,"$170,000 ",2,Graduate Degree,Management,Y
11182,MRS.,STEPHANIE,TORRES,8/25/1944,S,F,stephanie19@adventure-works.com,"$70,000 ",4,Bachelors,Management,Y
11183,MRS.,JASMINE,LEE,7/15/1944,S,F,jasmine19@adventure-works.com,"$70,000 ",4,Bachelors,Management,Y
11184,MRS.,MEGHAN,HERNANDEZ,11/16/1944,S,F,meghan3@adventure-works.com,"$70,000 ",4,Bachelors,Management,Y
11185,MRS.,ASHLEY,HENDERSON,10/8/1944,S,F,ashley31@adventure-works.com,"$70,000 ",4,Bachelors,Management,Y
11186,MRS.,SARAH,PRICE,5/21/1944,S,F,sarah25@adventure-works.com,"$70,000 ",4,Bachelors,Management,Y
11187,MRS.,JENNIFER,COOPER,2/22/1944,M,F,jennifer63@adventure-works.com,"$60,000 ",4,Graduate Degree,Management,Y
11188,MRS.,CATHERINE,MORRIS,9/6/1944,M,F,catherine16@adventure-works.com,"$60,000 ",4,Graduate Degree,Management,N
11190,MR.,CARSON,BRYANT,6/22/1944,M,M,carson17@adventure-works.com,"$70,000 ",5,Bachelors,Management,Y
11191,MRS.,KRISTI,PEREZ,12/18/1945,S,F,kristi39@adventure-works.com,"$70,000 ",5,Bachelors,Management,Y
11192,MR.,JAMES,BROWN,9/13/1945,M,M,james79@adventure-works.com,"$60,000 ",4,Bachelors,Management,Y
11193,MR.,IAN,GRAY,2/13/1945,M,M,ian72@adventure-works.com,"$60,000 ",4,Bachelors,Management,Y
11194,MRS.,JACQUELINE,PRICE,6/10/1945,M,F,jacqueline0@adventure-works.com,"$60,000 ",4,Bachelors,Management,Y
11195,MRS.,MEGAN,HENDERSON,2/10/1946,M,F,megan55@adventure-works.com,"$60,000 ",5,Bachelors,Management,Y
11196,MR.,ALFREDO,ROMERO,6/7/1946,M,M,alfredo10@adventure-works.com,"$60,000 ",5,Bachelors,Management,Y
11197,MRS.,ANDREA,MORRIS,6/18/1946,M,F,andrea18@adventure-works.com,"$70,000 ",3,Bachelors,Management,N
11198,MRS.,BROOKE,SANDERS,11/26/1946,S,F,brooke3@adventure-works.com,"$70,000 ",4,Bachelors,Management,Y
11199,MRS.,JACQUELINE,BENNETT,11/6/1946,M,F,jacqueline1@adventure-works.com,"$70,000 ",4,Bachelors,Management,Y
11200,MR.,JASON,GRIFFIN,11/22/1947,M,M,jason18@adventure-works.com,"$70,000 ",4,Bachelors,Management,Y
11201,MRS.,AMANDA,FOSTER,8/18/1947,M,F,amanda37@adventure-works.com,"$70,000 ",4,Bachelors,Management,Y
11202,MRS.,ALEXIA,PRICE,8/26/1947,M,F,alexia0@adventure-works.com,"$80,000 ",5,Bachelors,Management,N
11203,MR.,LUIS,DIAZ,8/21/1948,M,M,luis21@adventure-works.com,"$40,000 ",2,High School,Professional,Y
11205,MRS.,ABBY,FERNANDEZ,7/24/1948,M,F,abby13@adventure-works.com,"$40,000 ",2,High School,Professional,Y
11206,MR.,BLAKE,FLORES,9/24/1948,M,M,blake60@adventure-works.com,"$60,000 ",2,Partial College,Professional,Y
11207,MRS.,DANIELLE,COX,7/19/1948,S,F,danielle12@adventure-works.com,"$60,000 ",2,Partial College,Professional,Y
11208,MRS.,MARIA,REED,2/4/1948,M,F,maria4@adventure-works.com,"$60,000 ",2,Bachelors,Management,Y
11209,MRS.,ALLISON,EVANS,1/13/1948,M,F,allison21@adventure-works.com,"$60,000 ",2,Bachelors,Management,Y
11210,MR.,EDWARD,WOOD,6/8/1948,M,M,edward50@adventure-works.com,"$70,000 ",4,Partial College,Professional,Y
11211,MRS.,SAMANTHA,RUSSELL,10/12/1949,M,F,samantha42@adventure-works.com,"$40,000 ",2,High School,Professional,Y
11212,MRS.,CHLOE,CAMPBELL,11/5/1949,M,F,chloe4@adventure-works.com,"$40,000 ",2,High School,Professional,Y
11213,MRS.,STEPHANIE,MURPHY,5/14/1949,S,F,stephanie11@adventure-works.com,"$60,000 ",2,Partial College,Professional,Y
11214,MR.,CHARLES,MILLER,11/7/1949,S,M,charles9@adventure-works.com,"$60,000 ",2,Partial College,Professional,Y
11215,MRS.,ANA,PERRY,6/21/1950,M,F,ana7@adventure-works.com,"$40,000 ",2,Partial High School,Skilled Manual,Y
11216,MRS.,JASMINE,TORRES,5/20/1950,S,F,jasmine32@adventure-works.com,"$60,000 ",2,Partial College,Professional,Y
11217,MRS.,NATALIE,ADAMS,2/11/1950,S,F,natalie58@adventure-works.com,"$60,000 ",2,Partial College,Professional,Y
11218,MRS.,OLIVIA,BROWN,9/11/1950,S,F,olivia4@adventure-works.com,"$60,000 ",2,Partial College,Professional,N
11219,MR.,CHARLES,COOK,12/2/1950,M,M,charles69@adventure-works.com,"$60,000 ",2,High School,Professional,Y
11220,MRS.,ERICA,HUANG,2/23/1950,M,F,erica5@adventure-works.com,"$60,000 ",2,Partial College,Professional,Y
11221,MR.,NATHAN,PERRY,6/10/1950,M,M,nathan3@adventure-works.com,"$70,000 ",4,Partial College,Professional,Y
11222,MRS.,ALEXANDRA,RIVERA,8/17/1950,M,F,alexandra11@adventure-works.com,"$80,000 ",3,Bachelors,Management,Y
11223,MRS.,HAILEY,PATTERSON,9/16/1951,S,F,hailey30@adventure-works.com,"$70,000 ",2,High School,Professional,Y
11224,MRS.,TIFFANY,LI,9/6/1951,S,F,tiffany3@adventure-works.com,"$70,000 ",2,High School,Professional,Y
11226,MRS.,SYDNEY,ROSS,9/27/1951,M,F,sydney26@adventure-works.com,"$60,000 ",2,Partial College,Professional,Y
11227,MR.,MARSHALL,CHAVEZ,8/12/1951,S,M,marshall35@adventure-works.com,"$60,000 ",2,Partial College,Professional,Y
11228,MRS.,ASHLEY,JONES,4/19/1951,M,F,ashley3@adventure-works.com,"$60,000 ",2,Partial College,Professional,Y
11229,MR.,ADRIAN,STEWART,12/3/1951,S,M,adrian21@adventure-works.com,"$70,000 ",4,Partial College,Professional,Y
11230,MRS.,AMBER,TURNER,4/3/1951,M,F,amber4@adventure-works.com,"$70,000 ",4,Partial College,Professional,N
11231,MR.,DENNIS,ZHANG,11/14/1952,M,M,dennis1@adventure-works.com,"$60,000 ",2,High School,Professional,Y
11232,MRS.,HAILEY,BRYANT,9/27/1952,M,F,hailey38@adventure-works.com,"$60,000 ",3,High School,Professional,N
11233,MR.,TODD,LI,9/9/1952,M,M,todd5@adventure-works.com,"$70,000 ",4,Partial College,Professional,Y
11234,,ANNA,GRIFFIN,11/19/1952,S,NA,anna46@adventure-works.com,"$70,000 ",4,Partial College,Professional,Y
11235,MR.,ANGEL,STEWART,2/8/1952,M,M,angel24@adventure-works.com,"$70,000 ",4,Partial College,Professional,Y
11236,MR.,JEREMY,BUTLER,3/5/1952,S,M,jeremy29@adventure-works.com,"$70,000 ",5,Partial College,Professional,Y
11237,MR.,CLARENCE,ANAND,9/23/1958,S,M,clarence36@adventure-works.com,"$130,000 ",2,Bachelors,Management,N
11238,MRS.,MAYRA,PRASAD,8/10/1958,S,F,mayra9@adventure-works.com,"$130,000 ",2,Bachelors,Management,N
11239,MRS.,LATOYA,GOEL,10/6/1958,M,F,latoya18@adventure-works.com,"$130,000 ",2,Partial College,Professional,N
11240,MRS.,ANNE,HERNANDEZ,12/11/1958,M,F,anne4@adventure-works.com,"$160,000 ",2,Partial College,Professional,Y
11241,MRS.,LISA,CAI,10/11/1957,S,F,lisa24@adventure-works.com,"$100,000 ",2,Partial College,Professional,Y
11242,MR.,LARRY,MUNOZ,11/11/1957,M,M,larry9@adventure-works.com,"$110,000 ",2,Partial College,Professional,Y
11243,MRS.,ROBIN,ALVAREZ,10/9/1957,M,F,robin2@adventure-works.com,"$150,000 ",2,Partial College,Professional,Y
11244,MRS.,ALEXIS,COLEMAN,11/26/1957,S,F,alexis28@adventure-works.com,"$170,000 ",2,Bachelors,Management,N
11245,MR.,RICKY,VAZQUEZ,10/27/1956,M,M,ricky15@adventure-works.com,"$120,000 ",3,High School,Professional,N
11247,MRS.,CLAUDIA,ZHOU,6/6/1956,S,F,claudia7@adventure-works.com,"$130,000 ",3,Partial College,Professional,N
11248,MR.,TRISTAN,ALEXANDER,3/26/1955,M,M,tristan19@adventure-works.com,"$110,000 ",3,Partial College,Professional,Y
11249,MRS.,CINDY,PATEL,7/13/1955,M,F,cindy3@adventure-works.com,"$130,000 ",3,Partial College,Professional,Y
11250,MRS.,SHANNON,LIU,3/12/1955,M,F,shannon4@adventure-works.com,"$170,000 ",3,High School,Professional,Y
11251,MR.,XAVIER,LONG,7/4/1932,S,M,xavier51@adventure-works.com,"$30,000 ",4,High School,Professional,N
11252,MR.,NICHOLAS,THOMPSON,6/7/1932,S,M,nicholas16@adventure-works.com,"$90,000 ",3,Graduate Degree,Management,Y
11253,MR.,JOSÉ,HERNANDEZ,2/28/1933,M,M,josé54@adventure-works.com,"$60,000 ",2,Graduate Degree,Management,Y
11254,MR.,JOHNATHAN,VANCE,3/3/1933,M,M,johnathan5@adventure-works.com,"$70,000 ",4,Graduate Degree,Management,Y
11255,MR.,COLIN,LIN,4/4/1933,M,M,colin8@adventure-works.com,"$70,000 ",4,Graduate Degree,Management,Y
11256,MRS.,KATELYN,HERNANDEZ,9/20/1933,M,F,katelyn42@adventure-works.com,"$70,000 ",4,Graduate Degree,Management,Y
11257,MRS.,JACQUELINE,POWELL,1/6/1933,S,F,jacqueline9@adventure-works.com,"$120,000 ",1,Graduate Degree,Management,Y
11258,MR.,XAVIER,HILL,6/28/1933,M,M,xavier26@adventure-works.com,"$120,000 ",1,Graduate Degree,Management,Y
11259,MRS.,VICTORIA,STEWART,3/27/1965,M,F,victoria24@adventure-works.com,"$100,000 ",4,Partial College,Professional,Y
11260,MRS.,KATELYN,KELLY,4/12/1965,M,F,katelyn1@adventure-works.com,"$110,000 ",2,Bachelors,Management,Y
11261,MRS.,STEPHANIE,COLLINS,4/24/1965,M,F,stephanie52@adventure-works.com,"$130,000 ",1,Graduate Degree,Management,Y
11262,MRS.,JENNIFER,SIMMONS,5/4/1964,M,F,jennifer88@adventure-works.com,"$80,000 ",4,Bachelors,Management,Y
11263,MRS.,TRINITY,RICHARDSON,9/11/1964,M,F,trinity9@adventure-works.com,"$90,000 ",5,Partial College,Professional,Y
11264,MR.,EDUARDO,MARTIN,6/17/1964,S,M,eduardo13@adventure-works.com,"$90,000 ",5,Partial College,Professional,N
11265,MRS.,ELIZABETH,JONES,7/13/1964,M,F,elizabeth7@adventure-works.com,"$90,000 ",5,Partial College,Professional,Y
11266,MS.,TAYLOR,HOWARD,5/5/1964,S,F,taylor14@adventure-works.com,"$90,000 ",0,Partial College,Professional,N
11267,MR.,DAVID,DIAZ,10/2/1964,S,M,david55@adventure-works.com,"$120,000 ",4,Partial College,Professional,Y
11268,MRS.,KATELYN,CARTER,5/3/1964,M,F,katelyn33@adventure-works.com,"$130,000 ",2,Graduate Degree,Management,Y
11269,MR.,RYAN,FOSTER,10/13/1964,M,M,ryan19@adventure-works.com,"$130,000 ",2,Graduate Degree,Management,Y
11270,MR.,ROBERT,LEE,5/4/1964,M,M,robert82@adventure-works.com,"$130,000 ",2,Graduate Degree,Management,Y
11271,MRS.,DANIELLE,REED,6/5/1964,S,F,danielle23@adventure-works.com,"$150,000 ",2,Bachelors,Management,N
11272,MRS.,LAUREN,MARTINEZ,11/10/1956,S,F,lauren35@adventure-works.com,"$70,000 ",4,Partial College,Professional,Y
11273,MR.,NATHAN,LAL,10/1/1956,M,M,nathan26@adventure-works.com,"$90,000 ",2,Partial College,Professional,Y
11274,MR.,KYLE,FOSTER,4/12/1934,M,M,kyle11@adventure-works.com,"$50,000 ",2,Graduate Degree,Management,Y
11275,MRS.,JENNY,RAI,1/18/1934,M,F,jenny40@adventure-works.com,"$80,000 ",4,Graduate Degree,Management,Y
11276,MRS.,NANCY,CHAPMAN,9/19/1963,M,F,nancy7@adventure-works.com,"$80,000 ",4,Partial College,Professional,Y
11277,MR.,CHARLES,JACKSON,6/10/1963,M,M,charles15@adventure-works.com,"$80,000 ",4,Partial College,Professional,Y
11278,MR.,JONATHAN,PHILLIPS,8/20/1963,S,M,jonathan35@adventure-works.com,"$90,000 ",0,Partial College,Professional,N
11279,MS.,AMANDA,COOK,9/12/1963,M,F,amanda3@adventure-works.com,"$90,000 ",0,Partial College,Professional,Y
11280,MR.,ROBERT,COLLINS,8/21/1963,M,M,robert45@adventure-works.com,"$90,000 ",0,Partial College,Professional,Y
11281,MRS.,MEGAN,BARNES,10/10/1963,S,F,megan53@adventure-works.com,"$110,000 ",4,Bachelors,Management,Y
11282,MR.,CHRISTIAN,THOMAS,1/16/1962,M,M,christian46@adventure-works.com,"$90,000 ",5,Partial College,Professional,Y
11283,MR.,ARTURO,LAL,10/26/1962,M,M,arturo33@adventure-works.com,"$110,000 ",1,Bachelors,Management,Y
11284,MRS.,THERESA,SERRANO,3/27/1962,M,F,theresa12@adventure-works.com,"$110,000 ",1,Bachelors,Management,Y
11285,MR.,JEREMY,ANDERSON,3/19/1962,M,M,jeremy2@adventure-works.com,"$120,000 ",1,Partial College,Professional,N
11286,MR.,HUNTER,GRIFFIN,3/3/1962,M,M,hunter16@adventure-works.com,"$170,000 ",0,Graduate Degree,Management,Y
11287,MR.,HENRY,GARCIA,1/16/1961,M,M,henry16@adventure-works.com,"$70,000 ",5,Partial College,Professional,N
11288,MRS.,CINDY,SANCHEZ,9/16/1961,M,F,cindy19@adventure-works.com,"$110,000 ",1,Bachelors,Management,Y
11289,MRS.,MARIA,CARTER,3/7/1961,M,F,maria53@adventure-works.com,"$130,000 ",1,Bachelors,Management,Y
11290,MRS.,KATELYN,SANCHEZ,8/18/1961,M,F,katelyn26@adventure-works.com,"$130,000 ",1,Bachelors,Management,Y
11291,MRS.,JENNA,WRIGHT,5/5/1961,M,F,jenna19@adventure-works.com,"$130,000 ",1,Bachelors,Management,Y
11292,MR.,SETH,PHILLIPS,11/5/1961,S,M,seth42@adventure-works.com,"$150,000 ",1,Partial College,Professional,N
11293,MR.,LUKE,LONG,5/27/1955,S,M,luke28@adventure-works.com,"$60,000 ",2,High School,Professional,N
11294,MR.,DALTON,CLARK,9/3/1955,M,M,dalton18@adventure-works.com,"$60,000 ",2,High School,Professional,N
11295,MRS.,TAYLOR,LEWIS,5/16/1954,S,F,taylor67@adventure-works.com,"$80,000 ",2,Partial High School,Skilled Manual,Y
11296,MRS.,HALEY,RICHARDSON,10/7/1935,S,F,haley10@adventure-works.com,"$50,000 ",2,Graduate Degree,Management,Y
11297,MR.,NOAH,COLEMAN,2/2/1935,S,M,noah2@adventure-works.com,"$70,000 ",4,Graduate Degree,Management,Y
11298,MR.,JON,LUO,3/3/1935,M,M,jon46@adventure-works.com,"$70,000 ",4,Graduate Degree,Management,Y
11299,MR.,ORLANDO,VAZQUEZ,4/1/1936,M,M,orlando14@adventure-works.com,"$70,000 ",4,Graduate Degree,Management,Y
11300,MR.,FERNANDO,BARNES,3/3/1960,M,M,fernando47@adventure-works.com,"$80,000 ",5,Partial College,Professional,N
11301,MR.,CAMERON,RODRIGUEZ,6/9/1960,M,M,cameron38@adventure-works.com,"$80,000 ",5,Partial College,Professional,Y
11302,MR.,SPENCER,RUSSELL,12/12/1960,S,M,spencer22@adventure-works.com,"$90,000 ",4,High School,Professional,N
11303,MRS.,JULIA,COLEMAN,10/11/1960,S,F,julia72@adventure-works.com,"$90,000 ",4,High School,Professional,N
11304,MS.,JULIA,GARCIA,3/17/1960,M,F,julia38@adventure-works.com,"$100,000 ",0,Partial College,Professional,Y
11305,MR.,SEAN,EVANS,6/19/1960,M,M,sean31@adventure-works.com,"$110,000 ",3,Partial College,Professional,N
11306,MR.,MICAH,ZHOU,6/22/1960,M,M,micah19@adventure-works.com,"$110,000 ",3,Partial College,Professional,N
11307,MR.,HUNTER,RODRIGUEZ,11/4/1954,M,M,hunter53@adventure-works.com,"$80,000 ",2,Partial High School,Skilled Manual,Y
11308,MR.,IAN,GONZALES,3/5/1954,M,M,ian57@adventure-works.com,"$60,000 ",2,High School,Professional,N
11309,MRS.,VICTORIA,LEWIS,6/12/1954,S,F,victoria20@adventure-works.com,"$60,000 ",2,High School,Professional,Y
11310,MRS.,ERIN,SANDERS,7/9/1953,S,F,erin7@adventure-works.com,"$70,000 ",3,Graduate Degree,Management,Y
11311,MRS.,GABRIELLE,LOPEZ,8/24/1953,S,F,gabrielle63@adventure-works.com,"$70,000 ",3,Graduate Degree,Management,N
11312,MRS.,SARA,RICHARDSON,4/3/1953,S,F,sara10@adventure-works.com,"$70,000 ",3,Graduate Degree,Management,Y
11313,MR.,TREVOR,JENKINS,2/27/1953,S,M,trevor6@adventure-works.com,"$70,000 ",3,Graduate Degree,Management,Y
11315,MRS.,HAILEY,WARD,10/1/1953,S,F,hailey12@adventure-works.com,"$70,000 ",3,Graduate Degree,Management,N
11316,MR.,LUKE,ALLEN,11/17/1953,M,M,luke52@adventure-works.com,"$60,000 ",3,Graduate Degree,Management,Y
11317,MRS.,VICTORIA,RUSSELL,9/17/1952,S,F,victoria66@adventure-works.com,"$40,000 ",3,Partial College,Professional,N
11318,MRS.,JESSICA,WILSON,10/26/1952,S,F,jessica54@adventure-works.com,"$40,000 ",3,Partial College,Professional,N
11319,MRS.,JADE,BAILEY,4/27/1937,M,F,jade13@adventure-works.com,"$70,000 ",4,Graduate Degree,Management,N
11320,MRS.,MORGAN,HILL,6/26/1937,M,F,morgan19@adventure-works.com,"$80,000 ",4,Graduate Degree,Management,Y
11321,MR.,TERRANCE,RAMAN,7/8/1938,M,M,terrance9@adventure-works.com,"$90,000 ",5,Bachelors,Management,Y
11322,MRS.,SYDNEY,GARCIA,3/15/1938,M,F,sydney78@adventure-works.com,"$90,000 ",5,Bachelors,Management,Y
11323,MR.,JOSE,PATTERSON,6/20/1938,S,M,jose33@adventure-works.com,"$120,000 ",2,Graduate Degree,Management,Y
11324,MR.,ZACHARY,ANDERSON,5/14/1939,M,M,zachary39@adventure-works.com,"$90,000 ",5,Bachelors,Management,Y
11325,MR.,ELIJAH,ROSS,7/2/1939,S,M,elijah7@adventure-works.com,"$90,000 ",5,Bachelors,Management,Y
11326,MR.,RAFAEL,XIE,6/26/1939,M,M,rafael26@adventure-works.com,"$130,000 ",2,Bachelors,Management,Y
11327,MR.,JAIME,MORENO,3/4/1940,M,M,jaime48@adventure-works.com,"$90,000 ",5,Bachelors,Management,Y
11328,MR.,JULIAN,GRIFFIN,1/1/1940,M,M,julian20@adventure-works.com,"$90,000 ",5,Bachelors,Management,Y
11329,MR.,ANDY,ALVAREZ,7/25/1940,S,M,andy9@adventure-works.com,"$90,000 ",5,Bachelors,Management,Y
11330,MR.,RYAN,THOMPSON,5/13/1940,M,M,ryan38@adventure-works.com,"$110,000 ",2,Graduate Degree,Management,Y
11331,MRS.,SAMANTHA,JENKINS,7/6/1968,M,F,samantha32@adventure-works.com,"$90,000 ",4,Partial College,Skilled Manual,Y
11332,MRS.,DEANNA,RAMOS,10/4/1962,S,F,deanna44@adventure-works.com,"$10,000 ",1,Graduate Degree,Manual,Y
11333,MRS.,EMILY,MILLER,7/10/1962,M,F,emily6@adventure-works.com,"$20,000 ",1,Graduate Degree,Clerical,Y
11334,MRS.,NICOLE,BROWN,3/22/1961,M,F,nicole4@adventure-works.com,"$10,000 ",1,Bachelors,Manual,Y
11335,MRS.,CARLA,RAMAN,6/24/1961,M,F,carla14@adventure-works.com,"$10,000 ",1,Bachelors,Manual,Y
11336,MR.,SHAUN,RAJI,3/12/1962,M,M,shaun21@adventure-works.com,"$20,000 ",1,Graduate Degree,Clerical,Y
11337,MR.,JEROME,ROMERO,9/21/1961,M,M,jerome7@adventure-works.com,"$10,000 ",1,Bachelors,Manual,Y
11338,MR.,FRANK,NAVARRO,8/10/1961,M,M,frank17@adventure-works.com,"$20,000 ",1,Graduate Degree,Clerical,Y
11339,MR.,DENNIS,SHE,7/8/1961,S,M,dennis25@adventure-works.com,"$20,000 ",1,Graduate Degree,Clerical,Y
11340,MRS.,MELODY,MUNOZ,4/6/1936,M,F,melody8@adventure-works.com,"$10,000 ",1,Graduate Degree,Clerical,Y
11341,MR.,RANDY,ZENG,8/21/1936,M,M,randy24@adventure-works.com,"$20,000 ",1,Graduate Degree,Clerical,Y
11342,MR.,MARSHALL,WANG,3/11/1962,M,M,marshall0@adventure-works.com,"$30,000 ",5,Graduate Degree,Clerical,Y
11343,MR.,ARTHUR,CARLSON,9/13/1958,M,M,arthur41@adventure-works.com,"$10,000 ",1,Bachelors,Manual,Y
11344,MRS.,JESSIE,JIMENEZ,7/24/1957,M,F,jessie3@adventure-works.com,"$10,000 ",1,Partial College,Manual,Y
11345,MRS.,ROBIN,RAMOS,3/12/1957,S,F,robin13@adventure-works.com,"$10,000 ",1,Partial College,Manual,Y
11346,MRS.,DEANNA,GUTIERREZ,5/22/1955,S,F,deanna37@adventure-works.com,"$10,000 ",2,Partial College,Manual,Y
11347,MR.,ROY,NAVARRO,12/23/1955,M,M,roy30@adventure-works.com,"$10,000 ",2,Partial College,Manual,Y
11348,MR.,SHAWN,RAI,9/22/1955,M,M,shawn19@adventure-works.com,"$10,000 ",2,Partial College,Manual,Y
11349,MRS.,MINDY,LUO,9/3/1954,M,F,mindy10@adventure-works.com,"$10,000 ",2,Partial College,Manual,Y
11350,MRS.,CARA,ZHOU,1/14/1937,M,F,cara5@adventure-works.com,"$30,000 ",1,Graduate Degree,Clerical,Y
11351,MRS.,ANNE,RAMOS,4/6/1939,S,F,anne19@adventure-works.com,"$20,000 ",1,Bachelors,Clerical,Y
11352,MR.,RAYMOND,RODRIGUEZ,3/7/1940,M,M,raymond20@adventure-works.com,"$10,000 ",2,Partial College,Manual,Y
11353,MRS.,CARRIE,ORTEGA,6/11/1941,S,F,carrie19@adventure-works.com,"$30,000 ",1,Bachelors,Clerical,Y
11354,MRS.,DEANNA,SUAREZ,2/23/1942,M,F,deanna45@adventure-works.com,"$20,000 ",1,Partial College,Manual,Y
11355,MR.,ROBERTO,GUTIERREZ,12/28/1942,M,M,roberto11@adventure-works.com,"$40,000 ",1,Graduate Degree,Clerical,Y
11356,MR.,TERRENCE,CARSON,5/27/1980,S,M,terrence15@adventure-works.com,"$10,000 ",0,Partial College,Manual,N
11357,MR.,RAMON,YE,3/23/1979,S,M,ramon9@adventure-works.com,"$10,000 ",0,Partial College,Manual,N
11358,MS.,CYNTHIA,MALHOTRA,11/11/1978,S,F,cynthia9@adventure-works.com,"$10,000 ",0,Partial College,Manual,N
11359,MR.,JARROD,PRASAD,9/4/1978,S,M,jarrod9@adventure-works.com,"$10,000 ",0,Partial College,Manual,N
11360,MR.,TYRONE,SERRANO,8/2/1978,S,M,tyrone15@adventure-works.com,"$10,000 ",0,Partial College,Manual,Y
11361,MS.,CINDY,RAMOS,4/28/1977,M,F,cindy22@adventure-works.com,"$10,000 ",0,High School,Manual,Y
11362,MR.,DAMIEN,SHAN,11/11/1977,M,M,damien26@adventure-works.com,"$10,000 ",0,High School,Manual,N
11363,MR.,JULIAN,ROSS,10/20/1977,S,M,julian5@adventure-works.com,"$10,000 ",0,High School,Manual,N
11365,MRS.,BRITTNEY,SUN,6/9/1979,S,F,brittney12@adventure-works.com,"$10,000 ",1,High School,Manual,N
11366,MS.,VIRGINIA,PATEL,10/25/1979,M,F,virginia4@adventure-works.com,"$20,000 ",0,Bachelors,Clerical,Y
11367,MR.,CALVIN,NARA,2/22/1979,M,M,calvin15@adventure-works.com,"$20,000 ",0,Bachelors,Clerical,Y
11368,MR.,EDWARD,MILLER,11/25/1978,S,M,edward28@adventure-works.com,"$10,000 ",1,High School,Manual,N
11369,MS.,ASHLEE,TANG,8/4/1978,M,F,ashlee11@adventure-works.com,"$20,000 ",0,Bachelors,Clerical,N
11370,MS.,ALICIA,XU,4/1/1978,M,F,alicia3@adventure-works.com,"$20,000 ",0,Bachelors,Clerical,Y
11371,MS.,LACEY,JAI,5/27/1978,M,F,lacey1@adventure-works.com,"$20,000 ",0,Bachelors,Clerical,Y
11372,MS.,WENDY,ROMERO,5/15/1978,S,F,wendy8@adventure-works.com,"$20,000 ",0,Bachelors,Clerical,Y
11373,MRS.,CARLY,LUO,9/20/1943,M,F,carly5@adventure-works.com,"$30,000 ",1,Bachelors,Clerical,Y
11374,MR.,JIMMY,ORTEGA,6/28/1943,S,M,jimmy26@adventure-works.com,"$30,000 ",1,Bachelors,Clerical,Y
11375,MR.,FRANCISCO,MARTINEZ,5/9/1943,M,M,francisco19@adventure-works.com,"$30,000 ",1,Bachelors,Clerical,Y
11376,MR.,LANCE,VAZQUEZ,6/10/1943,S,M,lance14@adventure-works.com,"$40,000 ",1,Graduate Degree,Clerical,Y
11377,MR.,DAVID,ROBINETT,2/23/1961,M,M,david22@adventure-works.com,"$30,000 ",4,Graduate Degree,Clerical,Y
11378,MRS.,SHANNON,LIANG,5/22/1960,S,F,shannon15@adventure-works.com,"$10,000 ",1,High School,Manual,N
11379,MR.,GARY,VAZQUEZ,11/18/1959,M,M,gary25@adventure-works.com,"$10,000 ",1,High School,Manual,Y
11380,MR.,MITCHELL,KUMAR,3/2/1959,S,M,mitchell7@adventure-works.com,"$20,000 ",2,Partial College,Manual,Y
11381,MRS.,MEREDITH,RAMAN,8/22/1959,M,F,meredith11@adventure-works.com,"$20,000 ",2,Partial College,Manual,Y
11382,MR.,EDWARD,PATTERSON,1/19/1958,M,M,edward59@adventure-works.com,"$20,000 ",2,Partial College,Manual,Y
11384,MRS.,TIFFANY,WANG,10/16/1960,M,F,tiffany1@adventure-works.com,"$30,000 ",3,Bachelors,Clerical,Y
11385,MR.,MIGUEL,ALLEN,8/11/1960,S,M,miguel24@adventure-works.com,"$30,000 ",3,Bachelors,Clerical,Y
11387,MRS.,MEGAN,RAMIREZ,6/2/1959,S,F,megan44@adventure-works.com,"$40,000 ",3,Graduate Degree,Clerical,Y
11388,MR.,JOSEPH,MARTIN,7/24/1959,M,M,joseph21@adventure-works.com,"$40,000 ",3,Graduate Degree,Clerical,Y
11389,MR.,KARL,SHAN,4/24/1970,S,M,karl11@adventure-works.com,"$10,000 ",1,High School,Manual,N
11390,MRS.,CHRISTINE,RAJI,10/19/1970,S,F,christine16@adventure-works.com,"$10,000 ",1,High School,Manual,N
11391,MRS.,LINDSAY,XIE,12/27/1970,S,F,lindsay3@adventure-works.com,"$10,000 ",2,High School,Manual,Y
11392,MR.,WILLIE,ZHAO,2/7/1970,S,M,willie8@adventure-works.com,"$10,000 ",2,High School,Manual,Y
11393,MR.,KURT,PAL,1/17/1969,S,M,kurt12@adventure-works.com,"$10,000 ",2,High School,Manual,Y
11394,MR.,GEORGE,MCDONALD,10/23/1969,S,M,george13@adventure-works.com,"$10,000 ",2,High School,Manual,Y
11395,MS.,BETH,GUTIERREZ,10/18/1970,S,F,beth13@adventure-works.com,"$30,000 ",0,Bachelors,Clerical,Y
11396,MR.,IAN,LOPEZ,10/5/1969,M,M,ian27@adventure-works.com,"$10,000 ",2,High School,Manual,N
11397,MS.,LATOYA,SHAN,6/4/1969,S,F,latoya9@adventure-works.com,"$20,000 ",0,Partial College,Manual,N
11398,MR.,COLIN,NATH,9/9/1969,S,M,colin41@adventure-works.com,"$30,000 ",0,Bachelors,Clerical,Y
11399,MRS.,BRENDA,MEHTA,8/4/1969,S,F,brenda17@adventure-works.com,"$30,000 ",1,Bachelors,Clerical,Y
11400,MR.,FRANKLIN,RAJI,4/19/1969,S,M,franklin38@adventure-works.com,"$40,000 ",0,Graduate Degree,Clerical,Y
11401,MS.,LINDA,NAVARRO,8/26/1969,M,F,linda25@adventure-works.com,"$40,000 ",0,Graduate Degree,Clerical,Y
11402,MS.,KELLI,CAI,11/20/1969,M,F,kelli21@adventure-works.com,"$40,000 ",0,Graduate Degree,Clerical,Y
11403,MS.,NANCY,SCHMIDT,1/9/1969,S,F,nancy13@adventure-works.com,"$40,000 ",0,Graduate Degree,Clerical,Y
11404,MRS.,MEGAN,TAYLOR,1/1/1952,S,F,megan12@adventure-works.com,"$10,000 ",3,Partial College,Manual,N
11405,MRS.,BONNIE,GOEL,2/17/1952,S,F,bonnie25@adventure-works.com,"$10,000 ",3,Partial College,Manual,N
11406,MRS.,LATOYA,XU,7/3/1952,M,F,latoya4@adventure-works.com,"$20,000 ",2,Partial College,Manual,Y
11407,MR.,MARIO,SHE,4/2/1952,M,M,mario0@adventure-works.com,"$20,000 ",2,Partial College,Manual,Y
11408,MR.,DARREN,GILL,5/14/1953,M,M,darren36@adventure-works.com,"$10,000 ",2,High School,Manual,N
11409,MRS.,JACQUELINE,HAYES,3/5/1968,S,F,jacqueline23@adventure-works.com,"$10,000 ",2,High School,Manual,Y
11410,MR.,MAURICE,GOEL,8/25/1968,M,M,maurice20@adventure-works.com,"$20,000 ",1,Partial College,Manual,Y
11411,MR.,DEVIN,ROSS,2/12/1954,M,M,devin69@adventure-works.com,"$80,000 ",3,Partial College,Professional,N
11412,MRS.,SYDNEY,BRYANT,4/9/1954,S,F,sydney40@adventure-works.com,"$80,000 ",4,Partial College,Professional,Y
11413,MRS.,MEGAN,STEWART,4/15/1954,M,F,megan27@adventure-works.com,"$80,000 ",4,Partial College,Professional,N
11414,MR.,IAN,RICHARDSON,3/18/1954,S,M,ian76@adventure-works.com,"$80,000 ",4,Partial College,Professional,Y
11415,MR.,RANDY,SHE,6/5/1944,S,M,randy25@adventure-works.com,"$90,000 ",5,Partial College,Professional,N
11416,MRS.,KATRINA,BECKER,3/19/1945,M,F,katrina19@adventure-works.com,"$60,000 ",3,Partial High School,Skilled Manual,Y
11417,MRS.,LACEY,ZHENG,2/26/1945,M,F,lacey32@adventure-works.com,"$70,000 ",5,High School,Professional,Y
11418,MR.,RAFAEL,HU,2/9/1945,S,M,rafael20@adventure-works.com,"$90,000 ",5,Partial College,Professional,N
11419,MR.,KYLE,SCOTT,2/18/1945,M,M,kyle43@adventure-works.com,"$150,000 ",3,Graduate Degree,Management,Y
11420,MR.,JORDAN,TURNER,7/12/1946,M,M,jordan59@adventure-works.com,"$100,000 ",2,Bachelors,Management,Y
11421,MRS.,AMY,SUN,7/19/1946,M,F,amy19@adventure-works.com,"$110,000 ",3,Bachelors,Management,Y
11422,MR.,DUSTIN,DENG,9/1/1946,M,M,dustin1@adventure-works.com,"$170,000 ",4,Bachelors,Management,Y
11423,MRS.,JASMINE,STEWART,11/5/1954,M,F,jasmine22@adventure-works.com,"$80,000 ",4,Partial College,Professional,N
11424,MRS.,PAMELA,GARCIA,12/7/1953,M,F,pamela18@adventure-works.com,"$80,000 ",4,Partial College,Professional,Y
11425,MRS.,ARIANA,GRAY,8/6/1954,M,F,ariana5@adventure-works.com,"$90,000 ",4,High School,Professional,Y
11426,MR.,KRISTOPHER,MEHTA,10/2/1953,M,M,kristopher12@adventure-works.com,"$110,000 ",3,Bachelors,Management,Y
11427,MRS.,DESIREE,DOMINGUEZ,12/18/1953,M,F,desiree9@adventure-works.com,"$110,000 ",2,Partial College,Professional,Y
11428,MRS.,DEANNA,PEREZ,8/22/1953,S,F,deanna24@adventure-works.com,"$120,000 ",2,Bachelors,Management,Y
11429,MR.,MARCO,LOPEZ,7/16/1952,M,M,marco17@adventure-works.com,"$80,000 ",4,Partial College,Professional,Y
11430,MRS.,CASEY,YUAN,3/24/1952,M,F,casey7@adventure-works.com,"$90,000 ",4,High School,Professional,Y
11431,MR.,BRYANT,GARCIA,10/27/1952,M,M,bryant14@adventure-works.com,"$110,000 ",4,Partial College,Professional,Y
11432,MRS.,DOMINIQUE,PRASAD,9/11/1951,M,F,dominique7@adventure-works.com,"$80,000 ",4,High School,Professional,Y
11433,MR.,MAURICE,SHAN,9/2/1951,M,M,maurice11@adventure-works.com,"$80,000 ",5,High School,Professional,N
11434,MR.,ANDRE,LOPEZ,5/6/1951,M,M,andre16@adventure-works.com,"$170,000 ",5,Partial College,Professional,Y
11435,MRS.,ROBIN,ROMERO,3/6/1950,S,F,robin5@adventure-works.com,"$100,000 ",3,Partial College,Management,Y
11436,MRS.,TAYLOR,COX,9/18/1950,M,F,taylor13@adventure-works.com,"$160,000 ",3,Partial College,Management,N
11437,MR.,ALFREDO,MORENO,12/17/1949,M,M,alfredo7@adventure-works.com,"$90,000 ",4,High School,Management,Y
11438,MRS.,JENNY,NARA,10/14/1949,M,F,jenny39@adventure-works.com,"$130,000 ",4,High School,Management,Y
11439,MRS.,JANET,MUNOZ,5/17/1948,M,F,janet12@adventure-works.com,"$90,000 ",4,High School,Management,N
11440,MR.,SERGIO,WEBER,9/27/1947,M,M,sergio4@adventure-works.com,"$80,000 ",5,Partial High School,Skilled Manual,N
11441,MRS.,ERIKA,GOMEZ,6/12/1947,M,F,erika0@adventure-works.com,"$90,000 ",5,Partial High School,Skilled Manual,N
11442,MR.,JOSEPH,HARRIS,11/14/1947,M,M,joseph20@adventure-works.com,"$90,000 ",5,Partial High School,Skilled Manual,Y
11443,MS.,GRACE,GRIFFIN,5/22/1976,S,F,grace67@adventure-works.com,"$60,000 ",0,Bachelors,Professional,N
11444,MS.,TINA,MEHTA,4/28/1976,M,F,tina15@adventure-works.com,"$70,000 ",0,Bachelors,Professional,Y
11445,MS.,KARI,KIM,7/21/1974,S,F,kari3@adventure-works.com,"$70,000 ",0,Bachelors,Professional,N
11446,MS.,BETHANY,CHANDER,8/12/1974,S,F,bethany19@adventure-works.com,"$70,000 ",0,Bachelors,Professional,N
11447,MS.,JENNIFER,ROBERTS,8/16/1974,M,F,jennifer15@adventure-works.com,"$70,000 ",0,Bachelors,Professional,Y
11448,MR.,KYLE,PATTERSON,4/28/1975,S,M,kyle5@adventure-works.com,"$80,000 ",0,Bachelors,Professional,Y
11449,MR.,ALVIN,HU,2/2/1975,M,M,alvin19@adventure-works.com,"$80,000 ",0,Bachelors,Professional,Y
11450,MR.,BRETT,MEHTA,11/12/1975,S,M,brett13@adventure-works.com,"$130,000 ",4,High School,Management,Y
11451,MR.,RUBEN,MUÑOZ,11/9/1974,S,M,ruben30@adventure-works.com,"$70,000 ",0,Bachelors,Professional,N
11452,MS.,ERIKA,RUBIO,11/5/1973,S,F,erika18@adventure-works.com,"$80,000 ",0,Bachelors,Professional,N
11453,MR.,STANLEY,MALHOTRA,8/21/1973,S,M,stanley5@adventure-works.com,"$80,000 ",0,Bachelors,Professional,N
11454,MS.,MELINDA,NAVARRO,4/22/1974,S,F,melinda5@adventure-works.com,"$80,000 ",0,Bachelors,Professional,N
11455,MR.,ROSS,SANZ,4/21/1974,M,M,ross38@adventure-works.com,"$100,000 ",0,High School,Management,Y
11456,MR.,JON,GAO,7/8/1974,M,M,jon35@adventure-works.com,"$120,000 ",5,Partial High School,Professional,Y
11457,MS.,JAIME,GUTIERREZ,5/21/1973,M,F,jaime12@adventure-works.com,"$90,000 ",0,Bachelors,Professional,Y
11458,MS.,BIANCA,LIU,4/5/1973,M,F,bianca3@adventure-works.com,"$100,000 ",0,High School,Management,Y
11459,MS.,TASHA,DENG,10/13/1972,S,F,tasha1@adventure-works.com,"$80,000 ",0,Bachelors,Professional,N
11460,MR.,MELVIN,CHANDE,10/7/1972,S,M,melvin13@adventure-works.com,"$90,000 ",0,Bachelors,Professional,N
11461,MR.,VICTOR,JIMENEZ,3/25/1972,S,M,victor7@adventure-works.com,"$90,000 ",0,Bachelors,Professional,N
11462,MS.,LAURA,LIN,1/19/1972,M,F,laura14@adventure-works.com,"$110,000 ",0,High School,Management,Y
11463,MS.,ALISHA,BECK,3/12/1972,M,F,alisha45@adventure-works.com,"$110,000 ",0,High School,Management,N
11464,MR.,ALEJANDRO,HUANG,11/16/1971,M,M,alejandro8@adventure-works.com,"$90,000 ",0,Bachelors,Professional,Y
11465,MR.,LOUIS,LUO,2/19/1971,M,M,louis23@adventure-works.com,"$90,000 ",0,Bachelors,Professional,N
11466,MR.,GRANT,TANG,8/3/1971,M,M,grant6@adventure-works.com,"$150,000 ",0,Partial High School,Management,Y
11467,MR.,ARTURO,ZHENG,10/7/1969,M,M,arturo21@adventure-works.com,"$170,000 ",1,Graduate Degree,Management,Y
11468,MRS.,JACLYN,ANDERSEN,6/18/1975,M,F,jaclyn37@adventure-works.com,"$40,000 ",1,Bachelors,Skilled Manual,Y
11469,MR.,EDWIN,RAJI,4/16/1973,S,M,edwin44@adventure-works.com,"$10,000 ",0,Partial High School,Manual,N
11470,MR.,JAY,SUAREZ,9/25/1973,S,M,jay49@adventure-works.com,"$20,000 ",0,Partial High School,Manual,N
11471,MS.,LATASHA,SUAREZ,9/25/1973,S,F,latasha19@adventure-works.com,"$30,000 ",0,Partial College,Clerical,Y
11472,MR.,KENNETH,KUMAR,4/3/1963,S,M,kenneth7@adventure-works.com,"$60,000 ",3,Bachelors,Professional,Y
11473,MS.,GRACE,HENDERSON,8/2/1980,S,F,grace52@adventure-works.com,"$20,000 ",0,Partial High School,Manual,N
11474,MR.,MELVIN,XU,2/22/1980,S,M,melvin5@adventure-works.com,"$20,000 ",0,Partial High School,Manual,Y
11475,,CESAR,SUBRAM,10/9/1978,S,NA,cesar12@adventure-works.com,"$30,000 ",0,High School,Manual,N
11476,MRS.,ERIKA,NAVARRO,11/17/1974,M,F,erika7@adventure-works.com,"$40,000 ",1,Bachelors,Skilled Manual,Y
11477,MR.,TRISTAN,HUGHES,6/25/1973,S,M,tristan12@adventure-works.com,"$30,000 ",0,High School,Manual,N
11478,MR.,BILLY,HERNANDEZ,2/25/1973,S,M,billy5@adventure-works.com,"$30,000 ",0,High School,Manual,N
11479,MR.,DARRYL,WU,4/22/1973,M,M,darryl6@adventure-works.com,"$40,000 ",1,Bachelors,Skilled Manual,Y
11480,MRS.,COLLEEN,MA,3/11/1973,M,F,colleen16@adventure-works.com,"$40,000 ",1,Bachelors,Skilled Manual,Y
11481,MRS.,ERICA,HU,5/23/1973,M,F,erica19@adventure-works.com,"$40,000 ",1,Bachelors,Skilled Manual,Y
11482,MS.,ADRIENNE,TORRES,7/19/1972,S,F,adrienne8@adventure-works.com,"$30,000 ",0,High School,Manual,N
11483,MR.,CALVIN,CHANDE,5/22/1972,M,M,calvin13@adventure-works.com,"$40,000 ",1,Bachelors,Skilled Manual,Y
11484,MR.,ERICK,SAI,3/6/1972,S,M,erick5@adventure-works.com,"$40,000 ",2,Partial College,Clerical,Y
11485,MR.,DONALD,CHANDRA,8/7/1972,M,M,donald4@adventure-works.com,"$40,000 ",2,Partial College,Clerical,N
11486,MS.,ARIANA,ROGERS,5/25/1971,S,F,ariana17@adventure-works.com,"$10,000 ",0,Partial High School,Manual,Y
11487,MS.,MORGAN,JONES,7/9/1971,S,F,morgan26@adventure-works.com,"$10,000 ",0,Partial High School,Manual,N
11488,MR.,JERMAINE,LOPEZ,9/21/1971,S,M,jermaine15@adventure-works.com,"$20,000 ",0,Partial High School,Manual,Y
11489,MS.,DEBORAH,GOEL,3/7/1971,S,F,deborah21@adventure-works.com,"$20,000 ",0,Partial High School,Manual,N
11490,MR.,DANNY,RUBIO,1/6/1971,S,M,danny22@adventure-works.com,"$20,000 ",0,Partial High School,Manual,N
11491,MR.,ANDRE,PEREZ,4/6/1971,M,M,andre20@adventure-works.com,"$20,000 ",0,Partial High School,Manual,N
11492,MR.,TERRENCE,CHANDER,11/19/1971,S,M,terrence16@adventure-works.com,"$30,000 ",0,High School,Manual,N
11493,MRS.,DAWN,WU,12/2/1970,S,F,dawn8@adventure-works.com,"$40,000 ",2,Partial College,Clerical,Y
11495,MR.,FRANCIS,JIMENEZ,9/4/1971,S,M,francis3@adventure-works.com,"$40,000 ",2,Partial College,Clerical,Y
11496,MR.,GARY,ORTEGA,10/17/1970,S,M,gary31@adventure-works.com,"$40,000 ",2,Partial College,Clerical,Y
11497,MRS.,KATRINA,NATH,11/26/1970,S,F,katrina17@adventure-works.com,"$40,000 ",2,Partial College,Clerical,Y
11499,MR.,PEDRO,VANCE,11/14/1974,S,M,pedro4@adventure-works.com,"$40,000 ",3,Partial College,Clerical,Y
11500,MS.,SARAH,SIMMONS,9/18/1974,S,F,sarah40@adventure-works.com,"$40,000 ",0,Graduate Degree,Skilled Manual,Y
11501,MRS.,BRANDY,CHANDRA,7/7/1975,S,F,brandy20@adventure-works.com,"$40,000 ",3,Partial College,Clerical,Y
11502,MR.,JARED,PETERSON,3/7/1975,S,M,jared8@adventure-works.com,"$40,000 ",4,Partial College,Clerical,Y
11503,MR.,DENNIS,WU,10/13/1930,M,M,dennis8@adventure-works.com,"$50,000 ",1,Graduate Degree,Skilled Manual,Y
11504,MRS.,JORDAN,BAKER,4/20/1931,M,F,jordan45@adventure-works.com,"$40,000 ",1,Bachelors,Skilled Manual,Y
11505,MS.,JASMINE,POWELL,7/7/1966,S,F,jasmine48@adventure-works.com,"$60,000 ",0,Graduate Degree,Skilled Manual,Y
11506,MR.,NICHOLAS,BROWN,5/17/1966,S,M,nicholas6@adventure-works.com,"$60,000 ",0,Graduate Degree,Skilled Manual,N
11507,MS.,ISABELLA,RUSSELL,11/20/1966,S,F,isabella30@adventure-works.com,"$60,000 ",0,Graduate Degree,Skilled Manual,Y
11508,MS.,ELIZABETH,WILSON,7/7/1966,S,F,elizabeth11@adventure-works.com,"$60,000 ",0,Graduate Degree,Skilled Manual,Y
11509,MRS.,ROGER,HARUI,7/26/1953,M,F,roger4@adventure-works.com,"$30,000 ",1,Bachelors,Skilled Manual,Y
11510,MR.,SETH,ROBERTS,7/13/1953,M,M,seth40@adventure-works.com,"$30,000 ",1,Bachelors,Skilled Manual,Y
11511,MR.,CALEB,PERRY,6/14/1953,M,M,caleb4@adventure-works.com,"$30,000 ",1,Bachelors,Skilled Manual,Y
11512,MRS.,NATALIE,CAMPBELL,8/13/1954,S,F,natalie50@adventure-works.com,"$20,000 ",3,Partial High School,Manual,Y
11513,MRS.,ALYSSA,HOWARD,9/27/1954,S,F,alyssa38@adventure-works.com,"$20,000 ",3,Partial High School,Manual,N
11514,MR.,DALTON,DIAZ,4/20/1954,M,M,dalton67@adventure-works.com,"$30,000 ",1,High School,Clerical,Y
11515,MRS.,SHANNON,HUANG,2/25/1954,M,F,shannon6@adventure-works.com,"$30,000 ",1,High School,Clerical,Y
11516,MRS.,MYA,GONZALES,10/21/1954,M,F,mya17@adventure-works.com,"$30,000 ",1,High School,Clerical,Y
11517,MRS.,KATHERINE,BRYANT,6/20/1954,M,F,katherine44@adventure-works.com,"$40,000 ",1,Partial College,Clerical,Y
11518,MR.,EDWARD,WASHINGTON,5/10/1955,M,M,edward62@adventure-works.com,"$40,000 ",1,Partial College,Clerical,Y
11520,MRS.,JADA,MORGAN,4/11/1955,M,F,jada14@adventure-works.com,"$40,000 ",1,Partial College,Clerical,Y
11521,MRS.,ARIANA,PETERSON,12/9/1955,M,F,ariana4@adventure-works.com,"$40,000 ",1,Partial College,Clerical,Y
11522,MR.,CHRISTIAN,HUGHES,12/23/1955,M,M,christian26@adventure-works.com,"$80,000 ",5,Graduate Degree,Skilled Manual,Y
11523,MR.,LUCAS,TAYLOR,8/10/1956,M,M,lucas22@adventure-works.com,"$40,000 ",1,Partial College,Clerical,Y
11524,MRS.,ALYSSA,JACKSON,1/23/1956,M,F,alyssa11@adventure-works.com,"$40,000 ",1,Partial College,Clerical,Y
11525,MRS.,ARIANA,COOK,1/9/1956,M,F,ariana19@adventure-works.com,"$40,000 ",1,Partial College,Clerical,Y
11526,,KATHERINE,DIAZ,8/6/1956,M,NA,katherine48@adventure-works.com,"$40,000 ",1,Partial College,Clerical,Y
11527,MRS.,JENNA,GREEN,6/4/1956,M,F,jenna14@adventure-works.com,"$40,000 ",1,Partial College,Clerical,Y
11528,MRS.,JOAN,WASHINGTON,8/19/1957,M,F,joan7@adventure-works.com,"$40,000 ",1,Partial College,Clerical,Y
11529,MR.,AUSTIN,BRYANT,11/16/1957,M,M,austin14@adventure-works.com,"$40,000 ",1,Partial College,Clerical,Y
11530,MR.,ANDREW,MARTINEZ,7/26/1957,M,M,andrew24@adventure-works.com,"$40,000 ",1,Partial College,Clerical,Y
11531,MRS.,NINA,YUAN,1/7/1957,M,F,nina7@adventure-works.com,"$40,000 ",1,Partial College,Clerical,Y
11532,MRS.,LAUREN,MILLER,2/26/1957,M,F,lauren24@adventure-works.com,"$40,000 ",1,Partial College,Clerical,Y
11533,MRS.,EBONY,GILL,7/21/1957,M,F,ebony35@adventure-works.com,"$40,000 ",1,Partial College,Clerical,Y
11534,MR.,CAMERON,LEWIS,11/13/1958,S,M,cameron39@adventure-works.com,"$60,000 ",4,Graduate Degree,Skilled Manual,Y
11535,MR.,DEVIN,NELSON,7/3/1958,M,M,devin32@adventure-works.com,"$60,000 ",4,Graduate Degree,Skilled Manual,Y
11536,MR.,LOGAN,CHOW,4/17/1958,M,M,logan25@adventure-works.com,"$60,000 ",4,Graduate Degree,Skilled Manual,Y
11537,MR.,DAKOTA,ROSS,3/24/1958,M,M,dakota3@adventure-works.com,"$60,000 ",4,Graduate Degree,Skilled Manual,Y
11538,MRS.,NICOLE,TAYLOR,8/28/1959,S,F,nicole9@adventure-works.com,"$60,000 ",4,Graduate Degree,Skilled Manual,N
11539,MR.,JUSTIN,WASHINGTON,8/22/1959,M,M,justin10@adventure-works.com,"$60,000 ",4,Graduate Degree,Skilled Manual,Y
11540,MR.,ALBERTO,NAVARRO,1/28/1959,S,M,alberto11@adventure-works.com,"$60,000 ",4,Graduate Degree,Skilled Manual,Y
11541,MR.,AIDAN,ROSS,4/12/1959,S,M,aidan4@adventure-works.com,"$60,000 ",4,Graduate Degree,Skilled Manual,N
11542,MR.,ALEJANDRO,TANG,9/10/1968,S,M,alejandro30@adventure-works.com,"$20,000 ",1,Partial College,Manual,N
11543,MRS.,SHEENA,CHANDE,2/17/1968,M,F,sheena13@adventure-works.com,"$20,000 ",1,Partial College,Manual,Y
11544,MR.,JOEL,GARCIA,5/7/1968,M,M,joel14@adventure-works.com,"$30,000 ",1,Bachelors,Clerical,Y
11545,MR.,REGINALD,DOMINGUEZ,3/25/1968,M,M,reginald20@adventure-works.com,"$30,000 ",1,Bachelors,Clerical,Y
11546,MRS.,CHRISTINE,CHANDE,3/14/1968,M,F,christine10@adventure-works.com,"$30,000 ",1,Bachelors,Clerical,Y
11547,MS.,CINDY,SAI,3/8/1968,M,F,cindy6@adventure-works.com,"$40,000 ",0,Graduate Degree,Clerical,Y
11549,MS.,CRYSTAL,LIANG,9/6/1968,M,F,crystal17@adventure-works.com,"$40,000 ",0,Bachelors,Clerical,Y
11550,MS.,DEB,TORRES,8/8/1968,S,F,deb4@adventure-works.com,"$40,000 ",0,Bachelors,Clerical,Y
11551,MR.,SHANNON,ALVAREZ,5/25/1967,S,M,shannon26@adventure-works.com,"$10,000 ",3,High School,Manual,Y
11552,MR.,EDDIE,RUBIO,5/27/1967,S,M,eddie21@adventure-works.com,"$20,000 ",1,Partial College,Manual,N
11553,MRS.,SHARON,LUO,9/9/1967,M,F,sharon12@adventure-works.com,"$20,000 ",1,Partial College,Manual,Y
11554,MRS.,SYDNEY,SIMMONS,9/28/1926,S,F,sydney37@adventure-works.com,"$10,000 ",4,High School,Manual,Y
11555,MRS.,ALEXANDRIA,HENDERSON,7/8/1926,M,F,alexandria5@adventure-works.com,"$40,000 ",1,Bachelors,Clerical,Y
11556,MR.,LUCAS,EVANS,5/14/1967,M,M,lucas10@adventure-works.com,"$20,000 ",1,Partial College,Manual,Y
11557,MRS.,FELICIA,RAMOS,1/15/1967,S,F,felicia16@adventure-works.com,"$30,000 ",1,Bachelors,Clerical,N
11558,MR.,IVAN,MALHOTRA,8/22/1967,S,M,ivan3@adventure-works.com,"$30,000 ",1,Bachelors,Clerical,N
11559,MR.,FREDERICK,SUBRAM,12/16/1967,S,M,frederick12@adventure-works.com,"$30,000 ",1,Bachelors,Clerical,N
11560,MRS.,WHITNEY,SRINI,8/13/1967,S,F,whitney7@adventure-works.com,"$30,000 ",1,Bachelors,Clerical,N
11561,MRS.,BRIANA,DOMINGUEZ,7/24/1966,S,F,briana12@adventure-works.com,"$10,000 ",5,Partial High School,Manual,Y
11562,MR.,JARROD,GONZALEZ,4/19/1966,M,M,jarrod17@adventure-works.com,"$20,000 ",1,High School,Manual,Y
11563,MR.,CESAR,SRINI,2/1/1966,S,M,cesar7@adventure-works.com,"$20,000 ",1,High School,Manual,N
11564,MR.,JORGE,LIANG,7/12/1966,S,M,jorge19@adventure-works.com,"$20,000 ",1,High School,Manual,N
11565,MR.,ERIK,DIAZ,7/2/1966,S,M,erik4@adventure-works.com,"$20,000 ",2,High School,Manual,Y
11566,MS.,APRIL,SHAN,9/2/1967,M,F,april8@adventure-works.com,"$40,000 ",0,Bachelors,Clerical,Y
11567,MS.,CARLA,PEREZ,9/23/1967,M,F,carla24@adventure-works.com,"$40,000 ",0,Bachelors,Clerical,Y
11568,MRS.,ALEXIA,FOSTER,10/23/1966,S,F,alexia13@adventure-works.com,"$20,000 ",2,High School,Manual,Y
11569,MR.,TROY,MALHOTRA,5/10/1966,M,M,troy5@adventure-works.com,"$30,000 ",1,Bachelors,Clerical,Y
11570,MRS.,KRISTIN,ANDERSEN,1/22/1966,M,F,kristin14@adventure-works.com,"$30,000 ",1,Bachelors,Skilled Manual,Y
11571,MR.,JOEL,SAI,5/18/1966,M,M,joel5@adventure-works.com,"$30,000 ",1,Bachelors,Skilled Manual,Y
11572,MR.,BILLY,MORENO,3/15/1966,M,M,billy8@adventure-works.com,"$30,000 ",1,Bachelors,Skilled Manual,Y
11573,MRS.,MEAGAN,SUBRAM,11/15/1965,S,F,meagan13@adventure-works.com,"$20,000 ",2,High School,Manual,Y
11574,MRS.,KARLA,LUO,7/17/1965,S,F,karla6@adventure-works.com,"$20,000 ",2,High School,Manual,Y
11575,MR.,JACKSON,CAMPBELL,4/21/1965,S,M,jackson37@adventure-works.com,"$20,000 ",2,High School,Manual,Y
11576,MR.,MICAH,ZHU,2/10/1965,M,M,micah1@adventure-works.com,"$30,000 ",1,Bachelors,Skilled Manual,Y
11577,MRS.,JANET,SERRANO,10/22/1965,M,F,janet22@adventure-works.com,"$30,000 ",1,Bachelors,Skilled Manual,Y
11578,MRS.,TRISHA,HUANG,11/8/1964,S,F,trisha0@adventure-works.com,"$10,000 ",3,Partial High School,Manual,Y
11579,MR.,CLAYTON,BECK,8/20/1964,S,M,clayton38@adventure-works.com,"$20,000 ",3,High School,Manual,Y
11580,MR.,MELVIN,RAJE,9/12/1933,M,M,melvin12@adventure-works.com,"$30,000 ",1,Bachelors,Skilled Manual,Y
11581,MS.,CINDY,JORDAN,9/4/1966,M,F,cindy2@adventure-works.com,"$40,000 ",0,Bachelors,Professional,Y
11582,MRS.,CLAUDIA,MA,4/13/1963,S,F,claudia14@adventure-works.com,"$30,000 ",2,Partial College,Clerical,Y
11583,MRS.,KARLA,XU,9/26/1965,S,F,karla5@adventure-works.com,"$30,000 ",2,Partial College,Clerical,Y
11584,MR.,DEVIN,CARTER,11/22/1965,M,M,devin33@adventure-works.com,"$40,000 ",1,Bachelors,Skilled Manual,Y
11585,MRS.,KARI,PEREZ,3/8/1965,M,F,kari21@adventure-works.com,"$40,000 ",1,Bachelors,Skilled Manual,Y
11586,MR.,ALBERTO,ROMERO,12/15/1965,M,M,alberto10@adventure-works.com,"$40,000 ",1,Bachelors,Skilled Manual,Y
11587,MR.,KEVIN,BRYANT,10/21/1964,S,M,kevin20@adventure-works.com,"$30,000 ",2,Partial College,Clerical,Y
11588,MRS.,CANDACE,MEHTA,7/14/1964,M,F,candace14@adventure-works.com,"$30,000 ",2,Partial College,Clerical,N
11589,MRS.,EBONY,MALHOTRA,5/4/1964,M,F,ebony4@adventure-works.com,"$40,000 ",1,Bachelors,Skilled Manual,Y
11590,MRS.,ERIKA,DIAZ,10/18/1963,S,F,erika2@adventure-works.com,"$30,000 ",2,Partial College,Clerical,Y
11591,MRS.,STACEY,LU,5/16/1963,S,F,stacey12@adventure-works.com,"$30,000 ",3,Partial College,Clerical,Y
11592,MR.,DARRELL,RAJI,9/4/1978,S,M,darrell9@adventure-works.com,"$20,000 ",0,High School,Manual,N
11593,MR.,ARMANDO,MORENO,3/25/1977,S,M,armando6@adventure-works.com,"$20,000 ",0,High School,Manual,Y
11594,MR.,COREY,GOEL,11/4/1979,S,M,corey16@adventure-works.com,"$20,000 ",4,High School,Manual,Y
11595,MR.,SEBASTIAN,HOWARD,7/2/1979,S,M,sebastian12@adventure-works.com,"$20,000 ",5,High School,Manual,Y
11596,MR.,ROGER,RAJE,9/3/1963,M,M,roger41@adventure-works.com,"$40,000 ",1,Bachelors,Skilled Manual,Y
11597,MRS.,JANELLE,CHANDRA,2/6/1978,S,F,janelle2@adventure-works.com,"$30,000 ",3,Partial College,Clerical,Y
11598,MRS.,MEREDITH,RUIZ,7/2/1978,S,F,meredith24@adventure-works.com,"$30,000 ",3,Partial College,Clerical,Y
11599,MS.,MELODY,DIAZ,9/16/1977,S,F,melody3@adventure-works.com,"$20,000 ",0,High School,Manual,N
11600,MS.,LINDA,RUBIO,4/7/1977,S,F,linda36@adventure-works.com,"$30,000 ",0,Partial College,Clerical,N
11601,MR.,IVAN,RAMAN,8/21/1977,S,M,ivan8@adventure-works.com,"$30,000 ",0,Partial College,Clerical,Y
11602,MR.,LARRY,GILL,4/13/1977,S,M,larry16@adventure-works.com,"$30,000 ",0,Partial College,Clerical,N
11603,MR.,GEOFFREY,GONZALEZ,2/6/1977,S,M,geoffrey16@adventure-works.com,"$30,000 ",0,Partial College,Clerical,N
11604,MR.,EDGAR,SANCHEZ,6/3/1977,S,M,edgar21@adventure-works.com,"$30,000 ",0,Partial College,Clerical,Y
11605,MS.,HEIDI,SUBRAM,11/20/1976,S,F,heidi15@adventure-works.com,"$20,000 ",0,High School,Manual,N
11606,MS.,MELODY,RAMOS,2/3/1975,S,F,melody17@adventure-works.com,"$10,000 ",0,Partial High School,Manual,N
11607,MR.,CLINTON,MORENO,5/9/1975,S,M,clinton3@adventure-works.com,"$20,000 ",0,High School,Manual,Y
11608,MR.,CESAR,MADAN,3/4/1976,S,M,cesar6@adventure-works.com,"$20,000 ",0,High School,Manual,N
11609,MR.,EUGENE,YE,6/26/1976,S,M,eugene13@adventure-works.com,"$30,000 ",0,Partial College,Clerical,N
11610,MR.,BLAKE,COLLINS,4/23/1975,S,M,blake47@adventure-works.com,"$30,000 ",0,Partial College,Clerical,N
11611,MR.,ERNEST,LIN,2/27/1974,M,M,ernest7@adventure-works.com,"$20,000 ",0,Partial High School,Manual,N
11612,MR.,KEITH,ANDERSEN,10/11/1974,S,M,keith16@adventure-works.com,"$20,000 ",0,Partial High School,Manual,N
11613,MS.,MEREDITH,PRASAD,11/3/1975,S,F,meredith8@adventure-works.com,"$30,000 ",0,Partial College,Clerical,N
11614,MS.,KATRINA,SHARMA,8/17/1975,S,F,katrina8@adventure-works.com,"$30,000 ",0,Partial College,Clerical,N
11615,MR.,DWAYNE,NAVARRO,11/21/1975,M,M,dwayne9@adventure-works.com,"$40,000 ",1,Bachelors,Skilled Manual,Y
11616,MRS.,CASEY,NATH,3/9/1975,M,F,casey20@adventure-works.com,"$40,000 ",1,Bachelors,Skilled Manual,Y
11617,MR.,SEAN,BROOKS,4/4/1959,S,M,sean8@adventure-works.com,"$60,000 ",4,Graduate Degree,Skilled Manual,N
11618,MR.,BRIAN,RAMIREZ,4/24/1959,M,M,brian19@adventure-works.com,"$60,000 ",4,Graduate Degree,Skilled Manual,Y
11619,MS.,SIERRA,YOUNG,5/1/1973,S,F,sierra15@adventure-works.com,"$50,000 ",0,Graduate Degree,Skilled Manual,Y
11620,MS.,MEGAN,RODRIGUEZ,4/20/1973,S,F,megan23@adventure-works.com,"$50,000 ",0,Graduate Degree,Skilled Manual,Y
11621,MS.,LEAH,SHE,2/19/1973,S,F,leah19@adventure-works.com,"$50,000 ",0,Graduate Degree,Skilled Manual,N
11622,MR.,GABRIEL,ALLEN,12/17/1973,M,M,gabriel53@adventure-works.com,"$50,000 ",0,Graduate Degree,Skilled Manual,Y
11623,,ANGELA,PERRY,6/27/1973,S,NA,angela10@adventure-works.com,"$50,000 ",1,Graduate Degree,Skilled Manual,Y
11624,MR.,RYAN,SMITH,3/23/1973,S,M,ryan39@adventure-works.com,"$50,000 ",1,Graduate Degree,Skilled Manual,Y
11625,MR.,ZACHARY,MOORE,1/19/1973,M,M,zachary37@adventure-works.com,"$50,000 ",1,Graduate Degree,Skilled Manual,Y
11626,MRS.,DESTINY,ROGERS,6/14/1973,M,F,destiny26@adventure-works.com,"$50,000 ",1,Graduate Degree,Skilled Manual,Y
11627,MR.,DALTON,GRAY,2/27/1973,M,M,dalton76@adventure-works.com,"$60,000 ",1,Graduate Degree,Skilled Manual,Y
11628,MRS.,MARIAH,WOOD,5/17/1972,S,F,mariah6@adventure-works.com,"$40,000 ",1,Graduate Degree,Skilled Manual,Y
11629,MR.,ISAIAH,WRIGHT,2/8/1971,S,M,isaiah45@adventure-works.com,"$40,000 ",4,High School,Skilled Manual,Y
11630,MRS.,HALEY,POWELL,12/25/1971,M,F,haley27@adventure-works.com,"$60,000 ",1,Graduate Degree,Skilled Manual,Y
11631,MR.,ANTONIO,BENNETT,2/13/1971,M,M,antonio1@adventure-works.com,"$60,000 ",1,Graduate Degree,Skilled Manual,Y
11633,MR.,THOMAS,ANDERSON,5/26/1972,M,M,thomas71@adventure-works.com,"$40,000 ",1,Bachelors,Skilled Manual,Y
11634,MR.,SAMUEL,COLLINS,6/12/1972,M,M,samuel33@adventure-works.com,"$60,000 ",1,Graduate Degree,Skilled Manual,Y
11635,MR.,DARRELL,CHANDE,8/14/1972,M,M,darrell4@adventure-works.com,"$60,000 ",1,Graduate Degree,Skilled Manual,Y
11636,MRS.,KIMBERLY,COX,12/22/1972,S,F,kimberly14@adventure-works.com,"$60,000 ",1,Graduate Degree,Professional,Y
11637,MRS.,MORGAN,HERNANDEZ,8/14/1972,M,F,morgan15@adventure-works.com,"$70,000 ",1,Graduate Degree,Professional,Y
11638,MR.,ANTONIO,POWELL,3/12/1972,M,M,antonio8@adventure-works.com,"$70,000 ",1,Graduate Degree,Professional,Y
11639,MRS.,ANGELICA,PERRY,12/23/1972,M,F,angelica7@adventure-works.com,"$70,000 ",1,Graduate Degree,Professional,Y
11640,MRS.,CHLOE,WILSON,5/3/1970,M,F,chloe40@adventure-works.com,"$50,000 ",1,Bachelors,Skilled Manual,Y
11641,MR.,JAMES,CHEN,8/12/1970,M,M,james41@adventure-works.com,"$50,000 ",1,Bachelors,Skilled Manual,Y
11642,MRS.,MORGAN,HUGHES,12/26/1970,M,F,morgan81@adventure-works.com,"$50,000 ",1,Bachelors,Skilled Manual,Y
11643,,NAOMI,MUNOZ,7/27/1970,M,NA,naomi7@adventure-works.com,"$50,000 ",1,Bachelors,Skilled Manual,Y
11644,MR.,CHARLES,TORRES,10/7/1969,S,M,charles52@adventure-works.com,"$40,000 ",2,Bachelors,Skilled Manual,Y
11645,MRS.,GABRIELLA,TURNER,10/19/1969,S,F,gabriella27@adventure-works.com,"$40,000 ",2,Bachelors,Skilled Manual,Y
11646,MRS.,ANNA,FOSTER,3/19/1969,S,F,anna41@adventure-works.com,"$40,000 ",2,Bachelors,Skilled Manual,Y
11647,MR.,RANDY,WU,9/22/1969,S,M,randy8@adventure-works.com,"$40,000 ",2,Bachelors,Skilled Manual,N
11648,MR.,KEVIN,SCOTT,4/16/1969,S,M,kevin50@adventure-works.com,"$60,000 ",1,Graduate Degree,Professional,Y
11649,MR.,IAN,WHITE,1/26/1969,M,M,ian12@adventure-works.com,"$60,000 ",1,Graduate Degree,Professional,Y
11650,MR.,CALEB,HAYES,7/26/1969,M,M,caleb19@adventure-works.com,"$60,000 ",1,Graduate Degree,Professional,Y
11651,MRS.,PATRICIA,GARCIA,12/17/1971,M,F,patricia18@adventure-works.com,"$60,000 ",1,Graduate Degree,Professional,Y
11652,MR.,SAMUEL,RUSSELL,5/5/1971,M,M,samuel19@adventure-works.com,"$60,000 ",1,Graduate Degree,Professional,Y
11653,MRS.,SYDNEY,PETERSON,6/8/1971,S,F,sydney15@adventure-works.com,"$60,000 ",1,Graduate Degree,Professional,Y
11654,MRS.,ARIANA,SANCHEZ,9/19/1971,M,F,ariana22@adventure-works.com,"$60,000 ",1,Graduate Degree,Professional,Y
11655,MRS.,TAMARA,SHARMA,4/1/1971,S,F,tamara21@adventure-works.com,"$70,000 ",2,Graduate Degree,Professional,Y
11656,MRS.,KATELYN,PEREZ,9/20/1971,M,F,katelyn35@adventure-works.com,"$70,000 ",3,Graduate Degree,Professional,Y
11657,MRS.,MEGAN,COX,5/4/1971,M,F,megan39@adventure-works.com,"$70,000 ",3,Graduate Degree,Professional,Y
11658,MR.,ROBERT,MITCHELL,2/7/1969,M,M,robert53@adventure-works.com,"$60,000 ",1,Graduate Degree,Professional,Y
11659,MR.,MIGUEL,ADAMS,4/22/1969,S,M,miguel32@adventure-works.com,"$60,000 ",1,Graduate Degree,Professional,Y
11660,MRS.,MIRANDA,GONZALES,1/22/1969,M,F,miranda17@adventure-works.com,"$60,000 ",1,Graduate Degree,Professional,Y
11661,MR.,JEREMIAH,JAMES,1/7/1970,S,M,jeremiah39@adventure-works.com,"$60,000 ",1,Graduate Degree,Professional,Y
11662,MR.,ETHAN,KUMAR,7/4/1970,S,M,ethan24@adventure-works.com,"$60,000 ",2,Graduate Degree,Professional,Y
11663,MR.,SETH,WILLIAMS,2/25/1970,M,M,seth2@adventure-works.com,"$70,000 ",4,Graduate Degree,Professional,Y
11664,MRS.,ALYSSA,MORGAN,2/9/1970,S,F,alyssa30@adventure-works.com,"$70,000 ",4,Graduate Degree,Professional,Y
11665,MRS.,JANET,DOMINGUEZ,12/13/1970,M,F,janet18@adventure-works.com,"$70,000 ",4,Graduate Degree,Professional,Y
11666,MR.,ANGEL,BAKER,12/17/1970,M,M,angel30@adventure-works.com,"$80,000 ",2,Graduate Degree,Professional,Y
11667,MR.,BLAKE,MOORE,6/21/1967,M,M,blake7@adventure-works.com,"$70,000 ",2,Bachelors,Skilled Manual,Y
11668,MRS.,JADA,COLLINS,9/7/1967,S,F,jada15@adventure-works.com,"$70,000 ",2,Bachelors,Skilled Manual,Y
11669,MRS.,ISABELLA,SIMMONS,10/21/1967,S,F,isabella25@adventure-works.com,"$70,000 ",2,Bachelors,Skilled Manual,Y
11670,MRS.,JACQUELINE,PERRY,10/17/1967,S,F,jacqueline8@adventure-works.com,"$70,000 ",2,Bachelors,Skilled Manual,Y
11671,MRS.,JESSICA,BROWN,5/18/1966,S,F,jessica51@adventure-works.com,"$60,000 ",3,Bachelors,Skilled Manual,N
11672,MR.,CHAD,JAI,9/21/1966,M,M,chad13@adventure-works.com,"$60,000 ",3,Bachelors,Skilled Manual,Y
11673,MRS.,SUSAN,YE,2/7/1966,S,F,susan19@adventure-works.com,"$60,000 ",3,Bachelors,Skilled Manual,Y
11674,MS.,MORGAN,ROGERS,8/18/1966,M,F,morgan49@adventure-works.com,"$60,000 ",0,Graduate Degree,Professional,Y
11675,MR.,DEVIN,MARTINEZ,2/2/1966,S,M,devin16@adventure-works.com,"$70,000 ",4,Graduate Degree,Professional,Y
11676,MR.,ALAN,HU,2/13/1966,M,M,alan24@adventure-works.com,"$80,000 ",0,Graduate Degree,Professional,Y
11677,MR.,CHARLES,WALKER,10/14/1969,S,M,charles27@adventure-works.com,"$60,000 ",2,Graduate Degree,Professional,Y
11678,MR.,JOHNNY,CHAVEZ,1/28/1969,M,M,johnny16@adventure-works.com,"$70,000 ",5,Graduate Degree,Professional,Y
11679,MR.,DALTON,RICHARDSON,5/8/1969,M,M,dalton80@adventure-works.com,"$70,000 ",5,Graduate Degree,Professional,Y
11680,MRS.,KAYLEE,NELSON,9/4/1969,M,F,kaylee31@adventure-works.com,"$70,000 ",5,Graduate Degree,Professional,Y
11681,MRS.,ABIGAIL,JONES,8/7/1969,M,F,abigail50@adventure-works.com,"$70,000 ",5,Graduate Degree,Professional,Y
11682,MRS.,KAITLYN,HALL,3/16/1969,M,F,kaitlyn46@adventure-works.com,"$70,000 ",5,Graduate Degree,Professional,N
11683,MR.,GREG,TAYLOR,1/5/1969,M,M,greg10@adventure-works.com,"$80,000 ",2,Graduate Degree,Professional,Y
11684,MR.,DEVIN,PARKER,10/1/1965,S,M,devin40@adventure-works.com,"$40,000 ",0,Bachelors,Professional,N
11685,MR.,JOSE,GRIFFIN,2/7/1965,M,M,jose15@adventure-works.com,"$40,000 ",0,Bachelors,Professional,N
11687,MR.,CODY,TORRES,7/13/1965,S,M,cody5@adventure-works.com,"$40,000 ",0,Bachelors,Professional,N
11688,MRS.,VICTORIA,MORRIS,12/25/1965,S,F,victoria26@adventure-works.com,"$80,000 ",3,Bachelors,Skilled Manual,Y
11689,MR.,IAN,DIAZ,9/6/1965,M,M,ian62@adventure-works.com,"$80,000 ",3,Bachelors,Skilled Manual,Y
11690,MS.,CAROLINE,BUTLER,1/13/1965,M,F,caroline15@adventure-works.com,"$60,000 ",0,Graduate Degree,Professional,Y
11691,MS.,KAITLYN,WILSON,1/3/1964,S,F,kaitlyn29@adventure-works.com,"$40,000 ",0,Bachelors,Professional,N
11692,MR.,CALEB,GONZALES,6/19/1964,M,M,caleb14@adventure-works.com,"$40,000 ",0,Bachelors,Professional,N
11693,MRS.,HAILEY,DIAZ,9/24/1964,S,F,hailey42@adventure-works.com,"$50,000 ",4,Bachelors,Skilled Manual,N
11694,MR.,JONATHON,ORTEGA,3/24/1964,M,M,jonathon16@adventure-works.com,"$50,000 ",4,Bachelors,Skilled Manual,Y
11695,MR.,LOGAN,CAMPBELL,1/11/1964,M,M,logan33@adventure-works.com,"$50,000 ",5,Bachelors,Skilled Manual,Y
11696,MRS.,MACKENZIE,CAMPBELL,4/5/1964,S,F,mackenzie29@adventure-works.com,"$50,000 ",5,Bachelors,Skilled Manual,Y
11697,MR.,EDUARDO,LEE,6/24/1964,M,M,eduardo21@adventure-works.com,"$50,000 ",4,Bachelors,Skilled Manual,Y
11698,MR.,JACKSON,WRIGHT,11/25/1964,M,M,jackson51@adventure-works.com,"$50,000 ",4,Bachelors,Skilled Manual,Y
11699,MR.,CHASE,PETERSON,3/16/1963,S,M,chase5@adventure-works.com,"$60,000 ",4,Bachelors,Skilled Manual,N
11700,MR.,XAVIER,RICHARDSON,11/25/1963,S,M,xavier76@adventure-works.com,"$60,000 ",4,Bachelors,Professional,N
11701,MR.,DAVID,HAYES,8/24/1963,M,M,david56@adventure-works.com,"$60,000 ",4,Bachelors,Professional,Y
11702,MRS.,JENNY,ZHOU,10/17/1963,S,F,jenny11@adventure-works.com,"$60,000 ",4,Bachelors,Professional,Y
11703,MS.,KAYLEE,BAKER,6/24/1968,S,F,kaylee39@adventure-works.com,"$60,000 ",0,Bachelors,Professional,N
11705,MRS.,BROOKE,RICHARDSON,5/21/1968,S,F,brooke9@adventure-works.com,"$60,000 ",2,Graduate Degree,Professional,Y
11706,MR.,BLAKE,PEREZ,2/14/1963,M,M,blake39@adventure-works.com,"$60,000 ",4,Bachelors,Professional,Y
11707,MRS.,NATALIE,COOK,12/22/1963,S,F,natalie5@adventure-works.com,"$60,000 ",4,Bachelors,Professional,Y
11708,MRS.,ELIZABETH,WEISMAN,9/19/1963,S,F,elizabeth6@adventure-works.com,"$60,000 ",4,Bachelors,Professional,Y
11709,MRS.,HAILEY,COLLINS,2/19/1963,S,F,hailey45@adventure-works.com,"$60,000 ",3,Graduate Degree,Professional,N
11710,MRS.,ZOE,RAMIREZ,3/20/1962,M,F,zoe6@adventure-works.com,"$40,000 ",3,High School,Skilled Manual,Y
11711,MR.,DANIEL,DAVIS,12/8/1962,S,M,daniel23@adventure-works.com,"$70,000 ",1,Bachelors,Professional,N
11712,MRS.,SHELBY,ROGERS,11/3/1962,M,F,shelby19@adventure-works.com,"$70,000 ",1,Partial College,Skilled Manual,Y
11713,MR.,KYLE,ZHANG,3/20/1962,M,M,kyle19@adventure-works.com,"$70,000 ",1,Partial College,Skilled Manual,Y
11714,MRS.,ALEXANDRIA,LONG,10/18/1962,M,F,alexandria9@adventure-works.com,"$70,000 ",1,Partial College,Skilled Manual,Y
11715,MRS.,CHLOE,ROBINSON,9/21/1962,M,F,chloe28@adventure-works.com,"$70,000 ",1,Partial College,Skilled Manual,Y
11716,MR.,EVAN,KELLY,10/21/1961,S,M,evan2@adventure-works.com,"$40,000 ",4,High School,Skilled Manual,Y
11717,MR.,MARCUS,JONES,9/2/1961,M,M,marcus3@adventure-works.com,"$60,000 ",1,Partial College,Skilled Manual,N
11718,MRS.,SARAH,JONES,11/14/1961,M,F,sarah5@adventure-works.com,"$60,000 ",1,Partial College,Skilled Manual,Y
11719,MR.,BLAKE,GREEN,5/8/1960,M,M,blake32@adventure-works.com,"$40,000 ",4,High School,Skilled Manual,Y
11720,MRS.,MORGAN,MORRIS,3/26/1960,M,F,morgan48@adventure-works.com,"$40,000 ",4,High School,Skilled Manual,Y
11721,MRS.,JENNIFER,ALEXANDER,1/22/1960,M,F,jennifer92@adventure-works.com,"$40,000 ",4,High School,Skilled Manual,Y
11722,MR.,JULIAN,HUGHES,7/2/1960,M,M,julian13@adventure-works.com,"$60,000 ",1,Partial College,Skilled Manual,Y
11723,MR.,LUKE,COLEMAN,8/21/1967,S,M,luke24@adventure-works.com,"$70,000 ",0,Partial College,Skilled Manual,N
11724,MR.,JASON,CARTER,4/15/1967,S,M,jason39@adventure-works.com,"$70,000 ",0,Partial College,Skilled Manual,N
11725,MR.,JOSE,LI,9/17/1967,S,M,jose20@adventure-works.com,"$70,000 ",0,Partial College,Skilled Manual,N
11726,MR.,MICAH,LIANG,7/17/1967,S,M,micah4@adventure-works.com,"$70,000 ",0,Partial College,Skilled Manual,N
11727,MR.,BENJAMIN,TAYLOR,7/9/1967,S,M,benjamin43@adventure-works.com,"$60,000 ",0,Graduate Degree,Professional,N
11728,MR.,LOGAN,WHITE,1/7/1960,M,M,logan64@adventure-works.com,"$60,000 ",1,Partial College,Skilled Manual,Y
11729,MR.,CALEB,CAMPBELL,5/6/1960,M,M,caleb36@adventure-works.com,"$60,000 ",1,Partial College,Skilled Manual,Y
11730,MRS.,EMMA,TORRES,10/2/1960,M,F,emma40@adventure-works.com,"$60,000 ",1,Partial College,Skilled Manual,Y
11731,MRS.,TANYA,GILL,8/19/1960,M,F,tanya10@adventure-works.com,"$60,000 ",1,Partial College,Skilled Manual,Y
11732,MR.,ERICK,SANCHEZ,2/8/1959,M,M,erick20@adventure-works.com,"$60,000 ",1,Partial College,Skilled Manual,Y
11733,MRS.,KRISTI,SCHMIDT,7/27/1959,M,F,kristi27@adventure-works.com,"$60,000 ",1,Partial College,Skilled Manual,Y
11734,MR.,OMAR,CHEN,8/25/1959,M,M,omar2@adventure-works.com,"$60,000 ",1,Partial College,Skilled Manual,N
11735,MRS.,SYDNEY,GRAY,1/22/1959,M,F,sydney16@adventure-works.com,"$60,000 ",1,Partial College,Skilled Manual,Y
11736,MR.,SEBASTIAN,SANCHEZ,9/25/1959,M,M,sebastian16@adventure-works.com,"$60,000 ",1,Partial College,Skilled Manual,N
11737,MRS.,MEGAN,MARTIN,2/8/1959,M,F,megan17@adventure-works.com,"$60,000 ",4,Bachelors,Professional,Y
11738,MR.,ELIJAH,ALEXANDER,10/9/1959,M,M,elijah20@adventure-works.com,"$60,000 ",4,Bachelors,Professional,Y
11739,MR.,AARON,KING,5/14/1959,M,M,aaron51@adventure-works.com,"$70,000 ",2,Graduate Degree,Professional,Y
11740,MRS.,JAN,HALL,4/24/1959,M,F,jan18@adventure-works.com,"$70,000 ",5,Graduate Degree,Professional,N
11741,MRS.,TAMARA,CHANDER,7/26/1959,M,F,tamara27@adventure-works.com,"$80,000 ",4,Graduate Degree,Professional,Y
11742,MR.,EDWARD,LEWIS,11/2/1958,S,M,edward43@adventure-works.com,"$60,000 ",3,Bachelors,Professional,N
11743,MR.,CHASE,KELLY,3/16/1958,M,M,chase3@adventure-works.com,"$60,000 ",1,Bachelors,Professional,Y
11744,MRS.,STEPHANIE,CAMPBELL,9/7/1958,M,F,stephanie54@adventure-works.com,"$60,000 ",1,Bachelors,Professional,Y
11745,MRS.,ALLISON,GONZALEZ,10/13/1958,M,F,allison31@adventure-works.com,"$60,000 ",1,Bachelors,Professional,Y
11746,MR.,SETH,BROOKS,12/1/1958,S,M,seth74@adventure-works.com,"$60,000 ",1,Bachelors,Professional,Y
11747,MRS.,DESTINY,DAVIS,2/9/1958,M,F,destiny5@adventure-works.com,"$70,000 ",5,Graduate Degree,Professional,Y
11748,MR.,BLAKE,HILL,7/18/1958,M,M,blake30@adventure-works.com,"$70,000 ",5,Graduate Degree,Professional,Y
11749,MR.,EDUARDO,JACKSON,9/13/1969,M,M,eduardo10@adventure-works.com,"$80,000 ",4,Graduate Degree,Management,N
11750,MRS.,LATOYA,SHE,3/24/1968,M,F,latoya0@adventure-works.com,"$60,000 ",2,Bachelors,Professional,Y
11751,MRS.,VICTORIA,GONZALES,7/17/1970,M,F,victoria63@adventure-works.com,"$80,000 ",4,Graduate Degree,Management,Y
11752,MRS.,LAUREN,BRYANT,5/7/1970,M,F,lauren64@adventure-works.com,"$80,000 ",4,Graduate Degree,Management,Y
11753,MRS.,FELICIA,ORTEGA,3/18/1970,M,F,felicia20@adventure-works.com,"$80,000 ",4,Graduate Degree,Management,Y
11754,MRS.,JANET,ORTEGA,7/8/1970,M,F,janet27@adventure-works.com,"$90,000 ",2,Bachelors,Professional,Y
11755,MR.,WILLIE,PAL,5/15/1968,M,M,willie31@adventure-works.com,"$60,000 ",2,Bachelors,Professional,Y
11756,MRS.,LINDA,ORTEGA,9/13/1968,S,F,linda37@adventure-works.com,"$60,000 ",2,Bachelors,Professional,N
11757,MR.,VINCENT,CAI,5/14/1968,M,M,vincent21@adventure-works.com,"$70,000 ",5,Bachelors,Professional,Y
11758,MR.,COLIN,YUAN,12/22/1968,M,M,colin30@adventure-works.com,"$70,000 ",5,Bachelors,Professional,Y
11759,MRS.,DAWN,NATH,11/22/1969,M,F,dawn42@adventure-works.com,"$110,000 ",1,Graduate Degree,Management,N
11760,MRS.,MELODY,MORENO,10/27/1967,M,F,melody7@adventure-works.com,"$70,000 ",5,Bachelors,Professional,Y
11761,MR.,EDGAR,MEHTA,4/19/1967,S,M,edgar15@adventure-works.com,"$70,000 ",5,Bachelors,Professional,Y
11762,MR.,RANDALL,GOMEZ,8/24/1967,M,M,randall2@adventure-works.com,"$70,000 ",5,Bachelors,Professional,Y
11763,MR.,ROSS,FERNANDEZ,2/11/1967,M,M,ross15@adventure-works.com,"$80,000 ",5,Graduate Degree,Management,Y
11764,MRS.,JESSIE,RAMOS,7/17/1967,S,F,jessie36@adventure-works.com,"$80,000 ",5,Graduate Degree,Management,Y
11765,MR.,MARC,TORRES,10/11/1966,M,M,marc15@adventure-works.com,"$80,000 ",5,Bachelors,Professional,Y
11766,MS.,CANDACE,RAMAN,7/4/1966,S,F,candace12@adventure-works.com,"$90,000 ",0,Bachelors,Professional,N
11767,MS.,MEAGAN,MADAN,5/24/1966,S,F,meagan8@adventure-works.com,"$90,000 ",0,Bachelors,Professional,N
11768,MR.,CLAYTON,NARA,10/8/1966,M,M,clayton34@adventure-works.com,"$90,000 ",2,Bachelors,Professional,Y
11769,MS.,HALEY,HERNANDEZ,8/17/1973,S,F,haley53@adventure-works.com,"$50,000 ",0,Graduate Degree,Skilled Manual,Y
11770,MR.,PETER,NARA,8/23/1973,S,M,peter21@adventure-works.com,"$50,000 ",0,Graduate Degree,Skilled Manual,N
11771,MR.,ISAAC,RIVERA,10/8/1973,S,M,isaac16@adventure-works.com,"$50,000 ",0,Graduate Degree,Skilled Manual,N
11772,MR.,CAMERON,MOORE,1/24/1973,M,M,cameron48@adventure-works.com,"$50,000 ",1,Graduate Degree,Skilled Manual,Y
11773,MR.,GAVIN,DIAZ,7/6/1973,S,M,gavin20@adventure-works.com,"$50,000 ",1,Graduate Degree,Skilled Manual,Y
11774,MRS.,EMMA,SANCHEZ,4/12/1973,M,F,emma25@adventure-works.com,"$50,000 ",1,Graduate Degree,Skilled Manual,Y
11775,MRS.,SIERRA,ROBERTS,5/25/1973,S,F,sierra3@adventure-works.com,"$50,000 ",1,Graduate Degree,Skilled Manual,Y
11776,MR.,SETH,MITCHELL,7/3/1973,M,M,seth38@adventure-works.com,"$50,000 ",1,Graduate Degree,Skilled Manual,Y
11777,MRS.,MIRANDA,LONG,7/24/1972,S,F,miranda9@adventure-works.com,"$40,000 ",1,Graduate Degree,Skilled Manual,Y
11778,MRS.,HALEY,HENDERSON,3/21/1971,S,F,haley24@adventure-works.com,"$60,000 ",1,Graduate Degree,Skilled Manual,Y
11779,MRS.,SARAH,JACKSON,7/19/1971,S,F,sarah14@adventure-works.com,"$60,000 ",1,Graduate Degree,Skilled Manual,Y
11780,MRS.,JESSICA,ALEXANDER,11/20/1971,S,F,jessica43@adventure-works.com,"$60,000 ",1,Graduate Degree,Skilled Manual,Y
11781,MR.,CARLOS,GRAY,3/10/1971,M,M,carlos7@adventure-works.com,"$60,000 ",1,Graduate Degree,Skilled Manual,Y
11782,MRS.,BARBARA,JAI,3/17/1971,M,F,barbara42@adventure-works.com,"$60,000 ",1,Graduate Degree,Skilled Manual,Y
11783,MRS.,SARA,MITCHELL,11/17/1971,M,F,sara37@adventure-works.com,"$60,000 ",1,Graduate Degree,Skilled Manual,Y
11784,MR.,JOSE,TURNER,12/19/1972,M,M,jose42@adventure-works.com,"$40,000 ",1,Graduate Degree,Skilled Manual,Y
11785,MR.,THEODORE,DIAZ,2/25/1972,M,M,theodore3@adventure-works.com,"$40,000 ",1,Bachelors,Skilled Manual,Y
11786,MR.,IAN,MURPHY,9/13/1972,S,M,ian82@adventure-works.com,"$60,000 ",1,Graduate Degree,Skilled Manual,Y
11787,MR.,JERRY,NATH,9/5/1972,M,M,jerry20@adventure-works.com,"$60,000 ",1,Graduate Degree,Skilled Manual,Y
11788,MRS.,DESTINY,JAMES,2/19/1972,S,F,destiny43@adventure-works.com,"$70,000 ",1,Graduate Degree,Professional,Y
11789,MRS.,BAILEY,PHILLIPS,2/20/1970,M,F,bailey27@adventure-works.com,"$50,000 ",1,Bachelors,Skilled Manual,Y
11790,MR.,TIMOTHY,GONZALEZ,5/21/1970,M,M,timothy34@adventure-works.com,"$50,000 ",1,Bachelors,Skilled Manual,Y
11791,MR.,CHASE,MORGAN,4/21/1970,M,M,chase13@adventure-works.com,"$60,000 ",1,Graduate Degree,Professional,Y
11792,MRS.,ALEXIA,PERRY,5/27/1969,M,F,alexia7@adventure-works.com,"$40,000 ",1,Bachelors,Skilled Manual,Y
11793,MR.,XAVIER,ROGERS,3/20/1969,M,M,xavier87@adventure-works.com,"$40,000 ",1,Bachelors,Skilled Manual,Y
11794,MRS.,LAUREN,ROSS,11/1/1969,S,F,lauren51@adventure-works.com,"$40,000 ",2,Bachelors,Skilled Manual,Y
11795,MRS.,NICOLE,THOMAS,2/15/1969,S,F,nicole11@adventure-works.com,"$40,000 ",2,Bachelors,Skilled Manual,Y
11796,MRS.,ISABEL,JENKINS,2/7/1969,S,F,isabel7@adventure-works.com,"$40,000 ",2,Bachelors,Skilled Manual,N
11797,MR.,DEVIN,COLEMAN,3/7/1969,S,M,devin44@adventure-works.com,"$40,000 ",2,Bachelors,Skilled Manual,Y
11798,MR.,BRENDAN,CHANDE,2/12/1969,M,M,brendan13@adventure-works.com,"$40,000 ",2,Bachelors,Skilled Manual,Y
11799,MR.,JESSIE,WANG,9/13/1969,M,M,jessie7@adventure-works.com,"$40,000 ",2,Bachelors,Skilled Manual,Y
11800,MRS.,JENNIFER,BAKER,11/7/1969,M,F,jennifer19@adventure-works.com,"$60,000 ",1,Graduate Degree,Professional,Y
11801,MR.,AARON,SHARMA,9/16/1969,M,M,aaron30@adventure-works.com,"$60,000 ",1,Graduate Degree,Professional,Y
11802,MRS.,MADISON,TAYLOR,8/9/1971,M,F,madison9@adventure-works.com,"$60,000 ",1,Graduate Degree,Professional,Y
11803,MRS.,JAN,HERNANDEZ,9/12/1971,S,F,jan15@adventure-works.com,"$60,000 ",1,Graduate Degree,Professional,Y
11804,MRS.,HALEY,TURNER,4/18/1971,M,F,haley44@adventure-works.com,"$60,000 ",1,Graduate Degree,Professional,Y
11805,MR.,RICHARD,GREEN,3/12/1971,M,M,richard25@adventure-works.com,"$70,000 ",2,Graduate Degree,Professional,Y
11806,MRS.,JENNIFER,STEWART,8/10/1971,M,F,jennifer52@adventure-works.com,"$70,000 ",2,Graduate Degree,Professional,Y
11807,MR.,LUCAS,BAKER,9/4/1971,M,M,lucas48@adventure-works.com,"$70,000 ",3,Graduate Degree,Professional,Y
11808,MR.,JAMES,PARKER,4/12/1969,M,M,james57@adventure-works.com,"$60,000 ",1,Graduate Degree,Professional,Y
11809,MR.,JUAN,GRAY,1/2/1968,M,M,juan16@adventure-works.com,"$60,000 ",2,Bachelors,Skilled Manual,Y
11810,MR.,ANTONIO,WASHINGTON,1/7/1967,S,M,antonio13@adventure-works.com,"$40,000 ",0,Bachelors,Professional,N
11811,MS.,ABIGAIL,BROOKS,6/15/1967,S,F,abigail22@adventure-works.com,"$40,000 ",0,Bachelors,Professional,Y
11812,MR.,ANDREW,RODRIGUEZ,9/22/1967,M,M,andrew27@adventure-works.com,"$40,000 ",0,Bachelors,Professional,N
11813,MS.,MARY,PATTERSON,11/12/1967,M,F,mary40@adventure-works.com,"$40,000 ",0,Bachelors,Professional,N
11814,MR.,DALTON,MORGAN,7/8/1970,M,M,dalton84@adventure-works.com,"$60,000 ",2,Graduate Degree,Professional,Y
11815,MRS.,HANNAH,PATTERSON,4/24/1970,M,F,hannah33@adventure-works.com,"$70,000 ",3,Graduate Degree,Professional,Y
11816,MR.,JOE,TORRES,10/23/1970,M,M,joe35@adventure-works.com,"$70,000 ",4,Graduate Degree,Professional,Y
11817,MRS.,MORGAN,MILLER,11/27/1970,S,F,morgan29@adventure-works.com,"$70,000 ",4,Graduate Degree,Professional,Y
11818,MR.,DANIEL,GARCIA,4/22/1970,M,M,daniel8@adventure-works.com,"$70,000 ",4,Graduate Degree,Professional,Y
11819,MR.,JOSE,LAL,10/10/1967,M,M,jose23@adventure-works.com,"$70,000 ",2,Bachelors,Skilled Manual,Y
11820,MS.,KATELYN,LOPEZ,8/26/1966,M,F,katelyn45@adventure-works.com,"$60,000 ",0,Graduate Degree,Professional,Y
11821,MR.,AUSTIN,JOHNSON,4/15/1966,M,M,austin40@adventure-works.com,"$60,000 ",0,Graduate Degree,Professional,Y
11822,MS.,ROHINTON,WADIA,6/13/1966,M,F,rohinton1@adventure-works.com,"$60,000 ",0,Graduate Degree,Professional,Y
11823,MS.,MORGAN,TURNER,10/24/1966,M,F,morgan3@adventure-works.com,"$70,000 ",0,Graduate Degree,Professional,Y
11824,MRS.,JILL,MARTIN,10/7/1966,M,F,jill6@adventure-works.com,"$70,000 ",4,Graduate Degree,Professional,Y
11825,MRS.,AIMEE,SHE,5/18/1966,S,F,aimee17@adventure-works.com,"$70,000 ",5,Graduate Degree,Professional,Y
11826,MRS.,JESSIE,ALONSO,2/15/1966,M,F,jessie6@adventure-works.com,"$70,000 ",5,Graduate Degree,Professional,Y
11827,MRS.,SARA,BAKER,9/20/1969,M,F,sara43@adventure-works.com,"$60,000 ",2,Graduate Degree,Professional,Y
11828,MRS.,KATHERINE,MARTINEZ,6/8/1969,M,F,katherine88@adventure-works.com,"$70,000 ",5,Graduate Degree,Professional,Y
11829,MRS.,SOPHIA,CAMPBELL,11/2/1969,M,F,sophia5@adventure-works.com,"$70,000 ",5,Graduate Degree,Professional,Y
11830,MRS.,TAYLOR,GARCIA,1/15/1969,M,F,taylor63@adventure-works.com,"$80,000 ",3,Graduate Degree,Professional,Y
11831,MR.,CHRISTIAN,ROSS,11/24/1969,M,M,christian18@adventure-works.com,"$80,000 ",3,Graduate Degree,Professional,Y
11832,MS.,ZOE,MURPHY,4/5/1965,S,F,zoe13@adventure-works.com,"$40,000 ",0,Bachelors,Professional,N
11833,MR.,OSCAR,PRICE,7/23/1965,M,M,oscar9@adventure-works.com,"$80,000 ",3,Bachelors,Skilled Manual,Y
11834,MR.,FERNANDO,FLORES,10/25/1965,S,M,fernando55@adventure-works.com,"$80,000 ",3,Bachelors,Skilled Manual,N
11835,MR.,ELIJAH,RUSSELL,6/19/1965,S,M,elijah21@adventure-works.com,"$80,000 ",3,Bachelors,Skilled Manual,Y
11836,MR.,GARRETT,TRAVERS,4/27/1965,M,M,garrett9@adventure-works.com,"$80,000 ",3,Bachelors,Skilled Manual,Y
11837,MRS.,HALEY,ALEXANDER,8/9/1965,S,F,haley38@adventure-works.com,"$80,000 ",3,Bachelors,Skilled Manual,Y
11838,MR.,JUSTIN,RODRIGUEZ,2/9/1965,S,M,justin48@adventure-works.com,"$80,000 ",3,Bachelors,Skilled Manual,N
11839,MR.,TYLER,BROWN,7/25/1965,S,M,tyler9@adventure-works.com,"$60,000 ",0,Graduate Degree,Professional,Y
11840,MR.,JULIAN,PATTERSON,5/17/1965,M,M,julian12@adventure-works.com,"$60,000 ",0,Graduate Degree,Professional,Y
11841,MR.,SEAN,NELSON,3/16/1964,M,M,sean41@adventure-works.com,"$40,000 ",0,Bachelors,Professional,N
11842,MR.,JUSTIN,WILSON,10/4/1964,S,M,justin38@adventure-works.com,"$50,000 ",4,Bachelors,Skilled Manual,Y
11843,MRS.,CHRISTY,NARA,11/11/1964,S,F,christy34@adventure-works.com,"$50,000 ",4,Bachelors,Skilled Manual,N
11844,MRS.,MICHELE,ALVAREZ,4/8/1964,S,F,michele39@adventure-works.com,"$50,000 ",4,Bachelors,Skilled Manual,Y
11845,MRS.,NATALIE,JONES,8/18/1924,S,F,natalie71@adventure-works.com,"$30,000 ",2,High School,Skilled Manual,N
11846,MRS.,SAVANNAH,REED,6/15/1964,S,F,savannah18@adventure-works.com,"$50,000 ",4,Bachelors,Skilled Manual,Y
11847,MRS.,CASSIDY,DIAZ,12/1/1964,S,F,cassidy23@adventure-works.com,"$50,000 ",4,Bachelors,Skilled Manual,N
11848,MR.,JOSHUA,LEWIS,2/28/1964,M,M,joshua23@adventure-works.com,"$50,000 ",4,Bachelors,Skilled Manual,Y
11849,MRS.,FAITH,REED,9/13/1964,S,F,faith36@adventure-works.com,"$50,000 ",4,Bachelors,Skilled Manual,Y
11850,MRS.,BROOKE,RAMIREZ,3/23/1964,S,F,brooke7@adventure-works.com,"$50,000 ",4,Bachelors,Skilled Manual,Y
11851,MRS.,JADA,MITCHELL,9/8/1963,S,F,jada23@adventure-works.com,"$60,000 ",4,Bachelors,Professional,Y
11852,MR.,KYLE,RUSSELL,10/25/1963,S,M,kyle15@adventure-works.com,"$60,000 ",4,Bachelors,Professional,N
11853,MS.,GRACE,JONES,11/18/1968,S,F,grace2@adventure-works.com,"$60,000 ",0,Bachelors,Professional,Y
11854,MR.,JASON,MITCHELL,4/18/1968,S,M,jason40@adventure-works.com,"$60,000 ",2,Graduate Degree,Professional,N
11855,MR.,CHRISTIAN,WALKER,8/13/1963,M,M,christian44@adventure-works.com,"$60,000 ",4,Bachelors,Professional,Y
11856,MR.,SETH,HERNANDEZ,8/17/1963,M,M,seth26@adventure-works.com,"$60,000 ",3,Graduate Degree,Professional,Y
11857,MRS.,ISABELLA,YOUNG,3/12/1963,S,F,isabella56@adventure-works.com,"$60,000 ",3,Graduate Degree,Professional,N
11858,MR.,JORDAN,COLEMAN,12/7/1962,M,M,jordan2@adventure-works.com,"$40,000 ",3,High School,Skilled Manual,Y
11860,MRS.,NICOLE,WALKER,1/9/1962,M,F,nicole23@adventure-works.com,"$70,000 ",1,Partial College,Skilled Manual,Y
11861,MRS.,KATHERINE,CARTER,4/24/1962,M,F,katherine58@adventure-works.com,"$70,000 ",1,Partial College,Skilled Manual,Y
11862,MRS.,OLIVIA,PETERSON,9/15/1961,S,F,olivia40@adventure-works.com,"$40,000 ",4,High School,Skilled Manual,Y
11863,MRS.,JESSICA,WOOD,10/11/1961,M,F,jessica26@adventure-works.com,"$60,000 ",1,Partial College,Skilled Manual,Y
11864,MRS.,ELIZABETH,THOMPSON,9/6/1961,M,F,elizabeth19@adventure-works.com,"$60,000 ",1,Partial College,Skilled Manual,Y
11865,MRS.,CHLOE,RIVERA,2/6/1961,M,F,chloe54@adventure-works.com,"$60,000 ",1,Partial College,Skilled Manual,Y
11866,MR.,LUCAS,SCOTT,7/2/1961,M,M,lucas46@adventure-works.com,"$60,000 ",1,Partial College,Skilled Manual,N
11867,MR.,NATHANIEL,JAMES,4/24/1960,M,M,nathaniel0@adventure-works.com,"$40,000 ",4,High School,Skilled Manual,Y
11868,MS.,JESSICA,PETERSON,8/4/1967,S,F,jessica17@adventure-works.com,"$70,000 ",0,Partial College,Skilled Manual,Y
11869,MS.,KAITLYN,ADAMS,11/6/1967,S,F,kaitlyn13@adventure-works.com,"$70,000 ",0,Partial College,Skilled Manual,N
11870,MS.,JILLIAN,GARCIA,7/14/1967,S,F,jillian15@adventure-works.com,"$70,000 ",0,Partial College,Skilled Manual,N
11871,MR.,DALTON,BENNETT,8/16/1967,S,M,dalton46@adventure-works.com,"$70,000 ",0,Partial College,Skilled Manual,N
11872,MS.,FAITH,PATTERSON,7/21/1967,S,F,faith9@adventure-works.com,"$60,000 ",0,Graduate Degree,Professional,N
11873,MR.,RYAN,ZHANG,4/12/1967,M,M,ryan27@adventure-works.com,"$60,000 ",0,Graduate Degree,Professional,N
11874,MR.,ADRIAN,BELL,3/10/1967,S,M,adrian15@adventure-works.com,"$60,000 ",0,Bachelors,Professional,N
11875,MR.,JONATHAN,BROWN,8/3/1960,M,M,jonathan54@adventure-works.com,"$60,000 ",1,Partial College,Skilled Manual,N
11876,MRS.,MADISON,WHITE,11/13/1960,M,F,madison13@adventure-works.com,"$60,000 ",1,Partial College,Skilled Manual,Y
11877,MRS.,ALEXIS,DIAZ,10/7/1960,M,F,alexis45@adventure-works.com,"$60,000 ",1,Partial College,Skilled Manual,Y
11878,MRS.,CHRISTINE,NARA,2/8/1960,M,F,christine12@adventure-works.com,"$60,000 ",1,Partial College,Skilled Manual,Y
11879,MR.,EDGAR,SAI,10/3/1960,M,M,edgar6@adventure-works.com,"$60,000 ",1,Partial College,Skilled Manual,Y
11880,MRS.,MELISSA,SANCHEZ,8/20/1959,M,F,melissa40@adventure-works.com,"$60,000 ",1,Partial College,Skilled Manual,Y
11881,MR.,RICHARD,MITCHELL,7/24/1959,M,M,richard30@adventure-works.com,"$60,000 ",4,Bachelors,Professional,Y
11882,MR.,PATRICK,STEWART,3/12/1959,M,M,patrick27@adventure-works.com,"$60,000 ",4,Bachelors,Professional,Y
11883,MRS.,HANNAH,ANDERSON,8/14/1959,M,F,hannah9@adventure-works.com,"$70,000 ",5,Graduate Degree,Professional,Y
11884,MRS.,LATOYA,SHEN,4/26/1959,M,F,latoya2@adventure-works.com,"$80,000 ",5,Graduate Degree,Professional,Y
11885,MR.,KURT,SHARMA,9/25/1959,M,M,kurt9@adventure-works.com,"$80,000 ",2,Graduate Degree,Professional,Y
11886,MRS.,KATELYN,PARKER,1/20/1958,M,F,katelyn30@adventure-works.com,"$60,000 ",3,Bachelors,Professional,Y
11887,MR.,JOSEPH,WHITE,4/5/1958,M,M,joseph19@adventure-works.com,"$60,000 ",1,Bachelors,Professional,Y
11888,MR.,AARON,ROSS,12/22/1958,M,M,aaron3@adventure-works.com,"$60,000 ",1,Bachelors,Professional,Y
11889,MR.,BLAKE,PATTERSON,5/28/1958,S,M,blake58@adventure-works.com,"$60,000 ",1,Bachelors,Professional,Y
11890,MRS.,WHITNEY,LOPEZ,11/15/1958,M,F,whitney15@adventure-works.com,"$70,000 ",5,Graduate Degree,Professional,Y
11891,MRS.,JAMIE,LIANG,9/17/1958,M,F,jamie20@adventure-works.com,"$70,000 ",5,Graduate Degree,Professional,Y
11892,MR.,JULIO,ORTEGA,10/8/1969,M,M,julio23@adventure-works.com,"$90,000 ",1,Graduate Degree,Management,Y
11893,MR.,ORLANDO,CARLSON,2/9/1969,M,M,orlando18@adventure-works.com,"$90,000 ",2,Graduate Degree,Management,Y
11894,MRS.,ANN,GONZALEZ,5/4/1969,M,F,ann23@adventure-works.com,"$100,000 ",1,Graduate Degree,Management,Y
11895,MR.,DUSTIN,CHANDER,7/21/1969,M,M,dustin16@adventure-works.com,"$100,000 ",1,Graduate Degree,Management,Y
11896,MR.,FRANK,CARLSON,11/18/1969,M,M,frank26@adventure-works.com,"$100,000 ",1,Graduate Degree,Management,Y
11897,MR.,ORLANDO,ASHE,11/28/1968,S,M,orlando5@adventure-works.com,"$60,000 ",2,Bachelors,Professional,N
11898,MRS.,ANGELA,HENDERSON,7/3/1970,M,F,angela7@adventure-works.com,"$80,000 ",4,Graduate Degree,Management,Y
11899,MRS.,BRENDA,PEREZ,9/16/1970,S,F,brenda25@adventure-works.com,"$80,000 ",4,Graduate Degree,Management,Y
11900,MR.,BYRON,CARLSON,3/7/1970,S,M,byron12@adventure-works.com,"$90,000 ",2,Bachelors,Professional,Y
11901,MRS.,STACY,ALVAREZ,2/19/1968,S,F,stacy6@adventure-works.com,"$60,000 ",2,Bachelors,Professional,N
11902,MR.,DREW,PAL,3/18/1967,M,M,drew13@adventure-works.com,"$70,000 ",5,Bachelors,Professional,Y
11903,MRS.,KATE,RAJI,4/27/1969,S,F,kate18@adventure-works.com,"$110,000 ",1,Graduate Degree,Management,Y
11904,MRS.,KAYLEE,COOK,11/9/1969,S,F,kaylee18@adventure-works.com,"$110,000 ",1,Graduate Degree,Management,Y
11905,MR.,ISAIAH,RAMIREZ,6/16/1969,S,M,isaiah6@adventure-works.com,"$110,000 ",1,Graduate Degree,Management,Y
11906,MRS.,GABRIELLA,SANDERS,2/18/1967,M,F,gabriella1@adventure-works.com,"$80,000 ",5,Graduate Degree,Management,Y
11907,MRS.,SARAH,GARCIA,9/8/1967,S,F,sarah18@adventure-works.com,"$80,000 ",5,Graduate Degree,Management,Y
11908,MR.,RAFAEL,TANG,7/11/1966,S,M,rafael27@adventure-works.com,"$80,000 ",5,Graduate Degree,Management,Y
11909,MRS.,NICHOLE,SHE,2/10/1966,M,F,nichole0@adventure-works.com,"$80,000 ",5,Graduate Degree,Management,N
11910,MRS.,JACLYN,ZHENG,6/12/1966,M,F,jaclyn21@adventure-works.com,"$80,000 ",5,Graduate Degree,Management,Y
11911,MRS.,RACHAEL,KAPOOR,11/16/1966,M,F,rachael1@adventure-works.com,"$80,000 ",5,Graduate Degree,Management,Y
11912,MRS.,RACHAEL,SAI,12/17/1965,S,F,rachael5@adventure-works.com,"$60,000 ",3,Bachelors,Professional,Y
11913,MRS.,REBECCA,ROBINSON,6/11/1965,M,F,rebecca3@adventure-works.com,"$60,000 ",3,Bachelors,Professional,Y
11914,MS.,MEAGAN,RANA,5/8/1968,S,F,meagan11@adventure-works.com,"$70,000 ",0,Bachelors,Professional,N
11915,MR.,PHILIP,CARLSON,3/16/1968,S,M,philip17@adventure-works.com,"$70,000 ",0,Bachelors,Professional,Y
11916,MR.,JOE,RANA,9/7/1965,S,M,joe14@adventure-works.com,"$70,000 ",0,Bachelors,Professional,N
11917,MR.,ROY,SANZ,10/22/1965,S,M,roy40@adventure-works.com,"$70,000 ",0,Bachelors,Professional,Y
11918,MRS.,KAYLEE,HILL,3/3/1964,M,F,kaylee35@adventure-works.com,"$60,000 ",3,Bachelors,Professional,Y
11919,MR.,WARREN,ANDERSEN,2/18/1964,M,M,warren2@adventure-works.com,"$60,000 ",4,Bachelors,Professional,Y
11920,MRS.,ADRIENNE,GOMEZ,2/28/1964,S,F,adrienne1@adventure-works.com,"$60,000 ",4,Bachelors,Professional,Y
11921,MR.,GILBERT,ZHU,12/23/1964,M,M,gilbert11@adventure-works.com,"$60,000 ",4,Bachelors,Professional,Y
11922,MR.,JAMES,DAVIS,8/20/1968,S,M,james80@adventure-works.com,"$90,000 ",4,Partial College,Skilled Manual,N
11923,MS.,SARAH,BRYANT,10/23/1979,M,F,sarah42@adventure-works.com,"$60,000 ",0,Partial College,Skilled Manual,N
11924,MR.,IAN,LONG,10/25/1979,S,M,ian50@adventure-works.com,"$60,000 ",0,Partial College,Skilled Manual,N
11925,MS.,ASHLEE,JAI,11/6/1978,S,F,ashlee18@adventure-works.com,"$40,000 ",0,Partial College,Skilled Manual,Y
11926,MR.,EDUARDO,FOSTER,3/18/1978,S,M,eduardo60@adventure-works.com,"$40,000 ",0,Partial College,Skilled Manual,N
11927,MS.,NICOLE,MURPHY,7/24/1978,S,F,nicole32@adventure-works.com,"$40,000 ",0,Partial College,Skilled Manual,N
11929,MRS.,VIRGINIA,GONZALEZ,2/12/1946,S,F,virginia21@adventure-works.com,"$30,000 ",2,Partial College,Clerical,Y
11930,MRS.,JACLYN,NARA,5/4/1947,M,F,jaclyn40@adventure-works.com,"$20,000 ",4,High School,Skilled Manual,N
11931,MR.,MARCUS,ADAMS,11/13/1978,S,M,marcus34@adventure-works.com,"$70,000 ",0,Partial College,Skilled Manual,Y
11932,MS.,ELIZABETH,COLEMAN,8/11/1978,M,F,elizabeth35@adventure-works.com,"$70,000 ",0,Partial College,Skilled Manual,N
11933,MR.,MATHEW,RUBIO,3/4/1977,S,M,mathew17@adventure-works.com,"$40,000 ",0,Partial High School,Clerical,N
11934,MR.,JUSTIN,SHAN,10/14/1977,S,M,justin27@adventure-works.com,"$40,000 ",0,Partial High School,Clerical,Y
11935,MS.,JESSICA,TAYLOR,11/19/1977,S,F,jessica56@adventure-works.com,"$30,000 ",0,Partial College,Skilled Manual,Y
11936,MR.,HUNTER,CLARK,4/11/1977,M,M,hunter51@adventure-works.com,"$30,000 ",0,Partial College,Skilled Manual,Y
11937,MR.,DEVIN,PEREZ,6/5/1977,M,M,devin35@adventure-works.com,"$30,000 ",0,Partial College,Skilled Manual,N
11938,MR.,SETH,ALEXANDER,9/21/1977,M,M,seth67@adventure-works.com,"$60,000 ",0,Partial College,Skilled Manual,Y
11939,MR.,KEVIN,WASHINGTON,6/22/1977,S,M,kevin16@adventure-works.com,"$60,000 ",0,Partial College,Skilled Manual,N
11940,MR.,TYLER,MILLER,7/12/1977,M,M,tyler11@adventure-works.com,"$100,000 ",3,Bachelors,Management,Y
11941,MR.,ADAM,ROBERTS,11/26/1976,S,M,adam34@adventure-works.com,"$60,000 ",0,Partial College,Skilled Manual,Y
11942,MR.,GEORGE,GONZALEZ,6/13/1949,M,M,george25@adventure-works.com,"$20,000 ",2,Partial High School,Clerical,Y
11943,MRS.,DAWN,HUANG,2/27/1949,M,F,dawn7@adventure-works.com,"$20,000 ",2,Partial High School,Clerical,Y
11944,MRS.,RACHAEL,RODRIGUEZ,10/15/1950,S,F,rachael18@adventure-works.com,"$30,000 ",3,Partial College,Clerical,N
11945,MR.,DENNIS,HUANG,9/11/1980,M,M,dennis7@adventure-works.com,"$20,000 ",0,Partial College,Skilled Manual,N
11946,MRS.,BRANDY,SAUNDERS,1/3/1951,S,F,brandy6@adventure-works.com,"$30,000 ",3,High School,Skilled Manual,Y
11947,MRS.,JENNY,ZHENG,10/22/1951,S,F,jenny21@adventure-works.com,"$30,000 ",3,High School,Skilled Manual,N
11948,MRS.,TASHA,XU,4/10/1951,M,F,tasha5@adventure-works.com,"$30,000 ",3,High School,Skilled Manual,Y
11949,MS.,JULIA,BROOKS,11/5/1980,S,F,julia63@adventure-works.com,"$70,000 ",0,Partial College,Skilled Manual,Y
11950,MS.,JORDAN,CARTER,9/10/1979,M,F,jordan39@adventure-works.com,"$70,000 ",0,Partial College,Skilled Manual,Y
11951,MRS.,LACEY,HUANG,8/6/1952,M,F,lacey18@adventure-works.com,"$40,000 ",2,Partial College,Skilled Manual,Y
11952,MR.,DOROTHY,ROBINSON,9/23/1954,S,M,dorothy3@adventure-works.com,"$80,000 ",2,Partial College,Skilled Manual,N
11953,MS.,COURTNEY,WRIGHT,9/4/1975,S,F,courtney16@adventure-works.com,"$40,000 ",0,High School,Skilled Manual,N
11954,MR.,JOSEPH,GARCIA,8/17/1975,M,M,joseph23@adventure-works.com,"$60,000 ",0,Partial College,Skilled Manual,Y
11955,MR.,GABRIEL,GREEN,4/5/1975,S,M,gabriel45@adventure-works.com,"$60,000 ",0,Partial College,Skilled Manual,Y
11956,MS.,ALEXANDRIA,SANDBERG,9/3/1974,S,F,alexandria27@adventure-works.com,"$40,000 ",0,High School,Skilled Manual,Y
11957,MS.,COURTNEY,HERNANDEZ,8/12/1973,S,F,courtney14@adventure-works.com,"$60,000 ",0,Partial College,Skilled Manual,N
11958,MR.,DYLAN,LAL,1/6/1973,S,M,dylan28@adventure-works.com,"$70,000 ",0,Partial College,Professional,Y
11959,MS.,ELIZABETH,DAVIS,4/7/1973,S,F,elizabeth9@adventure-works.com,"$70,000 ",0,Partial College,Professional,N
11960,MS.,ANA,GRIFFIN,7/3/1973,S,F,ana19@adventure-works.com,"$70,000 ",0,Partial College,Professional,N
11961,MS.,ANNE,ALVAREZ,6/24/1973,S,F,anne5@adventure-works.com,"$70,000 ",0,Partial College,Professional,Y
11962,MS.,ALEXANDRA,ROBERTS,11/28/1976,S,F,alexandra47@adventure-works.com,"$60,000 ",0,Partial College,Professional,N
11964,MR.,SHARON,SALAVARIA,2/17/1956,S,M,sharon4@adventure-works.com,"$70,000 ",2,High School,Skilled Manual,N
11965,,KATIE,SHE,10/19/1956,S,NA,katie3@adventure-works.com,"$70,000 ",2,High School,Skilled Manual,Y
11966,MR.,RAFAEL,BLACK,2/17/1956,S,M,rafael44@adventure-works.com,"$70,000 ",2,High School,Skilled Manual,Y
11967,MRS.,LATASHA,MUNOZ,2/10/1957,S,F,latasha7@adventure-works.com,"$80,000 ",2,High School,Professional,Y
11968,MS.,KELSEY,BECKER,10/21/1958,S,F,kelsey19@adventure-works.com,"$130,000 ",0,Graduate Degree,Management,N
11969,MR.,RANDY,XU,7/25/1958,S,M,randy14@adventure-works.com,"$130,000 ",0,Graduate Degree,Management,N
11970,MS.,BAILEY,COLLINS,11/16/1973,S,F,bailey22@adventure-works.com,"$80,000 ",0,Bachelors,Management,N
11971,MS.,AMANDA,ADAMS,9/3/1973,S,F,amanda58@adventure-works.com,"$80,000 ",0,Bachelors,Management,N
11972,MS.,KATHERINE,WILLIAMS,3/23/1974,M,F,katherine73@adventure-works.com,"$60,000 ",0,Partial College,Professional,N
11973,MS.,CAROLINE,BARNES,2/3/1974,S,F,caroline5@adventure-works.com,"$60,000 ",0,Partial College,Professional,N
11974,MR.,RANDY,SUN,2/7/1974,S,M,randy15@adventure-works.com,"$60,000 ",0,Partial College,Professional,N
11975,MS.,DESTINY,GARCIA,10/4/1974,S,F,destiny16@adventure-works.com,"$60,000 ",0,High School,Professional,N
11976,MRS.,AUDREY,RAMOS,5/26/1959,S,F,audrey19@adventure-works.com,"$120,000 ",1,Bachelors,Management,N
11977,MS.,BONNIE,JAI,5/23/1959,M,F,bonnie17@adventure-works.com,"$130,000 ",0,Graduate Degree,Management,Y
11978,MR.,JACKSON,WASHINGTON,10/22/1966,M,M,jackson15@adventure-works.com,"$130,000 ",0,Graduate Degree,Management,Y
11979,MR.,CHRISTOPHER,JOHNSON,5/8/1957,M,M,christopher25@adventure-works.com,"$80,000 ",2,Partial High School,Skilled Manual,N
11980,MRS.,KIMBERLY,RICHARDSON,12/18/1957,S,F,kimberly13@adventure-works.com,"$60,000 ",2,High School,Professional,N
11981,MRS.,ALEXANDRIA,HOWARD,2/3/1957,S,F,alexandria33@adventure-works.com,"$60,000 ",2,High School,Professional,N
11982,MRS.,ALEXANDRA,FOSTER,4/4/1957,S,F,alexandra37@adventure-works.com,"$60,000 ",2,High School,Professional,Y
11983,MRS.,CHERYL,ORTEGA,2/27/1957,M,F,cheryl24@adventure-works.com,"$70,000 ",3,Partial College,Professional,Y
11984,MR.,ALEX,CAMPBELL,6/6/1957,M,M,alex35@adventure-works.com,"$80,000 ",2,Bachelors,Management,Y
11985,MRS.,MELANIE,HUGHES,11/18/1957,M,F,melanie27@adventure-works.com,"$80,000 ",2,Bachelors,Management,N
11986,MR.,MAX,ALVAREZ,7/24/1963,S,M,max5@adventure-works.com,"$70,000 ",0,Bachelors,Professional,Y
11987,MRS.,DIANE,VAZQUEZ,11/27/1967,M,F,diane19@adventure-works.com,"$90,000 ",4,Bachelors,Professional,Y
11988,MRS.,KATHRYN,CHAPMAN,8/20/1962,S,F,kathryn14@adventure-works.com,"$70,000 ",1,Partial College,Skilled Manual,Y
11989,MRS.,KARA,ANAND,3/28/1962,S,F,kara20@adventure-works.com,"$70,000 ",1,Partial College,Skilled Manual,Y
11990,MRS.,JOANNA,VAZQUEZ,7/15/1962,S,F,joanna13@adventure-works.com,"$70,000 ",1,Partial College,Skilled Manual,Y
11991,MR.,FREDERICK,MARTINEZ,8/10/1962,M,M,frederick14@adventure-works.com,"$60,000 ",1,Bachelors,Professional,Y
11992,MRS.,TONYA,CHANDE,6/13/1961,S,F,tonya14@adventure-works.com,"$60,000 ",1,Partial College,Skilled Manual,Y
11993,MRS.,ROSA,WANG,3/19/1961,S,F,rosa1@adventure-works.com,"$60,000 ",1,Partial College,Skilled Manual,N
11994,MS.,LEAH,HU,10/22/1966,S,F,leah16@adventure-works.com,"$110,000 ",0,Graduate Degree,Management,N
11995,MR.,KELVIN,CARSON,6/14/1960,M,M,kelvin11@adventure-works.com,"$60,000 ",1,Partial College,Skilled Manual,Y
11996,MRS.,VERONICA,SRINI,8/2/1960,S,F,veronica9@adventure-works.com,"$60,000 ",1,Partial College,Skilled Manual,Y
11997,MRS.,KRISTINA,KAPOOR,4/7/1960,M,F,kristina1@adventure-works.com,"$60,000 ",1,Partial College,Skilled Manual,Y
11998,MRS.,DONNA,SHARMA,8/10/1960,M,F,donna9@adventure-works.com,"$60,000 ",1,Partial College,Skilled Manual,Y
11999,MR.,JOHNNY,SHAN,6/5/1960,M,M,johnny11@adventure-works.com,"$60,000 ",1,Partial College,Skilled Manual,Y
12000,MS.,ASHLEY,RUSSELL,3/12/1965,S,F,ashley47@adventure-works.com,"$70,000 ",0,Bachelors,Professional,N
12001,MRS.,SHANNON,YANG,7/6/1965,S,F,shannon5@adventure-works.com,"$80,000 ",5,Bachelors,Professional,Y
12002,MS.,ADRIANA,LOPEZ,2/6/1964,S,F,adriana17@adventure-works.com,"$70,000 ",0,Bachelors,Professional,Y
12003,MS.,AUDREY,MUNOZ,3/11/1963,S,F,audrey8@adventure-works.com,"$70,000 ",0,Bachelors,Professional,Y
12004,MR.,JARROD,SURI,12/20/1963,S,M,jarrod0@adventure-works.com,"$70,000 ",0,Bachelors,Professional,N
12005,MR.,GILBERT,SHEN,7/17/1962,M,M,gilbert23@adventure-works.com,"$60,000 ",1,Partial College,Skilled Manual,Y
12006,MR.,RICHARD,BLUE,3/16/1962,M,M,richard59@adventure-works.com,"$70,000 ",5,Partial College,Skilled Manual,Y
12007,MRS.,SHANNON,SUN,7/26/1961,M,F,shannon12@adventure-works.com,"$60,000 ",1,Partial College,Skilled Manual,Y
12008,MRS.,SHARON,YUAN,8/22/1961,M,F,sharon13@adventure-works.com,"$70,000 ",5,Partial College,Skilled Manual,Y
12009,MRS.,ANN,MARTINEZ,8/3/1957,S,F,ann22@adventure-works.com,"$80,000 ",1,Partial College,Skilled Manual,Y
12010,MR.,MAX,SERRANO,2/26/1957,M,M,max16@adventure-works.com,"$80,000 ",1,Partial College,Skilled Manual,Y
12011,MRS.,MORGAN,JOHNSON,2/17/1935,S,F,morgan24@adventure-works.com,"$30,000 ",2,Partial College,Clerical,N
12012,MRS.,MONICA,SCHMIDT,10/22/1960,M,F,monica11@adventure-works.com,"$60,000 ",3,Partial College,Skilled Manual,N
12013,MRS.,KAYLA,LEWIS,3/7/1953,S,F,kayla20@adventure-works.com,"$30,000 ",2,Partial College,Clerical,Y
12014,MR.,DEVIN,SANDERS,2/9/1949,M,M,devin65@adventure-works.com,"$10,000 ",2,High School,Skilled Manual,Y
12015,MR.,JACOB,WHITE,7/9/1976,S,M,jacob11@adventure-works.com,"$30,000 ",0,High School,Skilled Manual,N
12016,MS.,MEREDITH,SERRANO,12/13/1975,S,F,meredith40@adventure-works.com,"$40,000 ",0,High School,Skilled Manual,N
12017,MR.,DAVID,SIMMONS,10/27/1976,M,M,david48@adventure-works.com,"$40,000 ",0,High School,Skilled Manual,Y
12018,MR.,DEVIN,HENDERSON,8/2/1980,M,M,devin43@adventure-works.com,"$30,000 ",0,High School,Skilled Manual,Y
12019,MS.,GABRIELLE,COX,11/13/1980,S,F,gabrielle10@adventure-works.com,"$30,000 ",0,High School,Skilled Manual,N
12020,MS.,OLIVIA,ROGERS,9/14/1979,M,F,olivia27@adventure-works.com,"$30,000 ",0,High School,Skilled Manual,Y
12021,MRS.,DEBORAH,YUAN,2/13/1946,S,F,deborah11@adventure-works.com,"$10,000 ",5,High School,Skilled Manual,N
12022,MR.,JOSE,WRIGHT,11/22/1980,S,M,jose56@adventure-works.com,"$40,000 ",0,High School,Skilled Manual,Y
12023,MR.,FERNANDO,JOHNSON,7/8/1978,S,M,fernando2@adventure-works.com,"$30,000 ",0,Partial High School,Clerical,N
12024,MR.,SAMUEL,EDWARDS,6/26/1978,S,M,samuel32@adventure-works.com,"$40,000 ",0,High School,Skilled Manual,Y
12025,MR.,LOGAN,DIAZ,6/18/1978,M,M,logan22@adventure-works.com,"$40,000 ",0,High School,Skilled Manual,Y
12026,MR.,LUCAS,FLORES,7/17/1978,M,M,lucas60@adventure-works.com,"$40,000 ",0,High School,Skilled Manual,N
12027,MS.,HALEY,WOOD,10/26/1978,M,F,haley21@adventure-works.com,"$40,000 ",0,High School,Skilled Manual,Y
12028,MS.,SARAH,LEWIS,11/11/1977,S,F,sarah23@adventure-works.com,"$30,000 ",0,Partial High School,Clerical,N
12029,MR.,DAMIEN,HU,10/16/1977,M,M,damien16@adventure-works.com,"$30,000 ",0,Partial High School,Clerical,N
12030,MS.,ANA,WASHINGTON,2/5/1977,S,F,ana12@adventure-works.com,"$40,000 ",0,High School,Skilled Manual,Y
12031,MR.,LOGAN,JAI,10/19/1979,S,M,logan5@adventure-works.com,"$30,000 ",0,Partial High School,Clerical,N
12032,MR.,TYLER,TAYLOR,5/26/1979,S,M,tyler17@adventure-works.com,"$30,000 ",0,Partial High School,Clerical,N
12033,MS.,KRISTEN,GUO,5/2/1979,S,F,kristen15@adventure-works.com,"$40,000 ",0,High School,Skilled Manual,N
12034,MR.,JULIAN,LONG,3/14/1941,M,M,julian11@adventure-works.com,"$40,000 ",2,Bachelors,Management,Y
12035,MR.,GERALD,PRASAD,6/22/1941,M,M,gerald39@adventure-works.com,"$40,000 ",2,Bachelors,Management,N
12036,MRS.,SUMMER,LOPEZ,2/6/1941,M,F,summer14@adventure-works.com,"$40,000 ",2,Bachelors,Management,Y
12037,MRS.,PATRICIA,CHAPMAN,9/14/1943,S,F,patricia7@adventure-works.com,"$40,000 ",2,Bachelors,Management,Y
12038,MR.,GEORGE,VANCE,8/10/1943,S,M,george10@adventure-works.com,"$40,000 ",2,Bachelors,Management,Y
12039,MR.,RICARDO,NATH,2/13/1943,M,M,ricardo17@adventure-works.com,"$70,000 ",2,Graduate Degree,Management,Y
12040,MR.,RICHARD,TORRES,8/18/1976,M,M,richard85@adventure-works.com,"$40,000 ",0,Partial College,Skilled Manual,Y
12041,MR.,SETH,MARTIN,6/7/1975,M,M,seth15@adventure-works.com,"$40,000 ",0,High School,Skilled Manual,Y
12042,MR.,ALEX,CARTER,9/27/1975,M,M,alex39@adventure-works.com,"$40,000 ",0,High School,Skilled Manual,Y
12043,MR.,CARSON,PATTERSON,9/21/1974,M,M,carson9@adventure-works.com,"$40,000 ",0,Partial College,Skilled Manual,Y
12044,MS.,MADELINE,LOPEZ,5/27/1974,S,F,madeline18@adventure-works.com,"$40,000 ",0,Partial College,Skilled Manual,Y
12045,MR.,LUIS,RUSSELL,6/25/1974,S,M,luis19@adventure-works.com,"$40,000 ",0,Partial College,Skilled Manual,N
12046,MS.,ALEXA,COOK,7/18/1974,S,F,alexa20@adventure-works.com,"$40,000 ",0,Partial College,Skilled Manual,N
12047,MS.,ALEXANDRA,DAVIS,3/25/1974,S,F,alexandra68@adventure-works.com,"$40,000 ",0,Partial College,Skilled Manual,N
12048,MS.,KAYLA,COLEMAN,5/19/1972,S,F,kayla30@adventure-works.com,"$70,000 ",0,Partial College,Skilled Manual,Y
12049,MS.,ANGELA,RUSSELL,4/11/1968,S,F,angela22@adventure-works.com,"$80,000 ",0,Bachelors,Management,Y
12050,MR.,AARON,YOUNG,9/14/1967,S,M,aaron49@adventure-works.com,"$110,000 ",0,Graduate Degree,Management,N
12051,MR.,ISAIAH,SCOTT,9/24/1967,S,M,isaiah39@adventure-works.com,"$120,000 ",0,Bachelors,Management,N
12052,MS.,MAKAYLA,WARD,5/27/1967,S,F,makayla11@adventure-works.com,"$120,000 ",0,Bachelors,Management,N
12053,MR.,CEDRIC,GAO,5/15/1967,S,M,cedric14@adventure-works.com,"$130,000 ",0,Graduate Degree,Management,Y
12054,MR.,LUKE,DIAZ,6/4/1968,M,M,luke11@adventure-works.com,"$90,000 ",4,Bachelors,Management,Y
12055,MRS.,ARIANNA,RICHARDSON,11/20/1968,M,F,arianna31@adventure-works.com,"$90,000 ",4,Bachelors,Management,N
12056,MR.,IAN,WARD,6/15/1942,M,M,ian69@adventure-works.com,"$120,000 ",2,Graduate Degree,Management,Y
12057,MRS.,MADELINE,COLLINS,3/15/1943,M,F,madeline2@adventure-works.com,"$120,000 ",2,Graduate Degree,Management,Y
12058,MRS.,CHLOE,NELSON,7/3/1943,M,F,chloe6@adventure-works.com,"$130,000 ",2,Bachelors,Management,Y
12059,MR.,JASON,JENKINS,6/2/1943,M,M,jason4@adventure-works.com,"$130,000 ",2,Bachelors,Management,Y
12060,MR.,ANDREW,WEDGE,4/16/1943,S,M,andrew22@adventure-works.com,"$150,000 ",1,Graduate Degree,Management,N
12061,MR.,BRYCE,BROOKS,5/9/1943,M,M,bryce2@adventure-works.com,"$160,000 ",1,Bachelors,Management,Y
12062,MR.,EDWARD,LONG,6/4/1944,M,M,edward58@adventure-works.com,"$70,000 ",4,Bachelors,Management,Y
12063,MR.,XAVIER,MARTINEZ,9/8/1944,M,M,xavier15@adventure-works.com,"$70,000 ",4,Bachelors,Management,Y
12064,MR.,JOHN,WHITE,10/9/1944,S,M,john50@adventure-works.com,"$70,000 ",4,Bachelors,Management,Y
12065,MR.,ISAIAH,COLLINS,7/3/1944,M,M,isaiah24@adventure-works.com,"$70,000 ",4,Bachelors,Management,Y
12066,MR.,WYATT,POWELL,8/12/1944,M,M,wyatt60@adventure-works.com,"$70,000 ",4,Bachelors,Management,Y
12067,MR.,AARON,BRYANT,11/14/1944,S,M,aaron17@adventure-works.com,"$70,000 ",4,Bachelors,Management,Y
12068,MRS.,MARIA,JENKINS,5/22/1944,S,F,maria30@adventure-works.com,"$70,000 ",4,Bachelors,Management,Y
12069,MR.,GARRETT,KELLY,11/1/1944,M,M,garrett6@adventure-works.com,"$70,000 ",4,Bachelors,Management,N
12070,MR.,LUKE,ROSS,9/3/1944,M,M,luke22@adventure-works.com,"$70,000 ",4,Bachelors,Management,Y
12071,MR.,ROBERT,ROBINSON,4/2/1944,M,M,robert78@adventure-works.com,"$70,000 ",4,Bachelors,Management,Y
12072,MR.,TRISTAN,ROSS,8/24/1944,M,M,tristan4@adventure-works.com,"$70,000 ",4,Bachelors,Management,Y
12073,MR.,THOMAS,RODRIGUEZ,8/23/1944,M,M,thomas68@adventure-works.com,"$70,000 ",4,Bachelors,Management,Y
12074,MRS.,MEGAN,JENKINS,10/27/1944,S,F,megan57@adventure-works.com,"$70,000 ",4,Bachelors,Management,Y
12075,MR.,CAMERON,GRIFFIN,6/26/1944,S,M,cameron16@adventure-works.com,"$60,000 ",4,Bachelors,Management,Y
12076,MRS.,CHLOE,WASHINGTON,2/26/1944,M,F,chloe80@adventure-works.com,"$70,000 ",5,Bachelors,Management,Y
12077,MRS.,NICOLE,SANDBERG,3/21/1945,S,F,nicole47@adventure-works.com,"$70,000 ",5,Bachelors,Management,Y
12078,MR.,JOSE,EDWARDS,2/18/1945,M,M,jose39@adventure-works.com,"$60,000 ",4,Bachelors,Management,Y
12079,MR.,NATHANIEL,COOPER,10/13/1945,M,M,nathaniel9@adventure-works.com,"$60,000 ",4,Bachelors,Management,N
12080,MRS.,GRACE,SANCHEZ,6/9/1946,S,F,grace26@adventure-works.com,"$60,000 ",4,Bachelors,Management,Y
12081,MRS.,KAITLYN,PEREZ,6/5/1946,S,F,kaitlyn10@adventure-works.com,"$60,000 ",5,Bachelors,Management,Y
12082,MRS.,LAUREN,SANCHEZ,10/12/1946,M,F,lauren0@adventure-works.com,"$70,000 ",5,Bachelors,Management,Y
12083,MRS.,KAYLA,ALEXANDER,2/28/1946,M,F,kayla43@adventure-works.com,"$70,000 ",4,Bachelors,Management,Y
12084,MR.,AIDAN,PERRY,8/7/1947,M,M,aidan8@adventure-works.com,"$60,000 ",5,Bachelors,Management,N
12085,MR.,TYLER,RODRIGUEZ,12/25/1947,M,M,tyler20@adventure-works.com,"$60,000 ",2,Bachelors,Management,Y
12086,MRS.,EMILY,CLARK,8/13/1947,S,F,emily20@adventure-works.com,"$60,000 ",2,Bachelors,Management,Y
12087,MR.,SEAN,COOK,7/14/1947,S,M,sean29@adventure-works.com,"$70,000 ",4,Bachelors,Management,Y
12088,MRS.,LAUREN,THOMPSON,7/22/1947,S,F,lauren33@adventure-works.com,"$70,000 ",4,Bachelors,Management,Y
12089,MR.,NATHANIEL,RICHARDSON,10/24/1947,M,M,nathaniel10@adventure-works.com,"$70,000 ",4,Bachelors,Management,Y
12090,MRS.,SAVANNAH,CARTER,7/5/1948,M,F,savannah32@adventure-works.com,"$40,000 ",2,High School,Professional,Y
12091,MR.,EDDIE,MUNOZ,11/12/1948,M,M,eddie7@adventure-works.com,"$40,000 ",2,High School,Professional,Y
12092,MR.,AUSTIN,WHITE,2/9/1948,M,M,austin48@adventure-works.com,"$40,000 ",2,High School,Professional,Y
12093,MR.,LEVI,CHANDRA,11/8/1948,M,M,levi1@adventure-works.com,"$60,000 ",2,Partial College,Professional,Y
12094,MRS.,BAILEY,BAILEY,9/19/1948,M,F,bailey13@adventure-works.com,"$60,000 ",2,Bachelors,Management,Y
12095,MR.,AUSTIN,GRIFFIN,2/25/1948,M,M,austin17@adventure-works.com,"$60,000 ",2,Bachelors,Management,Y
12096,MRS.,CAITLIN,BROOKS,2/27/1948,M,F,caitlin1@adventure-works.com,"$60,000 ",2,Bachelors,Management,N
12097,MR.,SEAN,ALLEN,11/13/1949,S,M,sean49@adventure-works.com,"$60,000 ",2,Partial College,Professional,Y
12098,MRS.,GRACE,CLARK,10/25/1949,S,F,grace18@adventure-works.com,"$60,000 ",2,Partial College,Professional,Y
12099,MRS.,SYDNEY,HALL,11/18/1949,S,F,sydney86@adventure-works.com,"$60,000 ",2,Partial College,Professional,N
12100,MR.,JON,SUN,4/24/1949,S,M,jon33@adventure-works.com,"$60,000 ",2,Bachelors,Management,Y
12101,MR.,LOGAN,PATTERSON,4/24/1949,S,M,logan13@adventure-works.com,"$70,000 ",4,Partial College,Professional,Y
12102,MR.,DEVIN,SIMMONS,6/4/1949,M,M,devin53@adventure-works.com,"$70,000 ",4,Partial College,Professional,Y
12103,MRS.,CHLOE,WHITE,10/12/1949,M,F,chloe45@adventure-works.com,"$70,000 ",4,Partial College,Professional,Y
12104,MRS.,MARIAH,ROSS,1/11/1949,M,F,mariah8@adventure-works.com,"$70,000 ",4,Partial College,Professional,Y
12105,MRS.,ABIGAIL,FOSTER,5/16/1949,S,F,abigail68@adventure-works.com,"$70,000 ",5,Partial College,Professional,Y
12106,MR.,ISAIAH,BAKER,6/8/1950,M,M,isaiah31@adventure-works.com,"$40,000 ",2,Partial High School,Skilled Manual,Y
12107,MR.,NATHAN,GONZALES,8/15/1950,M,M,nathan13@adventure-works.com,"$40,000 ",2,Partial High School,Skilled Manual,Y
12108,MR.,JAMES,WALKER,2/23/1950,M,M,james96@adventure-works.com,"$60,000 ",2,Partial College,Professional,Y
12109,MRS.,MORGAN,FOSTER,3/20/1950,S,F,morgan85@adventure-works.com,"$60,000 ",2,Partial College,Professional,Y
12110,MRS.,BIANCA,GUO,2/3/1950,M,F,bianca14@adventure-works.com,"$60,000 ",2,Partial College,Professional,Y
12111,MRS.,JACQUELINE,GONZALES,8/4/1950,M,F,jacqueline18@adventure-works.com,"$60,000 ",2,Partial College,Professional,Y
12112,MRS.,ARIANNA,HENDERSON,6/9/1950,M,F,arianna5@adventure-works.com,"$70,000 ",4,Partial College,Professional,Y
12113,MR.,NATHAN,HUGHES,8/23/1951,M,M,nathan7@adventure-works.com,"$70,000 ",2,High School,Professional,Y
12114,MR.,CHARLES,RICHARDSON,11/7/1951,M,M,charles58@adventure-works.com,"$70,000 ",2,High School,Professional,Y
12115,MRS.,CHLOE,RICHARDSON,2/8/1951,S,F,chloe55@adventure-works.com,"$70,000 ",2,High School,Professional,Y
12116,MRS.,AMANDA,GRAY,2/22/1951,S,F,amanda15@adventure-works.com,"$70,000 ",2,High School,Professional,Y
12117,MR.,CAMERON,YANG,8/3/1951,M,M,cameron23@adventure-works.com,"$60,000 ",2,Partial College,Professional,Y
12118,MRS.,MIGUEL,SANCHEZ,1/27/1951,M,F,miguel72@adventure-works.com,"$60,000 ",2,Partial College,Professional,Y
12119,MR.,KEITH,RAJE,6/1/1951,M,M,keith17@adventure-works.com,"$60,000 ",2,Partial College,Professional,N
12120,MR.,XAVIER,SIMMONS,7/11/1952,M,M,xavier55@adventure-works.com,"$60,000 ",3,High School,Professional,Y
12121,MR.,LOGAN,WILSON,9/25/1952,S,M,logan58@adventure-works.com,"$60,000 ",3,High School,Professional,Y
12122,MRS.,DESTINY,COLEMAN,12/18/1952,M,F,destiny54@adventure-works.com,"$70,000 ",4,Partial College,Professional,Y
12123,MR.,WESLEY,LIANG,6/14/1958,M,M,wesley16@adventure-works.com,"$170,000 ",2,Bachelors,Management,Y
12124,MRS.,BRANDI,GILL,2/8/1957,S,F,brandi13@adventure-works.com,"$110,000 ",2,Partial College,Professional,Y
12125,MRS.,DIANA,ORTEGA,1/12/1957,M,F,diana21@adventure-works.com,"$130,000 ",2,Partial College,Professional,Y
12126,MRS.,TAMMY,RAMAN,11/18/1957,M,F,tammy13@adventure-works.com,"$150,000 ",2,High School,Professional,Y
12127,MRS.,GRACE,DAVIS,12/14/1956,M,F,grace4@adventure-works.com,"$100,000 ",2,Partial College,Professional,Y
12128,MRS.,KRISTY,MUNOZ,12/16/1956,M,F,kristy7@adventure-works.com,"$120,000 ",3,High School,Professional,Y
12129,MRS.,WENDY,ALVAREZ,9/21/1956,M,F,wendy5@adventure-works.com,"$120,000 ",3,High School,Professional,Y
12130,MRS.,SUZANNE,ZHOU,8/12/1956,S,F,suzanne10@adventure-works.com,"$120,000 ",3,High School,Professional,Y
12131,MR.,RANDALL,DOMINGUEZ,10/17/1955,M,M,randall14@adventure-works.com,"$90,000 ",2,High School,Professional,N
12132,MRS.,KAITLYN,HENDERSON,11/19/1955,M,F,kaitlyn72@adventure-works.com,"$110,000 ",3,Partial College,Professional,Y
12133,MRS.,COLLEEN,XIE,12/26/1955,M,F,colleen27@adventure-works.com,"$130,000 ",3,Partial College,Professional,Y
12134,MR.,HECTOR,ALONSO,9/23/1955,M,M,hector6@adventure-works.com,"$170,000 ",3,High School,Professional,Y
12135,MR.,FERNANDO,TAYLOR,4/11/1957,M,M,fernando9@adventure-works.com,"$90,000 ",2,Partial College,Professional,Y
12136,MR.,BLAKE,TURNER,11/8/1932,M,M,blake41@adventure-works.com,"$30,000 ",4,High School,Professional,N
12137,MR.,JACK,GREEN,11/4/1932,M,M,jack51@adventure-works.com,"$90,000 ",3,Graduate Degree,Management,Y
12138,MR.,COLIN,JAI,11/26/1933,M,M,colin34@adventure-works.com,"$70,000 ",3,Graduate Degree,Management,Y
12139,MR.,FRANKLIN,YANG,3/15/1933,M,M,franklin5@adventure-works.com,"$70,000 ",4,Graduate Degree,Management,Y
12140,MR.,OSCAR,RUSSELL,3/11/1965,S,M,oscar6@adventure-works.com,"$90,000 ",4,Partial College,Professional,N
12141,MRS.,KAITLYN,LEE,9/20/1965,S,F,kaitlyn45@adventure-works.com,"$90,000 ",4,Partial College,Professional,Y
12142,MRS.,GABRIELLA,TORRES,1/6/1965,S,F,gabriella11@adventure-works.com,"$100,000 ",4,Bachelors,Management,Y
12143,MR.,LOGAN,TURNER,11/13/1965,M,M,logan31@adventure-works.com,"$100,000 ",4,Bachelors,Management,Y
12144,MRS.,KELLY,JENKINS,11/10/1965,M,F,kelly11@adventure-works.com,"$100,000 ",4,Partial College,Professional,Y
12145,MR.,BRANDON,BUTLER,10/4/1965,M,M,brandon11@adventure-works.com,"$100,000 ",4,Partial College,Professional,Y
12146,MR.,XAVIER,THOMAS,7/14/1965,S,M,xavier8@adventure-works.com,"$110,000 ",3,Bachelors,Management,N
12147,MRS.,TAYLOR,PATTERSON,12/28/1964,M,F,taylor35@adventure-works.com,"$80,000 ",4,Bachelors,Management,Y
12148,MRS.,GABRIELLE,MORRIS,12/6/1964,S,F,gabrielle1@adventure-works.com,"$100,000 ",5,Partial College,Professional,Y
12149,MRS.,BAILEY,SCOTT,6/24/1964,M,F,bailey33@adventure-works.com,"$100,000 ",5,Partial College,Professional,Y
12150,MR.,LOGAN,WANG,8/12/1964,M,M,logan24@adventure-works.com,"$130,000 ",2,Graduate Degree,Management,Y
12151,MR.,STEVEN,KELLY,5/12/1964,M,M,steven12@adventure-works.com,"$130,000 ",2,Bachelors,Management,Y
12152,MR.,ADRIAN,RAMIREZ,3/26/1964,M,M,adrian9@adventure-works.com,"$130,000 ",2,Bachelors,Management,Y
12153,MRS.,KAITLYN,BAILEY,9/15/1956,S,F,kaitlyn54@adventure-works.com,"$70,000 ",3,Partial College,Professional,Y
12154,MRS.,HAILEY,ADAMS,7/24/1956,S,F,hailey55@adventure-works.com,"$80,000 ",3,Partial College,Professional,Y
12155,MRS.,GABRIELLA,LOPEZ,10/15/1956,S,F,gabriella44@adventure-works.com,"$80,000 ",3,Partial College,Professional,Y
12156,MRS.,BONNIE,RAJI,1/12/1934,M,F,bonnie27@adventure-works.com,"$70,000 ",4,Graduate Degree,Management,Y
12157,MR.,WILLIAM,WHITE,9/22/1934,M,M,william8@adventure-works.com,"$120,000 ",1,Graduate Degree,Management,Y
12158,MR.,KYLE,PHILLIPS,4/24/1963,M,M,kyle36@adventure-works.com,"$80,000 ",4,Partial College,Professional,Y
12159,MRS.,KAITLYN,SCOTT,11/14/1963,M,F,kaitlyn11@adventure-works.com,"$80,000 ",4,Partial College,Professional,Y
12160,MS.,JACLYN,ZHANG,11/24/1963,S,F,jaclyn0@adventure-works.com,"$90,000 ",0,Partial College,Professional,Y
12161,MRS.,ALEXANDRIA,ROGERS,3/8/1963,M,F,alexandria40@adventure-works.com,"$100,000 ",5,Partial College,Professional,Y
12162,MR.,LUKE,MITCHELL,12/20/1963,S,M,luke43@adventure-works.com,"$120,000 ",4,Partial College,Professional,Y
12163,MR.,AARON,WANG,9/5/1963,S,M,aaron24@adventure-works.com,"$150,000 ",2,Bachelors,Management,N
12164,MR.,NOAH,BUTLER,4/13/1963,M,M,noah11@adventure-works.com,"$150,000 ",3,Bachelors,Management,Y
12165,MR.,CALEB,FLORES,6/12/1962,M,M,caleb9@adventure-works.com,"$80,000 ",5,Partial College,Professional,Y
12166,MR.,JARED,ROGERS,3/14/1962,M,M,jared21@adventure-works.com,"$80,000 ",5,Partial College,Professional,Y
12167,MR.,SEBASTIAN,STEWART,9/21/1962,S,M,sebastian21@adventure-works.com,"$100,000 ",1,Partial College,Professional,Y
12168,MR.,HUNTER,JACKSON,2/9/1961,M,M,hunter45@adventure-works.com,"$80,000 ",5,Partial College,Professional,Y
12169,MRS.,ABIGAIL,HOWARD,11/16/1961,S,F,abigail16@adventure-works.com,"$120,000 ",1,High School,Professional,Y
12170,MRS.,SARA,REED,1/7/1961,M,F,sara22@adventure-works.com,"$130,000 ",1,Bachelors,Management,N
12171,MRS.,ALYSSA,COOPER,2/3/1961,S,F,alyssa35@adventure-works.com,"$130,000 ",1,Bachelors,Management,N
12172,MR.,EDUARDO,ALEXANDER,3/5/1961,S,M,eduardo62@adventure-works.com,"$130,000 ",1,Bachelors,Management,N
12173,MR.,DALTON,EDWARDS,9/12/1961,M,M,dalton44@adventure-works.com,"$130,000 ",1,Bachelors,Management,Y
12174,MR.,CHARLES,PHILLIPS,5/7/1961,M,M,charles42@adventure-works.com,"$170,000 ",1,Graduate Degree,Management,N
12175,MR.,LUKE,POWELL,9/13/1955,S,M,luke27@adventure-works.com,"$60,000 ",2,High School,Professional,N
12176,MR.,CODY,JAMES,11/16/1955,S,M,cody0@adventure-works.com,"$60,000 ",2,High School,Professional,N
12177,MR.,KEVIN,CAMPBELL,3/27/1955,S,M,kevin44@adventure-works.com,"$70,000 ",4,High School,Professional,Y
12178,MR.,ETHAN,SHAN,5/11/1954,M,M,ethan27@adventure-works.com,"$80,000 ",2,Partial High School,Skilled Manual,Y
12179,MRS.,ALEXIS,JONES,10/10/1935,S,F,alexis3@adventure-works.com,"$50,000 ",2,Graduate Degree,Management,Y
12180,MRS.,HOLLY,MEHTA,9/17/1936,S,F,holly13@adventure-works.com,"$50,000 ",2,Graduate Degree,Management,Y
12181,MRS.,KATELYN,SANDERS,8/21/1936,M,F,katelyn2@adventure-works.com,"$130,000 ",2,Graduate Degree,Management,Y
12182,MRS.,ERIN,TORRES,12/7/1960,M,F,erin8@adventure-works.com,"$70,000 ",5,High School,Professional,Y
12183,MRS.,EMILY,ROBINSON,10/26/1960,M,F,emily19@adventure-works.com,"$80,000 ",5,Partial College,Professional,Y
12184,MR.,ISAIAH,PEREZ,12/8/1960,M,M,isaiah26@adventure-works.com,"$100,000 ",3,Partial College,Professional,Y
12185,MS.,KAITLYN,PATTERSON,7/27/1960,S,F,kaitlyn77@adventure-works.com,"$100,000 ",0,Partial College,Professional,Y
12186,MR.,BRYANT,SRINI,5/12/1960,S,M,bryant8@adventure-works.com,"$100,000 ",0,Partial College,Professional,N
12187,MR.,RUBEN,SUBRAM,7/22/1960,M,M,ruben14@adventure-works.com,"$100,000 ",0,Partial College,Professional,Y
12188,MRS.,ASHLEY,THOMAS,5/23/1960,S,F,ashley11@adventure-works.com,"$110,000 ",3,Partial College,Professional,Y
12189,MRS.,SOPHIA,WRIGHT,2/19/1960,M,F,sophia18@adventure-works.com,"$130,000 ",4,Bachelors,Management,Y
12190,MR.,JUSTIN,GONZALES,12/17/1960,S,M,justin14@adventure-works.com,"$170,000 ",1,Graduate Degree,Management,N
12191,MRS.,MELISSA,WASHINGTON,4/10/1954,M,F,melissa8@adventure-works.com,"$60,000 ",2,Partial High School,Skilled Manual,Y
12192,MRS.,JOCELYN,HAYES,11/26/1954,S,F,jocelyn22@adventure-works.com,"$60,000 ",2,Partial High School,Skilled Manual,N
12193,MR.,CALEB,SIMMONS,2/4/1954,S,M,caleb12@adventure-works.com,"$70,000 ",3,High School,Professional,Y
12194,MRS.,DESTINY,FOSTER,7/17/1953,S,F,destiny64@adventure-works.com,"$70,000 ",3,Graduate Degree,Management,Y
12195,MRS.,ERIN,MORRIS,11/24/1953,S,F,erin22@adventure-works.com,"$70,000 ",3,Graduate Degree,Management,Y
12196,MRS.,ALEXIS,MILLER,9/7/1953,S,F,alexis5@adventure-works.com,"$70,000 ",3,Graduate Degree,Management,Y
12197,MR.,ADAM,HERNANDEZ,1/15/1953,M,M,adam47@adventure-works.com,"$70,000 ",3,Graduate Degree,Management,N
12198,MR.,NOAH,SCOTT,2/14/1953,M,M,noah42@adventure-works.com,"$60,000 ",3,Graduate Degree,Management,Y
12199,MRS.,CHRISTINA,RICHARDSON,5/8/1952,S,F,christina7@adventure-works.com,"$40,000 ",3,Partial College,Professional,N
12200,MR.,RAFAEL,SHARMA,7/23/1937,M,M,rafael33@adventure-works.com,"$70,000 ",4,Graduate Degree,Management,Y
12201,MRS.,MINDY,YUAN,8/6/1938,M,F,mindy11@adventure-works.com,"$100,000 ",2,Graduate Degree,Management,Y
12202,MR.,XAVIER,ROSS,5/25/1938,M,M,xavier45@adventure-works.com,"$100,000 ",2,Graduate Degree,Management,Y
12203,MR.,ZACHARY,HUGHES,3/6/1938,M,M,zachary10@adventure-works.com,"$120,000 ",2,Graduate Degree,Management,Y
12204,MR.,BRADLEY,JAI,2/2/1938,M,M,bradley13@adventure-works.com,"$120,000 ",2,Graduate Degree,Management,Y
12205,MRS.,MADISON,LONG,10/2/1938,S,F,madison45@adventure-works.com,"$130,000 ",2,Bachelors,Management,N
12206,MRS.,SIERRA,PARKER,4/12/1939,M,F,sierra7@adventure-works.com,"$90,000 ",5,Bachelors,Management,Y
12207,MR.,SAMUEL,HILL,6/20/1940,S,M,samuel42@adventure-works.com,"$80,000 ",4,Bachelors,Management,Y
12208,MRS.,DOMINIQUE,SANCHEZ,2/19/1940,M,F,dominique17@adventure-works.com,"$130,000 ",2,Bachelors,Management,Y
12209,MRS.,MINDY,JAI,6/26/1940,M,F,mindy16@adventure-works.com,"$130,000 ",2,Bachelors,Management,Y
12210,MR.,ALAN,HE,9/25/1978,M,M,alan22@adventure-works.com,"$10,000 ",0,Graduate Degree,Manual,N
12211,MR.,VICTOR,ROMERO,2/27/1974,M,M,victor10@adventure-works.com,"$10,000 ",0,Graduate Degree,Manual,Y
12212,MS.,SHAWNA,XIE,5/19/1969,M,F,shawna3@adventure-works.com,"$10,000 ",0,Graduate Degree,Manual,Y
12213,MR.,ALEJANDRO,LAL,2/2/1963,M,M,alejandro35@adventure-works.com,"$10,000 ",1,Graduate Degree,Manual,Y
12214,MRS.,JULIE,RAJE,9/20/1962,M,F,julie19@adventure-works.com,"$20,000 ",1,Graduate Degree,Manual,Y
12215,MRS.,KARLA,SHE,12/14/1962,M,F,karla0@adventure-works.com,"$20,000 ",1,Graduate Degree,Clerical,Y
12216,MR.,GERALD,RODRIGUEZ,4/2/1962,M,M,gerald5@adventure-works.com,"$20,000 ",1,Graduate Degree,Clerical,Y
12217,MR.,KYLE,ROBERTS,7/3/1961,M,M,kyle34@adventure-works.com,"$10,000 ",1,Bachelors,Manual,Y
12218,MR.,MITCHELL,XU,11/26/1961,M,M,mitchell4@adventure-works.com,"$10,000 ",1,Bachelors,Manual,Y
12219,MR.,KURT,NARA,4/14/1961,M,M,kurt17@adventure-works.com,"$10,000 ",1,Bachelors,Manual,Y
12220,MRS.,VIRGINIA,SARA,1/16/1961,M,F,virginia12@adventure-works.com,"$10,000 ",1,Bachelors,Manual,Y
12221,MRS.,BRANDI,RUIZ,1/9/1961,M,F,brandi2@adventure-works.com,"$20,000 ",1,Graduate Degree,Clerical,Y
12222,MRS.,JENNY,XU,3/20/1961,M,F,jenny14@adventure-works.com,"$20,000 ",1,Graduate Degree,Clerical,Y
12223,MRS.,FELICIA,VAZQUEZ,2/19/1961,M,F,felicia14@adventure-works.com,"$20,000 ",1,Graduate Degree,Clerical,Y
12224,MR.,TRISTAN,HENDERSON,9/18/1935,M,M,tristan5@adventure-works.com,"$20,000 ",1,Graduate Degree,Clerical,Y
12225,MRS.,KATHLEEN,ORTEGA,11/2/1958,M,F,kathleen21@adventure-works.com,"$20,000 ",1,Graduate Degree,Clerical,Y
12226,MRS.,FAITH,WARD,4/10/1957,M,F,faith31@adventure-works.com,"$10,000 ",1,Bachelors,Clerical,Y
12227,MRS.,KELSEY,RAJE,8/11/1957,M,F,kelsey13@adventure-works.com,"$10,000 ",1,Partial College,Manual,Y
12229,MRS.,KARI,GOMEZ,11/17/1956,M,F,kari22@adventure-works.com,"$10,000 ",2,Partial College,Manual,Y
12230,MR.,WESLEY,ZHENG,2/12/1956,M,M,wesley19@adventure-works.com,"$10,000 ",2,Partial College,Manual,Y
12231,MRS.,ISABELLE,PATTERSON,3/19/1955,S,F,isabelle9@adventure-works.com,"$10,000 ",2,Partial College,Manual,Y
12232,MR.,SEAN,HERNANDEZ,4/14/1955,S,M,sean51@adventure-works.com,"$10,000 ",2,Partial College,Manual,Y
12233,MR.,JERRY,YUAN,5/9/1955,M,M,jerry7@adventure-works.com,"$10,000 ",2,Partial College,Manual,Y
12234,MR.,CLARENCE,ZENG,2/25/1954,M,M,clarence15@adventure-works.com,"$10,000 ",2,Partial College,Manual,Y
12235,MRS.,DONNA,RAI,5/26/1938,M,F,donna15@adventure-works.com,"$30,000 ",1,Graduate Degree,Clerical,Y
12236,MRS.,KENDRA,GILL,6/6/1941,M,F,kendra13@adventure-works.com,"$20,000 ",1,Partial College,Manual,Y
12237,MRS.,RUTH,MADAN,5/11/1941,M,F,ruth12@adventure-works.com,"$20,000 ",1,Partial College,Manual,Y
12238,MRS.,MONICA,RAMAN,7/28/1941,M,F,monica12@adventure-works.com,"$30,000 ",1,Bachelors,Clerical,Y
12239,MR.,ALBERTO,RAMOS,6/1/1942,M,M,alberto17@adventure-works.com,"$30,000 ",1,Bachelors,Clerical,Y
12240,MR.,CLAYTON,SHARMA,12/4/1980,S,M,clayton27@adventure-works.com,"$10,000 ",0,Partial College,Manual,N
12241,MS.,KRISTINE,SANDBERG,11/6/1979,S,F,kristine21@adventure-works.com,"$10,000 ",0,Partial College,Manual,N
12242,MR.,GILBERT,LIANG,2/4/1979,S,M,gilbert14@adventure-works.com,"$10,000 ",0,Partial College,Manual,N
12243,MS.,KRISTY,RUBIO,5/18/1980,S,F,kristy19@adventure-works.com,"$10,000 ",0,Partial College,Manual,N
12244,MS.,AMY,HUANG,11/22/1980,M,F,amy13@adventure-works.com,"$20,000 ",0,Bachelors,Clerical,Y
12245,MR.,FRANCISCO,GONZALEZ,11/26/1978,S,M,francisco20@adventure-works.com,"$10,000 ",0,Partial College,Manual,Y
12246,MR.,SHAWN,LUO,10/12/1979,M,M,shawn8@adventure-works.com,"$10,000 ",1,High School,Manual,Y
12247,MS.,BRANDY,RAMAN,10/18/1979,S,F,brandy8@adventure-works.com,"$20,000 ",0,Bachelors,Clerical,Y
12248,MR.,DEVIN,TAYLOR,3/14/1978,S,M,devin7@adventure-works.com,"$10,000 ",1,High School,Manual,N
12249,MR.,JESSIE,CAI,9/16/1978,M,M,jessie27@adventure-works.com,"$20,000 ",0,Bachelors,Clerical,Y
12250,MRS.,ANDREA,COLLINS,4/8/1977,S,F,andrea26@adventure-works.com,"$10,000 ",1,High School,Manual,N
12251,MR.,TROY,SURI,4/9/1977,M,M,troy0@adventure-works.com,"$20,000 ",0,Partial College,Manual,Y
12252,MR.,OMAR,LIU,10/1/1977,M,M,omar4@adventure-works.com,"$20,000 ",0,Partial College,Manual,N
12253,MS.,JENNY,SUN,2/14/1977,S,F,jenny15@adventure-works.com,"$20,000 ",0,Partial College,Manual,Y
12254,MR.,CALVIN,DENG,2/26/1943,S,M,calvin1@adventure-works.com,"$20,000 ",1,Partial College,Manual,Y
12255,MRS.,ROBYN,ALVAREZ,8/6/1961,S,F,robyn3@adventure-works.com,"$20,000 ",1,Partial College,Manual,N
12256,MRS.,WENDY,RAMOS,10/23/1961,M,F,wendy16@adventure-works.com,"$20,000 ",1,Partial College,Manual,Y
12257,MR.,ROSS,RUIZ,4/6/1961,M,M,ross22@adventure-works.com,"$30,000 ",4,Graduate Degree,Clerical,Y
12258,MRS.,JAMIE,LI,9/27/1961,M,F,jamie5@adventure-works.com,"$30,000 ",4,Graduate Degree,Clerical,Y
12259,MRS.,CINDY,MADAN,4/16/1961,M,F,cindy7@adventure-works.com,"$30,000 ",4,Graduate Degree,Clerical,Y
12260,MRS.,MELINDA,ROMERO,5/5/1961,M,F,melinda4@adventure-works.com,"$30,000 ",4,Graduate Degree,Clerical,Y
12261,MRS.,KAITLIN,SANCHEZ,10/26/1960,M,F,kaitlin19@adventure-works.com,"$10,000 ",1,High School,Manual,Y
12262,MRS.,MORGAN,SANCHEZ,5/22/1960,M,F,morgan47@adventure-works.com,"$20,000 ",1,Partial College,Manual,Y
12263,MR.,EMMANUEL,GARCIA,3/15/1960,S,M,emmanuel13@adventure-works.com,"$20,000 ",1,Partial College,Manual,N
12264,MR.,BRUCE,ASHE,2/21/1960,S,M,bruce27@adventure-works.com,"$20,000 ",1,Partial College,Manual,N
12265,MR.,ALAN,GUO,7/3/1959,S,M,alan21@adventure-works.com,"$10,000 ",1,High School,Manual,N
12266,MRS.,TIFFANY,LIN,3/17/1959,M,F,tiffany7@adventure-works.com,"$20,000 ",2,Partial College,Manual,Y
12267,MR.,CLIFFORD,GARCIA,5/10/1958,S,M,clifford13@adventure-works.com,"$20,000 ",2,Partial College,Manual,Y
12268,MR.,EDWIN,SHAN,5/2/1958,M,M,edwin33@adventure-works.com,"$30,000 ",1,Graduate Degree,Clerical,Y
12269,MR.,WARREN,ZHENG,6/13/1960,M,M,warren32@adventure-works.com,"$30,000 ",3,Graduate Degree,Clerical,Y
12270,MRS.,EBONY,RAMOS,9/9/1960,S,F,ebony38@adventure-works.com,"$30,000 ",3,Graduate Degree,Clerical,Y
12271,MR.,TYRONE,HERNANDEZ,9/16/1959,M,M,tyrone3@adventure-works.com,"$30,000 ",0,Bachelors,Clerical,Y
12272,MR.,JUSTIN,ALEXANDER,12/10/1959,M,M,justin16@adventure-works.com,"$40,000 ",3,Graduate Degree,Clerical,Y
12273,MR.,NELSON,CARLSON,10/14/1958,M,M,nelson17@adventure-works.com,"$30,000 ",1,Bachelors,Clerical,Y
12274,MR.,JAVIER,TORRES,9/26/1970,S,M,javier6@adventure-works.com,"$10,000 ",2,High School,Manual,Y
12275,MS.,ADRIANA,MADAN,6/11/1970,S,F,adriana8@adventure-works.com,"$20,000 ",0,Partial College,Manual,Y
12276,,ALISHA,SHAN,7/13/1970,M,NA,alisha34@adventure-works.com,"$30,000 ",0,Bachelors,Clerical,Y
12277,MRS.,BETH,ORTEGA,4/22/1969,S,F,beth24@adventure-works.com,"$10,000 ",2,High School,Manual,Y
12278,MRS.,MEREDITH,JOHNSEN,1/6/1969,S,F,meredith28@adventure-works.com,"$10,000 ",2,High School,Manual,Y
12279,MR.,MATHEW,SUAREZ,6/21/1970,M,M,mathew15@adventure-works.com,"$30,000 ",0,Bachelors,Clerical,Y
12280,MS.,THERESA,ALVAREZ,6/8/1970,M,F,theresa1@adventure-works.com,"$30,000 ",0,Bachelors,Clerical,N
12281,MS.,JANELLE,SANCHEZ,4/23/1970,M,F,janelle17@adventure-works.com,"$40,000 ",0,Graduate Degree,Clerical,Y
12282,MR.,NICOLAS,TANG,1/7/1970,S,M,nicolas2@adventure-works.com,"$40,000 ",0,Graduate Degree,Clerical,Y
12283,,TODD,ZENG,8/10/1969,S,NA,todd19@adventure-works.com,"$20,000 ",0,Partial College,Manual,Y
12284,MS.,CRISTINA,BECK,10/2/1969,M,F,cristina17@adventure-works.com,"$30,000 ",0,Bachelors,Clerical,N
12285,MRS.,BETHANY,CHANDE,11/28/1969,S,F,bethany18@adventure-works.com,"$30,000 ",1,Bachelors,Clerical,Y
12286,MR.,NATHAN,JENKINS,9/6/1969,S,M,nathan2@adventure-works.com,"$40,000 ",0,Graduate Degree,Skilled Manual,Y
12287,MR.,ANDRE,ARUN,1/1/1952,S,M,andre6@adventure-works.com,"$10,000 ",3,Partial College,Manual,N
12288,MRS.,SARA,BROOKS,3/24/1968,M,F,sara2@adventure-works.com,"$10,000 ",2,High School,Manual,N
12289,MR.,JOSEPH,TAYLOR,3/23/1968,S,M,joseph15@adventure-works.com,"$10,000 ",2,High School,Manual,Y
12290,MRS.,KAYLEE,MORRIS,4/25/1968,S,F,kaylee15@adventure-works.com,"$10,000 ",2,High School,Manual,Y
12291,MR.,JOHNATHAN,SURI,4/19/1944,S,M,johnathan1@adventure-works.com,"$90,000 ",5,Partial College,Professional,N
12292,MR.,NICOLAS,KUMAR,3/24/1944,M,M,nicolas5@adventure-works.com,"$130,000 ",3,Bachelors,Management,Y
12293,MRS.,TAMMY,GARCIA,5/17/1944,M,F,tammy15@adventure-works.com,"$130,000 ",3,Bachelors,Management,Y
12294,MR.,SHANE,KOVAR,12/1/1944,M,M,shane7@adventure-works.com,"$130,000 ",3,Bachelors,Management,Y
12295,MR.,DWAYNE,GOMEZ,3/21/1945,S,M,dwayne1@adventure-works.com,"$60,000 ",3,Partial High School,Skilled Manual,Y
12296,MR.,FRANCISCO,SARA,2/15/1945,M,M,francisco11@adventure-works.com,"$70,000 ",5,High School,Professional,N
12297,MRS.,FELICIA,BLANCO,1/8/1945,S,F,felicia15@adventure-works.com,"$80,000 ",5,Partial College,Professional,N
12298,MRS.,CRYSTAL,ZENG,5/21/1945,S,F,crystal1@adventure-works.com,"$90,000 ",5,Partial College,Professional,N
12299,MR.,WALTER,SERRANO,6/10/1945,M,M,walter9@adventure-works.com,"$150,000 ",3,Graduate Degree,Management,N
12300,,ADRIANA,GONZALEZ,7/18/1946,S,NA,adriana19@adventure-works.com,"$80,000 ",5,Partial College,Professional,Y
12301,MRS.,NICHOLE,NARA,12/5/1946,S,F,nichole16@adventure-works.com,"$100,000 ",2,Bachelors,Management,Y
12302,MR.,KEVIN,COLEMAN,3/2/1946,M,M,kevin9@adventure-works.com,"$100,000 ",2,Bachelors,Management,N
12303,MRS.,KRISTI,ALVAREZ,4/16/1946,M,F,kristi1@adventure-works.com,"$130,000 ",4,Partial College,Professional,Y
12304,MR.,ALEJANDRO,ZHOU,6/5/1946,S,M,alejandro11@adventure-works.com,"$130,000 ",4,Partial College,Professional,N
12305,MR.,XAVIER,BAILEY,7/6/1954,M,M,xavier83@adventure-works.com,"$80,000 ",4,Partial College,Professional,N
12306,MR.,LOGAN,PARKER,6/6/1953,M,M,logan27@adventure-works.com,"$80,000 ",4,Partial College,Professional,Y
12307,MR.,BRAD,SHE,11/13/1954,M,M,brad1@adventure-works.com,"$90,000 ",4,High School,Professional,Y
12308,MRS.,MARGARET,HE,4/25/1954,M,F,margaret25@adventure-works.com,"$100,000 ",3,High School,Professional,Y
12309,MR.,OMAR,RAJE,10/5/1954,S,M,omar34@adventure-works.com,"$130,000 ",3,Partial College,Professional,N
12310,MRS.,STACY,MUNOZ,7/11/1954,S,F,stacy8@adventure-works.com,"$130,000 ",3,High School,Professional,N
12311,MR.,STANLEY,WEBER,6/19/1954,S,M,stanley4@adventure-works.com,"$130,000 ",4,High School,Professional,N
12312,MR.,JAKE,ZHAO,11/10/1953,M,M,jake10@adventure-works.com,"$100,000 ",3,Bachelors,Management,Y
12313,MR.,JAIME,CHANDE,6/5/1953,S,M,jaime37@adventure-works.com,"$100,000 ",3,Bachelors,Management,Y
12314,MRS.,JILL,SUAREZ,9/20/1953,M,F,jill27@adventure-works.com,"$110,000 ",2,Bachelors,Management,Y
12315,MRS.,ANN,RODRIGUEZ,9/19/1953,M,F,ann24@adventure-works.com,"$130,000 ",4,Partial College,Professional,Y
12316,MR.,ALEJANDRO,LUO,11/25/1953,M,M,alejandro32@adventure-works.com,"$130,000 ",5,Partial College,Professional,N
12317,MR.,CARL,SHE,9/24/1953,M,M,carl0@adventure-works.com,"$150,000 ",2,Bachelors,Management,Y
12318,MS.,KRISTINA,SCHMIDT,5/3/1953,M,F,kristina10@adventure-works.com,"$170,000 ",0,Bachelors,Management,N
12319,MRS.,SHANNON,YE,7/11/1952,M,F,shannon10@adventure-works.com,"$90,000 ",4,High School,Professional,Y
12320,MRS.,CHERYL,ALVAREZ,6/17/1952,S,F,cheryl6@adventure-works.com,"$120,000 ",4,Partial College,Professional,Y
12321,MRS.,ROSA,HU,2/15/1951,M,F,rosa20@adventure-works.com,"$70,000 ",5,Partial High School,Skilled Manual,Y
12322,MRS.,KARI,MEHTA,8/2/1951,M,F,kari14@adventure-works.com,"$80,000 ",4,High School,Professional,Y
12323,MR.,LAWRENCE,ALONSO,1/15/1951,M,M,lawrence6@adventure-works.com,"$80,000 ",4,High School,Professional,Y
12324,MR.,DALE,LAL,2/27/1951,S,M,dale7@adventure-works.com,"$90,000 ",4,High School,Professional,Y
12325,MRS.,GLORIA,MARTIN,3/18/1951,M,F,gloria3@adventure-works.com,"$130,000 ",4,High School,Professional,Y
12326,MR.,GLENN,ZHOU,2/3/1951,S,M,glenn9@adventure-works.com,"$170,000 ",0,Partial College,Management,N
12327,MR.,EDWIN,LIANG,1/18/1950,S,M,edwin17@adventure-works.com,"$100,000 ",3,Partial College,Management,Y
12328,MR.,EUGENE,ZHAO,3/18/1950,S,M,eugene14@adventure-works.com,"$130,000 ",4,High School,Management,N
12329,MS.,BONNIE,SHAN,10/23/1950,S,F,bonnie16@adventure-works.com,"$170,000 ",0,Partial College,Management,N
12330,MR.,PRESTON,RAMAN,6/21/1949,M,M,preston11@adventure-works.com,"$100,000 ",3,Partial College,Management,Y
12331,MRS.,MEAGAN,CHANDRA,7/17/1948,S,F,meagan2@adventure-works.com,"$70,000 ",5,Partial High School,Skilled Manual,Y
12332,MR.,ANDRES,NARA,8/10/1948,M,M,andres14@adventure-works.com,"$90,000 ",4,High School,Management,Y
12333,MR.,TERRANCE,RODRIGUEZ,11/18/1948,M,M,terrance17@adventure-works.com,"$90,000 ",4,High School,Management,N
12334,MR.,ROY,JIMENEZ,8/20/1948,M,M,roy26@adventure-works.com,"$130,000 ",5,High School,Management,Y
12335,MR.,FRANCISCO,ASHE,2/23/1948,S,M,francisco7@adventure-works.com,"$150,000 ",3,High School,Management,N
12336,MR.,WYATT,PRICE,7/9/1947,S,M,wyatt52@adventure-works.com,"$130,000 ",5,Graduate Degree,Professional,N
12337,MR.,DUSTIN,GOLDSTEIN,10/9/1975,S,M,dustin20@adventure-works.com,"$70,000 ",0,Bachelors,Professional,N
12338,MS.,MONICA,VANCE,7/8/1976,S,F,monica4@adventure-works.com,"$70,000 ",0,Bachelors,Professional,N
12339,MR.,CLAYTON,JAI,7/8/1976,S,M,clayton29@adventure-works.com,"$70,000 ",0,Bachelors,Professional,N
12340,MS.,STACY,DIAZ,11/5/1976,S,F,stacy4@adventure-works.com,"$70,000 ",0,Bachelors,Professional,Y
12341,MS.,KATIE,KUMAR,9/9/1976,M,F,katie10@adventure-works.com,"$80,000 ",0,Bachelors,Professional,Y
12342,MS.,MORGAN,YOUNG,3/9/1975,M,F,morgan22@adventure-works.com,"$70,000 ",0,Bachelors,Professional,Y
12343,MS.,GLORIA,RUIZ,6/4/1974,M,F,gloria4@adventure-works.com,"$60,000 ",0,Bachelors,Professional,Y
12344,MS.,DOMINIQUE,PEREZ,6/2/1975,S,F,dominique18@adventure-works.com,"$80,000 ",0,Bachelors,Professional,N
12345,MS.,ALISON,RAJE,6/27/1975,S,F,alison14@adventure-works.com,"$80,000 ",0,Bachelors,Professional,Y
12346,MR.,WESLEY,GAO,5/22/1975,S,M,wesley15@adventure-works.com,"$90,000 ",0,Bachelors,Professional,N
12347,MS.,SUMMER,MADAN,2/21/1975,M,F,summer6@adventure-works.com,"$90,000 ",0,Bachelors,Professional,N
12348,MR.,JIMMY,VAZQUEZ,2/24/1974,M,M,jimmy18@adventure-works.com,"$90,000 ",0,Bachelors,Professional,Y
12349,MS.,LACEY,YUAN,7/26/1974,S,F,lacey41@adventure-works.com,"$90,000 ",0,Bachelors,Professional,Y
12350,MR.,LOGAN,HERNANDEZ,2/25/1973,M,M,logan44@adventure-works.com,"$90,000 ",0,Bachelors,Professional,Y
12351,MS.,CARA,ZHANG,10/2/1973,M,F,cara0@adventure-works.com,"$100,000 ",0,High School,Management,Y
12352,MR.,RAMON,ZHANG,3/5/1973,M,M,ramon0@adventure-works.com,"$100,000 ",0,High School,Management,N
12353,MR.,JOE,RAMOS,10/20/1973,M,M,joe41@adventure-works.com,"$110,000 ",0,Partial College,Management,N
12354,MR.,LANCE,ORTEGA,8/7/1973,M,M,lance22@adventure-works.com,"$110,000 ",0,Partial College,Management,N
12355,MS.,MONIQUE,ORTEGA,3/23/1973,S,F,monique18@adventure-works.com,"$120,000 ",0,Partial High School,Professional,Y
12356,MS.,JULIA,WOOD,8/22/1971,S,F,julia68@adventure-works.com,"$90,000 ",0,Bachelors,Professional,N
12357,MS.,SUSAN,LU,4/7/1971,S,F,susan21@adventure-works.com,"$100,000 ",0,High School,Management,Y
12358,MS.,LACEY,RAJE,2/26/1970,M,F,lacey4@adventure-works.com,"$100,000 ",0,Partial High School,Professional,Y
12359,MRS.,VERONICA,RAMAN,2/19/1970,M,F,veronica13@adventure-works.com,"$130,000 ",5,Graduate Degree,Professional,Y
12361,MRS.,DANA,DIAZ,4/1/1971,M,F,dana19@adventure-works.com,"$160,000 ",4,Partial High School,Management,N
12362,MR.,THOMAS,HARRISON,7/6/1941,S,M,thomas25@adventure-works.com,"$90,000 ",5,Bachelors,Management,Y
12363,MRS.,KAYLA,THOMPSON,12/25/1941,M,F,kayla16@adventure-works.com,"$110,000 ",2,Graduate Degree,Management,N
12364,MRS.,ERIN,ROGERS,10/28/1941,M,F,erin23@adventure-works.com,"$130,000 ",2,Bachelors,Management,Y
12365,MR.,ALEX,EVANS,2/12/1942,M,M,alex27@adventure-works.com,"$80,000 ",5,Bachelors,Management,N
12366,MRS.,STEPHANIE,COX,7/10/1942,M,F,stephanie16@adventure-works.com,"$80,000 ",5,Bachelors,Management,Y
12367,MS.,TRINITY,TOWNSEND,8/22/1973,S,F,trinity4@adventure-works.com,"$10,000 ",0,Partial High School,Manual,N
12368,MR.,RODNEY,RUBIO,6/22/1973,S,M,rodney15@adventure-works.com,"$10,000 ",0,Partial High School,Manual,N
12369,MR.,TERRENCE,LAL,10/6/1963,S,M,terrence8@adventure-works.com,"$60,000 ",4,Bachelors,Professional,N
12370,MR.,PRESTON,PEREZ,6/27/1963,M,M,preston19@adventure-works.com,"$60,000 ",3,Bachelors,Professional,Y
12371,MRS.,STEFANIE,SUBRAM,2/14/1963,S,F,stefanie10@adventure-works.com,"$60,000 ",3,Bachelors,Professional,Y
12372,,DARREN,PRASAD,9/18/1963,S,NA,darren12@adventure-works.com,"$60,000 ",3,Bachelors,Professional,N
12373,MR.,ISAAC,GRAY,8/6/1974,S,M,isaac5@adventure-works.com,"$30,000 ",0,Partial College,Clerical,N
12374,MS.,MARIE,KAPOOR,3/28/1980,S,F,marie5@adventure-works.com,"$20,000 ",0,Partial High School,Manual,N
12375,MR.,JARROD,RAMAN,2/24/1980,S,M,jarrod12@adventure-works.com,"$20,000 ",0,Partial High School,Manual,Y
12376,MS.,HOLLY,PEREZ,4/1/1980,S,F,holly19@adventure-works.com,"$20,000 ",0,Partial High School,Manual,N
12377,MR.,CHRISTOPHER,MILLER,3/14/1980,S,M,christopher6@adventure-works.com,"$20,000 ",0,Partial High School,Manual,N
12378,MS.,BRIANNA,SANCHEZ,8/20/1979,S,F,brianna25@adventure-works.com,"$30,000 ",0,Partial College,Clerical,Y
12379,MS.,BRIDGET,CHANDE,8/19/1978,S,F,bridget17@adventure-works.com,"$30,000 ",0,Partial College,Clerical,N
12380,MR.,OMAR,YUAN,3/7/1974,S,M,omar26@adventure-works.com,"$30,000 ",0,High School,Manual,N
12381,MR.,JOHNNY,LAL,2/17/1974,M,M,johnny9@adventure-works.com,"$40,000 ",1,Bachelors,Skilled Manual,Y
12382,MS.,TAMARA,CHEN,11/11/1972,S,F,tamara33@adventure-works.com,"$20,000 ",0,Partial High School,Manual,N
12383,MR.,ALBERT,GOMEZ,4/20/1973,S,M,albert4@adventure-works.com,"$30,000 ",0,High School,Manual,N
12384,MRS.,JACQUELYN,GUTIERREZ,10/1/1973,M,F,jacquelyn11@adventure-works.com,"$40,000 ",1,Bachelors,Skilled Manual,Y
12385,MRS.,TARA,RAJI,3/27/1973,M,F,tara22@adventure-works.com,"$40,000 ",1,Bachelors,Skilled Manual,Y
12386,MS.,KATHERINE,PERRY,4/8/1972,S,F,katherine33@adventure-works.com,"$20,000 ",0,Partial High School,Manual,N
12387,MS.,MEREDITH,VAZQUEZ,12/27/1972,S,F,meredith38@adventure-works.com,"$30,000 ",0,High School,Manual,N
12388,MS.,CASEY,KUMAR,7/19/1972,S,F,casey8@adventure-works.com,"$30,000 ",0,High School,Manual,N
12389,MR.,ALBERT,JIMÉNEZ,7/6/1972,S,M,albert8@adventure-works.com,"$30,000 ",0,High School,Manual,N
12390,MRS.,DENISE,MARTINEZ,9/17/1972,S,F,denise18@adventure-works.com,"$40,000 ",1,Partial College,Clerical,N
12391,MRS.,OLIVIA,KELLY,2/24/1972,S,F,olivia46@adventure-works.com,"$40,000 ",2,Partial College,Clerical,Y
12392,MS.,NICHOLE,NATH,7/26/1971,S,F,nichole18@adventure-works.com,"$10,000 ",0,Partial High School,Manual,N
12393,MS.,BRENDA,SAI,7/16/1971,S,F,brenda9@adventure-works.com,"$20,000 ",0,Partial High School,Manual,N
12394,MS.,ERIKA,SERRANO,3/13/1971,S,F,erika14@adventure-works.com,"$20,000 ",0,Partial High School,Manual,N
12395,MR.,KYLE,CARTER,4/25/1971,S,M,kyle39@adventure-works.com,"$30,000 ",0,High School,Manual,Y
12396,MS.,SUSAN,YANG,4/14/1971,S,F,susan14@adventure-works.com,"$30,000 ",0,High School,Manual,Y
12397,MR.,SHAUN,CHAPMAN,3/14/1970,S,M,shaun17@adventure-works.com,"$40,000 ",2,Partial College,Clerical,Y
12398,MRS.,ASHLEY,CLARK,7/12/1971,S,F,ashley20@adventure-works.com,"$40,000 ",2,Partial College,Clerical,Y
12399,MR.,HENRY,CHAPMAN,9/12/1971,S,M,henry4@adventure-works.com,"$40,000 ",2,Partial College,Clerical,Y
12400,MR.,ANDY,MARTIN,11/12/1971,S,M,andy5@adventure-works.com,"$40,000 ",2,Partial College,Clerical,Y
12401,MRS.,KIMBERLY,RIVERA,5/9/1971,S,F,kimberly19@adventure-works.com,"$40,000 ",2,Partial College,Clerical,Y
12403,MR.,HENRY,YOUNG,6/18/1971,S,M,henry24@adventure-works.com,"$40,000 ",2,Partial College,Clerical,Y
12404,MRS.,KRYSTAL,LIANG,8/10/1971,S,F,krystal17@adventure-works.com,"$40,000 ",2,Partial College,Clerical,Y
12405,MR.,COLE,SANCHEZ,9/19/1970,S,M,cole18@adventure-works.com,"$40,000 ",2,Partial College,Clerical,Y
12406,MR.,ROSS,GUTIERREZ,1/22/1970,S,M,ross29@adventure-works.com,"$50,000 ",0,Graduate Degree,Skilled Manual,N
12407,MR.,SHAWN,RAJI,8/27/1970,S,M,shawn23@adventure-works.com,"$50,000 ",0,Graduate Degree,Skilled Manual,Y
12408,MR.,JON,LU,2/5/1970,S,M,jon31@adventure-works.com,"$50,000 ",0,Graduate Degree,Skilled Manual,N
12409,MRS.,SAVANNAH,HILL,3/23/1975,S,F,savannah35@adventure-works.com,"$40,000 ",3,Partial College,Clerical,Y
12410,MRS.,MARIAH,RICHARDSON,12/6/1975,S,F,mariah34@adventure-works.com,"$40,000 ",3,Partial College,Clerical,Y
12411,MR.,KEVIN,ALEXANDER,10/2/1975,S,M,kevin21@adventure-works.com,"$40,000 ",3,Partial College,Clerical,Y
12412,MRS.,MACKENZIE,WRIGHT,10/20/1930,M,F,mackenzie41@adventure-works.com,"$50,000 ",1,Graduate Degree,Skilled Manual,Y
12413,MR.,JAMES,GONZALES,3/7/1966,S,M,james32@adventure-works.com,"$60,000 ",0,Graduate Degree,Skilled Manual,N
12414,MR.,ETHAN,LAL,6/21/1966,S,M,ethan25@adventure-works.com,"$60,000 ",0,Graduate Degree,Skilled Manual,N
12415,MS.,BRIANNA,RICHARDSON,11/2/1966,S,F,brianna36@adventure-works.com,"$60,000 ",0,Graduate Degree,Skilled Manual,N
12416,MS.,VERONICA,MARTINEZ,8/14/1966,S,F,veronica19@adventure-works.com,"$60,000 ",0,Graduate Degree,Skilled Manual,Y
12417,MS.,ALEXIS,BRYANT,11/25/1966,S,F,alexis41@adventure-works.com,"$60,000 ",0,Graduate Degree,Skilled Manual,Y
12418,MR.,ROBERT,HERNANDEZ,10/24/1953,S,M,robert60@adventure-works.com,"$20,000 ",2,High School,Manual,N
12420,MR.,SPENCER,HAYES,8/20/1953,M,M,spencer25@adventure-works.com,"$30,000 ",1,Bachelors,Skilled Manual,Y
12421,MR.,CAMERON,HUGHES,3/12/1953,M,M,cameron6@adventure-works.com,"$30,000 ",1,Bachelors,Skilled Manual,Y
12422,MRS.,HAILEY,EVANS,10/23/1953,M,F,hailey43@adventure-works.com,"$30,000 ",1,Bachelors,Skilled Manual,Y
12423,MRS.,SARAH,THOMPSON,4/25/1954,S,F,sarah17@adventure-works.com,"$20,000 ",3,Partial High School,Clerical,N
12424,MRS.,REBECCA,MITCHELL,9/24/1954,M,F,rebecca13@adventure-works.com,"$30,000 ",1,High School,Manual,Y
12425,MR.,BRANDON,WHITE,3/5/1954,M,M,brandon33@adventure-works.com,"$30,000 ",1,High School,Clerical,Y
12426,MR.,CODY,COX,9/23/1954,M,M,cody11@adventure-works.com,"$40,000 ",1,Partial College,Clerical,Y
12427,MRS.,KIMBERLY,STEWART,2/8/1954,M,F,kimberly24@adventure-works.com,"$40,000 ",1,Partial College,Clerical,Y
12428,MR.,SEAN,MORRIS,2/7/1955,M,M,sean26@adventure-works.com,"$40,000 ",1,Partial College,Clerical,Y
12429,MR.,MELVIN,BLACK,11/27/1955,M,M,melvin19@adventure-works.com,"$40,000 ",1,Partial College,Clerical,Y
12431,MR.,WYATT,THOMAS,3/21/1955,M,M,wyatt11@adventure-works.com,"$40,000 ",1,Partial College,Clerical,Y
12432,MR.,NATHAN,CLARK,7/25/1955,M,M,nathan53@adventure-works.com,"$40,000 ",1,Partial College,Clerical,Y
12433,MR.,ANTONIO,PRICE,7/20/1955,M,M,antonio0@adventure-works.com,"$40,000 ",1,Partial College,Clerical,Y
12434,MR.,THOMAS,KUMAR,3/9/1955,M,M,thomas31@adventure-works.com,"$40,000 ",1,Partial College,Clerical,Y
12435,MRS.,CHRISTY,ZHOU,10/10/1955,M,F,christy8@adventure-works.com,"$40,000 ",1,Partial College,Clerical,Y
12436,MR.,ALBERT,DIAZ,6/18/1955,M,M,albert5@adventure-works.com,"$40,000 ",1,Partial College,Clerical,Y
12437,MR.,JEREMY,YOUNG,6/15/1955,M,M,jeremy8@adventure-works.com,"$40,000 ",1,Partial College,Clerical,Y
12438,MRS.,BAILEY,ROGERS,10/19/1955,S,F,bailey17@adventure-works.com,"$80,000 ",5,Graduate Degree,Skilled Manual,Y
12439,MRS.,MEGAN,BENNETT,5/26/1956,M,F,megan51@adventure-works.com,"$40,000 ",1,Partial College,Clerical,Y
12440,MR.,FRANCISCO,CHANDRA,10/12/1956,M,M,francisco3@adventure-works.com,"$40,000 ",1,Partial College,Clerical,Y
12441,MR.,TREVOR,SIMMONS,11/21/1957,M,M,trevor15@adventure-works.com,"$40,000 ",1,Partial College,Clerical,Y
12442,MRS.,ALLISON,RICHARDSON,8/4/1957,M,F,allison8@adventure-works.com,"$40,000 ",1,Partial College,Clerical,Y
12443,MR.,GARRETT,JAMES,5/22/1957,M,M,garrett3@adventure-works.com,"$40,000 ",1,Partial College,Clerical,Y
12444,MRS.,MACKENZIE,PHILLIPS,4/22/1957,M,F,mackenzie28@adventure-works.com,"$40,000 ",1,Partial College,Clerical,Y
12445,MR.,CAMERON,TAYLOR,3/27/1957,M,M,cameron49@adventure-works.com,"$40,000 ",1,Partial College,Clerical,Y
12446,,JASMINE,HALL,8/3/1957,M,NA,jasmine21@adventure-works.com,"$40,000 ",1,Partial College,Clerical,Y
12447,MR.,CARSON,HAYES,10/24/1957,M,M,carson22@adventure-works.com,"$40,000 ",1,Partial College,Clerical,Y
12448,MRS.,HAILEY,COX,5/20/1958,S,F,hailey11@adventure-works.com,"$60,000 ",4,Graduate Degree,Skilled Manual,Y
12449,MR.,DYLAN,BROWN,3/9/1958,S,M,dylan39@adventure-works.com,"$60,000 ",4,Graduate Degree,Skilled Manual,Y
12450,MR.,CODY,COOK,9/23/1958,M,M,cody21@adventure-works.com,"$60,000 ",4,Graduate Degree,Skilled Manual,Y
12451,MRS.,ANNA,SIMMONS,8/10/1958,S,F,anna40@adventure-works.com,"$60,000 ",4,Graduate Degree,Skilled Manual,Y
12452,MR.,SEAN,SANCHEZ,11/24/1958,M,M,sean25@adventure-works.com,"$60,000 ",4,Graduate Degree,Skilled Manual,Y
12453,MRS.,MADISON,BENNETT,5/10/1958,S,F,madison36@adventure-works.com,"$60,000 ",4,Graduate Degree,Skilled Manual,Y
12454,MR.,SAMUEL,GRIFFIN,3/2/1959,M,M,samuel20@adventure-works.com,"$60,000 ",4,Graduate Degree,Skilled Manual,Y
12455,MR.,BENJAMIN,LEWIS,4/10/1959,M,M,benjamin58@adventure-works.com,"$60,000 ",4,Graduate Degree,Skilled Manual,Y
12456,MR.,THOMAS,CHEN,8/16/1959,M,M,thomas28@adventure-works.com,"$60,000 ",4,Graduate Degree,Skilled Manual,Y
12457,MRS.,MISTY,RAI,9/2/1959,S,F,misty19@adventure-works.com,"$60,000 ",4,Graduate Degree,Skilled Manual,Y
12458,MRS.,VERONICA,SANCHEZ,5/27/1968,M,F,veronica22@adventure-works.com,"$30,000 ",1,Bachelors,Clerical,Y
12459,MRS.,STEFANIE,RODRIGUEZ,9/13/1968,S,F,stefanie17@adventure-works.com,"$30,000 ",1,Bachelors,Clerical,N
12460,MRS.,DOMINIQUE,MALHOTRA,11/23/1968,S,F,dominique4@adventure-works.com,"$30,000 ",1,Bachelors,Clerical,N
12461,MS.,RUTH,SURI,2/28/1968,M,F,ruth6@adventure-works.com,"$40,000 ",0,Graduate Degree,Clerical,Y
12462,MR.,LEVI,SURI,6/11/1968,M,M,levi0@adventure-works.com,"$40,000 ",0,Graduate Degree,Clerical,Y
12463,MR.,TODD,HUANG,11/23/1968,M,M,todd7@adventure-works.com,"$40,000 ",0,Graduate Degree,Clerical,Y
12464,MR.,JARED,COOK,10/15/1967,S,M,jared23@adventure-works.com,"$10,000 ",3,High School,Manual,Y
12465,MRS.,CASSANDRA,PATEL,2/23/1967,M,F,cassandra3@adventure-works.com,"$20,000 ",1,Partial College,Manual,Y
12466,MR.,WILLIE,HE,4/26/1967,M,M,willie17@adventure-works.com,"$20,000 ",1,Partial College,Manual,Y
12467,MRS.,JENNIFER,JONES,4/7/1967,S,F,jennifer31@adventure-works.com,"$20,000 ",1,Partial College,Manual,N
12468,MR.,WAYNE,NATH,10/25/1967,M,M,wayne21@adventure-works.com,"$30,000 ",1,Bachelors,Clerical,Y
12469,MR.,SHANE,SRINI,8/21/1966,M,M,shane12@adventure-works.com,"$20,000 ",1,High School,Manual,Y
12470,MRS.,BARBARA,HE,2/6/1966,M,F,barbara27@adventure-works.com,"$20,000 ",1,High School,Manual,Y
12471,MS.,LACEY,ZENG,5/14/1967,M,F,lacey35@adventure-works.com,"$40,000 ",0,Bachelors,Clerical,Y
12472,MR.,JEFFERY,ZHANG,9/9/1966,M,M,jeffery0@adventure-works.com,"$30,000 ",1,Bachelors,Clerical,Y
12473,MR.,SERGIO,SAI,11/15/1966,M,M,sergio6@adventure-works.com,"$30,000 ",1,Bachelors,Skilled Manual,Y
12474,MRS.,TAMMY,CHANDRA,12/22/1966,M,F,tammy2@adventure-works.com,"$30,000 ",1,Bachelors,Skilled Manual,Y
12475,MR.,LOGAN,CARTER,3/25/1965,S,M,logan36@adventure-works.com,"$10,000 ",4,Partial High School,Manual,Y
12476,MR.,RODNEY,JIMENEZ,2/6/1965,S,M,rodney1@adventure-works.com,"$20,000 ",2,High School,Manual,Y
12477,MRS.,ROBIN,GILL,12/23/1965,M,F,robin10@adventure-works.com,"$20,000 ",2,High School,Manual,N
12478,MR.,RUBEN,MEHTA,2/17/1965,S,M,ruben15@adventure-works.com,"$20,000 ",2,High School,Manual,Y
12479,MRS.,PRISCILLA,TANG,5/12/1965,M,F,priscilla3@adventure-works.com,"$30,000 ",1,Bachelors,Skilled Manual,Y
12480,MRS.,MEREDITH,ALVAREZ,4/16/1964,S,F,meredith27@adventure-works.com,"$10,000 ",5,Partial High School,Manual,Y
12481,MR.,VICTOR,DIAZ,9/7/1964,S,M,victor4@adventure-works.com,"$10,000 ",5,Partial High School,Manual,Y
12482,MR.,JEROME,BROWNING,3/6/1964,S,M,jerome14@adventure-works.com,"$10,000 ",3,Partial High School,Manual,Y
12483,MRS.,AMANDA,PEREZ,4/4/1964,S,F,amanda55@adventure-works.com,"$20,000 ",2,High School,Manual,Y
12484,MRS.,LORI,SUAREZ,4/3/1964,S,F,lori19@adventure-works.com,"$20,000 ",2,High School,Manual,Y
12485,MRS.,VERONICA,SUBRAM,3/25/1964,S,F,veronica14@adventure-works.com,"$20,000 ",3,High School,Manual,Y
12486,MRS.,KRISTEN,YE,2/10/1964,S,F,kristen8@adventure-works.com,"$20,000 ",3,High School,Manual,Y
12487,MR.,WILLIE,ZHU,4/6/1964,S,M,willie12@adventure-works.com,"$20,000 ",3,High School,Manual,Y
12488,MR.,JAY,GARCIA,5/12/1963,S,M,jay21@adventure-works.com,"$20,000 ",3,High School,Manual,Y
12489,MR.,WAYNE,RAI,10/25/1966,M,M,wayne20@adventure-works.com,"$40,000 ",0,Bachelors,Professional,Y
12490,MS.,TRISHA,HE,7/28/1966,M,F,trisha13@adventure-works.com,"$40,000 ",0,Bachelors,Professional,N
12491,MR.,ALVIN,HUANG,2/6/1966,M,M,alvin7@adventure-works.com,"$40,000 ",0,Bachelors,Professional,Y
12492,MS.,BRITTANY,PRICE,9/4/1966,S,F,brittany0@adventure-works.com,"$60,000 ",0,Graduate Degree,Skilled Manual,N
12493,MR.,DWAYNE,VAZQUEZ,6/23/1965,M,M,dwayne14@adventure-works.com,"$40,000 ",0,Bachelors,Professional,Y
12495,MR.,LUCAS,MILLER,3/15/1964,S,M,lucas19@adventure-works.com,"$30,000 ",2,Partial College,Clerical,Y
12496,MRS.,MELANIE,COX,1/23/1964,M,F,melanie36@adventure-works.com,"$40,000 ",1,Bachelors,Skilled Manual,Y
12497,MRS.,ASHLEE,KUMAR,9/22/1963,M,F,ashlee14@adventure-works.com,"$40,000 ",1,Bachelors,Skilled Manual,Y
12498,MR.,EDUARDO,DIAZ,4/20/1963,M,M,eduardo65@adventure-works.com,"$40,000 ",1,Bachelors,Skilled Manual,Y
12499,MS.,HEATHER,WANG,8/4/1978,S,F,heather1@adventure-works.com,"$20,000 ",0,High School,Manual,N
12500,MRS.,KATHLEEN,VAZQUEZ,2/13/1979,S,F,kathleen16@adventure-works.com,"$30,000 ",3,Partial College,Clerical,Y
12501,MR.,CORY,SAI,9/13/1979,S,M,cory4@adventure-works.com,"$30,000 ",3,Partial College,Clerical,Y
12502,MR.,DARREN,SANCHEZ,11/18/1979,S,M,darren21@adventure-works.com,"$30,000 ",3,Partial College,Clerical,Y
12503,MRS.,CASEY,SHEN,8/20/1979,S,F,casey2@adventure-works.com,"$30,000 ",3,Partial College,Clerical,Y
12504,MR.,ARTHUR,GUTIERREZ,2/20/1963,M,M,arthur35@adventure-works.com,"$40,000 ",1,Bachelors,Skilled Manual,Y
12505,MR.,DALTON,MARTIN,2/3/1963,M,M,dalton13@adventure-works.com,"$40,000 ",1,Bachelors,Skilled Manual,Y
12506,MR.,PRESTON,SANCHEZ,7/2/1963,M,M,preston18@adventure-works.com,"$40,000 ",1,Bachelors,Skilled Manual,Y
12507,MR.,IAN,BELL,9/26/1962,M,M,ian81@adventure-works.com,"$30,000 ",1,Partial College,Clerical,Y
12508,MRS.,NICHOLE,ANAND,8/1/1962,M,F,nichole22@adventure-works.com,"$40,000 ",1,Bachelors,Skilled Manual,Y
12509,MR.,MARC,FERRIER,2/19/1962,M,M,marc12@adventure-works.com,"$40,000 ",1,Bachelors,Skilled Manual,Y
12510,MR.,ROBERTO,SANZ,11/20/1962,M,M,roberto18@adventure-works.com,"$40,000 ",1,Bachelors,Skilled Manual,Y
12511,MR.,GRANT,CHANDER,3/17/1978,S,M,grant17@adventure-works.com,"$30,000 ",3,Partial College,Clerical,Y
12512,MRS.,CAROLYN,GOMEZ,5/22/1978,M,F,carolyn23@adventure-works.com,"$30,000 ",3,Partial College,Clerical,N
12513,MR.,AUSTIN,THOMPSON,3/20/1978,S,M,austin31@adventure-works.com,"$30,000 ",4,Partial College,Clerical,Y
12514,MS.,LACEY,BECKER,12/9/1977,S,F,lacey9@adventure-works.com,"$30,000 ",0,Partial College,Clerical,N
12515,MS.,SHELBY,BAILEY,6/3/1977,S,F,shelby16@adventure-works.com,"$30,000 ",0,Partial College,Clerical,Y
12516,MS.,SHAWNA,CHANDER,5/27/1977,S,F,shawna16@adventure-works.com,"$30,000 ",0,Partial College,Clerical,N
12517,,ALEXA,WATSON,8/25/1977,S,NA,alexa0@adventure-works.com,"$30,000 ",0,Partial College,Clerical,N
12518,MS.,JACQUELYN,DOMINGUEZ,9/27/1977,S,F,jacquelyn13@adventure-works.com,"$30,000 ",0,Partial College,Clerical,N
12519,MR.,CASEY,GUTIERREZ,12/17/1977,S,M,casey34@adventure-works.com,"$30,000 ",0,Partial College,Clerical,N
12520,MR.,SETH,JACKSON,11/25/1976,S,M,seth12@adventure-works.com,"$20,000 ",0,High School,Manual,N
12521,MS.,MEREDITH,DOMINGUEZ,1/12/1975,S,F,meredith36@adventure-works.com,"$10,000 ",0,Partial High School,Manual,N
12522,MS.,BRANDY,SANCHEZ,9/7/1976,S,F,brandy16@adventure-works.com,"$20,000 ",0,High School,Manual,N
12523,MR.,STEVE,WAGNER,12/3/1976,S,M,steve5@adventure-works.com,"$20,000 ",0,High School,Manual,N
12524,MS.,KATE,SHAN,1/24/1975,S,F,kate8@adventure-works.com,"$30,000 ",0,Partial College,Clerical,Y
12525,MRS.,CHELSEA,RODRIGUEZ,4/28/1975,M,F,chelsea21@adventure-works.com,"$40,000 ",1,Bachelors,Skilled Manual,Y
12526,MRS.,MICHELE,SUAREZ,5/19/1975,M,F,michele53@adventure-works.com,"$40,000 ",1,Bachelors,Skilled Manual,Y
12527,MR.,JOSÉ,RODRIGUEZ,11/24/1959,M,M,josé81@adventure-works.com,"$60,000 ",4,Graduate Degree,Skilled Manual,Y
12528,MR.,DEVIN,WILSON,3/2/1959,S,M,devin5@adventure-works.com,"$60,000 ",4,Graduate Degree,Skilled Manual,Y
12529,MR.,ISAIAH,ALLEN,10/11/1959,M,M,isaiah41@adventure-works.com,"$60,000 ",4,Graduate Degree,Skilled Manual,Y
12530,MRS.,ISABEL,COLEMAN,5/26/1972,S,F,isabel6@adventure-works.com,"$40,000 ",4,Partial College,Clerical,Y
12532,MR.,JOSE,CARTER,3/9/1973,M,M,jose46@adventure-works.com,"$50,000 ",0,Graduate Degree,Skilled Manual,Y
12533,MR.,LUIS,WASHINGTON,11/7/1940,M,M,luis12@adventure-works.com,"$170,000 ",1,Graduate Degree,Management,Y
12534,MRS.,KATIE,SHAN,6/15/1962,M,F,katie13@adventure-works.com,"$10,000 ",1,Graduate Degree,Manual,Y
12535,MR.,CLIFFORD,KAPOOR,2/18/1962,S,M,clifford1@adventure-works.com,"$10,000 ",1,Bachelors,Manual,Y
12536,MR.,JAVIER,DOMINGUEZ,6/17/1961,M,M,javier7@adventure-works.com,"$10,000 ",1,Bachelors,Manual,Y
12537,MR.,TERRENCE,LUO,3/18/1961,M,M,terrence6@adventure-works.com,"$10,000 ",1,Bachelors,Manual,Y
12538,MRS.,PAULA,BLANCO,8/21/1961,M,F,paula18@adventure-works.com,"$20,000 ",1,Graduate Degree,Clerical,Y
12539,MR.,MARC,DOMINGUEZ,5/26/1935,S,M,marc16@adventure-works.com,"$20,000 ",1,Graduate Degree,Clerical,Y
12540,MR.,LEVI,SARA,9/6/1936,M,M,levi9@adventure-works.com,"$30,000 ",1,Graduate Degree,Clerical,Y
12541,MR.,JONATHAN,ZHANG,10/4/1962,M,M,jonathan23@adventure-works.com,"$30,000 ",4,Graduate Degree,Clerical,Y
12542,MR.,PRESTON,PATEL,6/27/1962,M,M,preston3@adventure-works.com,"$30,000 ",4,Graduate Degree,Clerical,Y
12543,MR.,RUBEN,ALVAREZ,1/20/1958,M,M,ruben28@adventure-works.com,"$10,000 ",1,Bachelors,Manual,Y
12544,MR.,BRUCE,JORDAN,3/27/1958,M,M,bruce1@adventure-works.com,"$10,000 ",1,Bachelors,Manual,Y
12545,MR.,MARC,RUIZ,3/4/1957,M,M,marc5@adventure-works.com,"$10,000 ",1,Partial College,Manual,Y
12546,MR.,CLARENCE,ANDERSEN,11/16/1956,S,M,clarence28@adventure-works.com,"$20,000 ",1,Bachelors,Clerical,Y
12547,MR.,BRADLEY,NARA,10/28/1956,M,M,bradley19@adventure-works.com,"$20,000 ",1,Bachelors,Clerical,Y
12548,MRS.,ALEXANDRA,COLLINS,2/7/1955,S,F,alexandra46@adventure-works.com,"$10,000 ",2,Partial College,Manual,Y
12549,MRS.,DONNA,XIE,2/7/1955,S,F,donna3@adventure-works.com,"$10,000 ",2,Partial College,Manual,Y
12550,MR.,AUSTIN,DIAZ,10/3/1954,M,M,austin18@adventure-works.com,"$10,000 ",2,Partial College,Manual,Y
12551,MR.,JULIO,RAMOS,12/3/1937,M,M,julio18@adventure-works.com,"$20,000 ",1,Bachelors,Clerical,Y
12552,MR.,BRUCE,TORRES,9/12/1938,M,M,bruce33@adventure-works.com,"$20,000 ",1,Bachelors,Clerical,Y
12553,MRS.,TONI,FERNANDEZ,9/23/1938,M,F,toni16@adventure-works.com,"$20,000 ",1,Bachelors,Clerical,Y
12554,MR.,BARRY,RODRIGUEZ,3/2/1938,M,M,barry19@adventure-works.com,"$30,000 ",1,Graduate Degree,Clerical,Y
12555,MR.,EDGAR,MALHOTRA,2/2/1939,M,M,edgar5@adventure-works.com,"$10,000 ",2,Bachelors,Clerical,Y
12556,MR.,MANUEL,KAPOOR,8/12/1939,M,M,manuel1@adventure-works.com,"$10,000 ",2,Bachelors,Clerical,Y
12557,MR.,PHILLIP,LOPEZ,6/24/1940,M,M,phillip18@adventure-works.com,"$10,000 ",2,Bachelors,Clerical,Y
12558,MRS.,AMANDA,EVANS,9/7/1940,M,F,amanda44@adventure-works.com,"$20,000 ",1,Bachelors,Clerical,Y
12559,MR.,EMMANUEL,LOPEZ,11/1/1940,M,M,emmanuel15@adventure-works.com,"$20,000 ",1,Bachelors,Clerical,Y
12560,MRS.,MANDY,GAO,1/1/1940,M,F,mandy16@adventure-works.com,"$20,000 ",1,Bachelors,Clerical,Y
12561,MRS.,TRISHA,LIN,7/19/1941,S,F,trisha2@adventure-works.com,"$10,000 ",2,Partial College,Manual,Y
12562,MRS.,KRISTINA,CHANDRA,12/11/1941,M,F,kristina2@adventure-works.com,"$10,000 ",2,Partial College,Manual,Y
12563,MR.,ALEJANDRO,LIN,4/11/1941,M,M,alejandro10@adventure-works.com,"$30,000 ",1,Bachelors,Clerical,Y
12564,MR.,MARSHALL,YANG,3/9/1941,M,M,marshall4@adventure-works.com,"$30,000 ",1,Bachelors,Clerical,Y
12565,MRS.,KENDRA,GUTIERREZ,7/3/1942,M,F,kendra11@adventure-works.com,"$10,000 ",3,Partial College,Manual,Y
12566,MR.,OMAR,YANG,5/3/1942,M,M,omar5@adventure-works.com,"$30,000 ",1,Bachelors,Clerical,Y
12567,MRS.,CARMEN,ARTHUR,2/18/1942,M,F,carmen9@adventure-works.com,"$30,000 ",1,Bachelors,Clerical,Y
12568,MRS.,STACEY,YE,6/16/1942,M,F,stacey10@adventure-works.com,"$30,000 ",1,Bachelors,Clerical,Y
12569,MRS.,KRISTIN,RAI,3/19/1942,M,F,kristin16@adventure-works.com,"$40,000 ",1,Graduate Degree,Clerical,Y
12570,MR.,CASEY,MUNOZ,5/16/1980,S,M,casey31@adventure-works.com,"$10,000 ",0,Partial College,Manual,N
12571,MS.,JENNIFER,GREEN,5/19/1980,M,F,jennifer17@adventure-works.com,"$10,000 ",0,Partial College,Manual,N
12572,MS.,ALISHA,CHANDER,5/27/1980,S,F,alisha40@adventure-works.com,"$10,000 ",0,Partial College,Manual,N
12573,MR.,GRANT,RAI,2/23/1980,S,M,grant19@adventure-works.com,"$10,000 ",0,Partial College,Manual,N
12574,MR.,DEREK,RAJE,2/11/1980,S,M,derek12@adventure-works.com,"$10,000 ",0,Partial College,Manual,N
12575,MS.,JACLYN,SHEN,9/12/1979,S,F,jaclyn25@adventure-works.com,"$10,000 ",0,Partial College,Manual,N
12576,MR.,WALTER,DOMINGUEZ,3/14/1979,S,M,walter6@adventure-works.com,"$10,000 ",0,Partial College,Manual,N
12577,MR.,FRANCIS,SANZ,8/20/1979,S,M,francis18@adventure-works.com,"$10,000 ",0,Partial College,Manual,Y
12578,MR.,GAVIN,PERRY,2/28/1980,S,M,gavin7@adventure-works.com,"$10,000 ",0,Partial College,Manual,N
12579,MS.,LYDIA,SANCHEZ,9/10/1978,S,F,lydia18@adventure-works.com,"$10,000 ",0,Partial College,Manual,Y
12580,MR.,CEDRIC,SHE,9/8/1978,S,M,cedric23@adventure-works.com,"$10,000 ",0,Partial College,Manual,Y
12581,MS.,KRISTINA,FERNANDEZ,3/11/1978,S,F,kristina16@adventure-works.com,"$10,000 ",0,Partial College,Manual,N
12582,MS.,CARMEN,SARA,3/25/1977,S,F,carmen13@adventure-works.com,"$10,000 ",0,High School,Manual,N
12583,MR.,TYRONE,ORTEGA,8/7/1976,S,M,tyrone21@adventure-works.com,"$10,000 ",1,High School,Manual,N
12584,MRS.,BRITTNEY,MA,7/4/1976,S,F,brittney14@adventure-works.com,"$10,000 ",1,High School,Manual,N
12585,MR.,IAN,MARTINEZ,6/24/1979,M,M,ian15@adventure-works.com,"$10,000 ",1,High School,Manual,Y
12586,MRS.,KELLIE,HERNANDEZ,4/24/1979,S,F,kellie4@adventure-works.com,"$10,000 ",1,High School,Manual,N
12587,MR.,DANNY,TRAVERS,8/20/1978,S,M,danny13@adventure-works.com,"$20,000 ",0,Bachelors,Clerical,Y
12588,MRS.,TRACY,CHANDE,7/25/1977,S,F,tracy14@adventure-works.com,"$10,000 ",1,High School,Manual,N
12589,MR.,RUBEN,RODRIGUEZ,5/17/1977,M,M,ruben20@adventure-works.com,"$20,000 ",0,Partial College,Manual,Y
12590,MR.,MARIO,CHANDER,5/27/1943,S,M,mario14@adventure-works.com,"$30,000 ",1,Bachelors,Clerical,Y
12592,MRS.,AMY,LI,7/20/1961,M,F,amy11@adventure-works.com,"$30,000 ",4,Graduate Degree,Clerical,Y
12593,MR.,BENJAMIN,ZHANG,5/3/1961,S,M,benjamin25@adventure-works.com,"$30,000 ",4,Graduate Degree,Clerical,Y
12594,MRS.,SANDRA,GAO,2/16/1961,M,F,sandra22@adventure-works.com,"$30,000 ",4,Graduate Degree,Clerical,Y
12595,MR.,MATHEW,BLANCO,6/19/1961,S,M,mathew11@adventure-works.com,"$30,000 ",3,Graduate Degree,Clerical,Y
12596,MR.,ARMANDO,ROMERO,1/14/1961,M,M,armando9@adventure-works.com,"$30,000 ",3,Graduate Degree,Clerical,Y
12597,MR.,FRANKLIN,ZHANG,6/2/1960,M,M,franklin0@adventure-works.com,"$20,000 ",1,Partial College,Manual,Y
12598,MRS.,ALEXANDRA,BRYANT,2/2/1960,M,F,alexandra39@adventure-works.com,"$30,000 ",3,Graduate Degree,Clerical,Y
12599,MRS.,JILLIAN,FERNANDEZ,12/11/1959,M,F,jillian16@adventure-works.com,"$20,000 ",2,Partial College,Manual,Y
12600,MR.,LARRY,ROMERO,4/3/1958,M,M,larry11@adventure-works.com,"$30,000 ",1,Graduate Degree,Clerical,Y
12601,MR.,RANDY,ZHANG,8/13/1960,M,M,randy2@adventure-works.com,"$30,000 ",3,Graduate Degree,Clerical,Y
12602,MR.,FRANCISCO,SRINI,10/26/1960,M,M,francisco9@adventure-works.com,"$30,000 ",3,Graduate Degree,Clerical,Y
12603,MR.,COLE,REED,2/19/1960,S,M,cole21@adventure-works.com,"$30,000 ",3,Bachelors,Clerical,Y
12604,MR.,NATHAN,LEE,3/18/1960,M,M,nathan58@adventure-works.com,"$30,000 ",3,Bachelors,Clerical,Y
12605,MRS.,CAROL,COOPER,8/6/1960,M,F,carol26@adventure-works.com,"$30,000 ",3,Bachelors,Clerical,Y
12606,MR.,ARTHUR,VAN,4/20/1960,M,M,arthur6@adventure-works.com,"$40,000 ",3,Graduate Degree,Clerical,Y
12607,MRS.,TAMARA,ZHU,9/22/1960,M,F,tamara3@adventure-works.com,"$40,000 ",3,Graduate Degree,Clerical,Y
12608,MR.,BRETT,SANCHEZ,11/9/1959,M,M,brett20@adventure-works.com,"$30,000 ",0,Bachelors,Clerical,Y
12609,MS.,LINDA,CARLSON,9/20/1959,M,F,linda33@adventure-works.com,"$30,000 ",0,Bachelors,Clerical,Y
12610,MRS.,WENDY,GUTIERREZ,9/6/1958,M,F,wendy10@adventure-works.com,"$30,000 ",1,Bachelors,Clerical,Y
12611,MR.,MANUEL,SARA,4/11/1970,S,M,manuel9@adventure-works.com,"$20,000 ",0,Partial College,Manual,Y
12612,MR.,SHANNON,TORRES,6/6/1969,S,M,shannon33@adventure-works.com,"$10,000 ",2,High School,Manual,Y
12613,MR.,JOEL,PRASAD,9/3/1970,M,M,joel8@adventure-works.com,"$30,000 ",0,Bachelors,Clerical,Y
12614,MR.,LANCE,GILL,6/14/1970,S,M,lance13@adventure-works.com,"$30,000 ",0,Bachelors,Clerical,Y
12615,MR.,NATHAN,HILL,2/20/1969,S,M,nathan42@adventure-works.com,"$10,000 ",2,High School,Manual,Y
12616,MS.,KELSEY,TANG,10/12/1969,S,F,kelsey3@adventure-works.com,"$20,000 ",0,Partial College,Manual,N
12617,MR.,JAKE,MA,10/5/1969,M,M,jake14@adventure-works.com,"$20,000 ",0,Partial College,Manual,N
12618,MS.,DAWN,LAL,6/23/1969,M,F,dawn32@adventure-works.com,"$30,000 ",0,Bachelors,Clerical,Y
12619,MS.,PRISCILLA,RAI,8/7/1969,M,F,priscilla16@adventure-works.com,"$40,000 ",0,Graduate Degree,Clerical,Y
12620,MR.,MAURICE,LAL,4/17/1969,M,M,maurice9@adventure-works.com,"$40,000 ",0,Graduate Degree,Clerical,Y
12621,MR.,BARRY,MARTINEZ,12/12/1969,M,M,barry18@adventure-works.com,"$40,000 ",0,Graduate Degree,Clerical,Y
12622,MR.,MICHEAL,RUBIO,4/10/1969,M,M,micheal17@adventure-works.com,"$40,000 ",0,Graduate Degree,Skilled Manual,Y
12623,MR.,JESSE,SANCHEZ,7/18/1952,M,M,jesse18@adventure-works.com,"$10,000 ",3,Partial College,Manual,N
12624,MRS.,JAMIE,XU,10/2/1952,M,F,jamie15@adventure-works.com,"$20,000 ",2,Partial College,Manual,Y
12625,MRS.,CARLY,ANDERSEN,6/26/1952,M,F,carly12@adventure-works.com,"$20,000 ",2,Partial College,Manual,Y
12626,MRS.,CASSIE,LAL,5/3/1951,M,F,cassie7@adventure-works.com,"$20,000 ",2,Partial College,Manual,Y
12627,MRS.,LEAH,ZHENG,1/4/1968,S,F,leah15@adventure-works.com,"$20,000 ",1,Partial College,Manual,N
12628,MR.,ARTURO,MA,11/4/1968,M,M,arturo17@adventure-works.com,"$20,000 ",1,Partial College,Manual,Y
12629,MR.,RUSSELL,NARA,12/26/1968,S,M,russell19@adventure-works.com,"$20,000 ",1,Partial College,Manual,N
12630,MR.,KEVIN,SIMMONS,9/22/1954,M,M,kevin18@adventure-works.com,"$80,000 ",4,Partial College,Professional,Y
12631,MR.,CLARENCE,GAO,5/17/1944,S,M,clarence8@adventure-works.com,"$70,000 ",5,High School,Professional,Y
12632,MRS.,BONNIE,NATH,8/18/1944,M,F,bonnie24@adventure-works.com,"$80,000 ",5,Bachelors,Management,Y
12633,MR.,SHANNON,SUAREZ,2/9/1945,M,M,shannon39@adventure-works.com,"$110,000 ",3,Bachelors,Management,Y
12634,MR.,DERRICK,RUIZ,9/13/1945,M,M,derrick2@adventure-works.com,"$120,000 ",4,Bachelors,Management,Y
12635,MR.,BRAD,BECK,9/25/1946,S,M,brad21@adventure-works.com,"$80,000 ",5,Partial College,Professional,N
12636,MRS.,TAMER,SALAH,8/3/1946,M,F,tamer0@adventure-works.com,"$100,000 ",2,Bachelors,Management,Y
12637,MR.,LEONARD,NATH,3/2/1946,M,M,leonard20@adventure-works.com,"$130,000 ",4,Partial College,Professional,Y
12638,MR.,SEBASTIAN,BROOKS,1/3/1954,M,M,sebastian2@adventure-works.com,"$80,000 ",4,Partial College,Professional,Y
12639,MR.,RUBEN,LOPEZ,7/12/1953,S,M,ruben18@adventure-works.com,"$80,000 ",4,Partial College,Professional,Y
12640,MR.,ANGEL,RICHARDSON,11/22/1953,M,M,angel9@adventure-works.com,"$90,000 ",3,Partial College,Professional,Y
12641,MR.,WILLIE,RAJE,3/5/1954,M,M,willie33@adventure-works.com,"$100,000 ",3,High School,Professional,Y
12642,MR.,JIMMY,CARLSON,4/13/1954,M,M,jimmy22@adventure-works.com,"$100,000 ",3,High School,Professional,Y
12643,MRS.,KRISTINA,PEREZ,7/24/1953,M,F,kristina20@adventure-works.com,"$120,000 ",3,Bachelors,Management,Y
12644,MRS.,RACHEL,REED,6/3/1953,M,F,rachel31@adventure-works.com,"$130,000 ",4,Partial College,Professional,Y
12645,MS.,AUDREY,RUIZ,5/7/1953,M,F,audrey3@adventure-works.com,"$170,000 ",0,Bachelors,Management,Y
12646,MR.,KENNETH,XU,7/11/1952,S,M,kenneth5@adventure-works.com,"$90,000 ",4,High School,Professional,Y
12647,MRS.,COLLEEN,ANAND,9/26/1952,M,F,colleen45@adventure-works.com,"$170,000 ",4,Partial College,Professional,Y
12648,MRS.,LORI,DOMINGUEZ,3/10/1952,M,F,lori14@adventure-works.com,"$170,000 ",4,Partial College,Professional,Y
12649,MR.,OMAR,GOEL,12/10/1951,M,M,omar40@adventure-works.com,"$80,000 ",4,High School,Professional,Y
12650,MR.,AARON,WRIGHT,3/6/1950,M,M,aaron52@adventure-works.com,"$90,000 ",4,High School,Management,Y
12651,MR.,MARTIN,MALHOTRA,6/16/1950,S,M,martin10@adventure-works.com,"$90,000 ",4,High School,Management,Y
12652,MRS.,CAROLYN,MARTIN,8/9/1950,M,F,carolyn22@adventure-works.com,"$130,000 ",4,High School,Management,Y
12653,MRS.,NICHOLE,ANDERSEN,1/25/1950,M,F,nichole13@adventure-works.com,"$150,000 ",4,Bachelors,Management,Y
12654,MRS.,BRIANA,GILL,11/27/1950,M,F,briana13@adventure-works.com,"$160,000 ",2,Partial College,Management,N
12655,MR.,LARRY,VAZQUEZ,2/20/1949,M,M,larry17@adventure-works.com,"$80,000 ",5,High School,Management,Y
12656,MR.,BLAKE,ROBERTS,9/5/1949,M,M,blake40@adventure-works.com,"$90,000 ",4,High School,Management,Y
12657,MRS.,AUDREY,BLANCO,6/6/1949,M,F,audrey17@adventure-works.com,"$110,000 ",4,High School,Management,Y
12658,MS.,JOY,GOMEZ,1/11/1949,M,F,joy2@adventure-works.com,"$170,000 ",0,High School,Management,Y
12659,MR.,DAMIEN,CHANDE,3/17/1948,M,M,damien31@adventure-works.com,"$80,000 ",5,High School,Management,Y
12660,MRS.,TONI,SANCHEZ,10/19/1947,M,F,toni21@adventure-works.com,"$80,000 ",5,Partial High School,Skilled Manual,Y
12661,MRS.,DEBORAH,PAL,8/22/1947,M,F,deborah16@adventure-works.com,"$80,000 ",5,Partial High School,Skilled Manual,Y
12662,MR.,JESSIE,HUANG,5/25/1947,M,M,jessie11@adventure-works.com,"$90,000 ",5,Partial High School,Skilled Manual,N
12663,MRS.,MORGAN,ADAMS,6/24/1947,M,F,morgan12@adventure-works.com,"$90,000 ",5,Partial High School,Skilled Manual,Y
12664,MRS.,KRISTA,GILL,1/3/1947,M,F,krista13@adventure-works.com,"$130,000 ",5,Partial College,Professional,Y
12665,MS.,JOY,SUAREZ,10/5/1975,M,F,joy18@adventure-works.com,"$60,000 ",0,Bachelors,Professional,Y
12666,MR.,JESSIE,ZHU,8/20/1975,S,M,jessie18@adventure-works.com,"$60,000 ",0,Bachelors,Professional,N
12667,MS.,MARIA,WOOD,11/22/1976,M,F,maria25@adventure-works.com,"$70,000 ",0,Bachelors,Professional,Y
12668,MS.,MELISSA,PATTERSON,4/26/1976,S,F,melissa5@adventure-works.com,"$70,000 ",0,Bachelors,Professional,Y
12669,MR.,IRVING,SCHMIDT,3/4/1976,S,M,irving0@adventure-works.com,"$70,000 ",0,Bachelors,Professional,N
12670,MS.,SARAH,MARTINEZ,7/21/1975,S,F,sarah19@adventure-works.com,"$70,000 ",0,Bachelors,Professional,N
12671,MR.,ALAN,HUANG,2/11/1974,S,M,alan10@adventure-works.com,"$70,000 ",0,Bachelors,Professional,N
12672,MR.,CARSON,BUTLER,11/7/1975,S,M,carson13@adventure-works.com,"$80,000 ",0,Bachelors,Professional,N
12673,MR.,COLIN,STONE,8/28/1975,M,M,colin25@adventure-works.com,"$80,000 ",0,Bachelors,Professional,Y
12674,MR.,JIMMY,TRAVERS,7/27/1975,M,M,jimmy15@adventure-works.com,"$90,000 ",0,Bachelors,Professional,Y
12675,MS.,HOLLY,FERNANDEZ,10/5/1973,S,F,holly15@adventure-works.com,"$80,000 ",0,Bachelors,Professional,N
12676,MS.,MICHELE,MADAN,6/28/1974,S,F,michele63@adventure-works.com,"$90,000 ",0,Bachelors,Professional,Y
12677,MR.,CEDRIC,LIU,11/5/1974,M,M,cedric4@adventure-works.com,"$100,000 ",0,High School,Management,Y
12678,MRS.,DANA,SERRANO,10/10/1974,S,F,dana9@adventure-works.com,"$130,000 ",4,High School,Management,Y
12679,MS.,STACY,GILL,11/10/1973,M,F,stacy14@adventure-works.com,"$100,000 ",0,High School,Management,N
12680,MR.,GEORGE,SANCHEZ,7/2/1972,S,M,george27@adventure-works.com,"$80,000 ",0,Bachelors,Professional,N
12681,MS.,CHRISTY,CHOW,3/8/1972,S,F,christy2@adventure-works.com,"$80,000 ",0,Bachelors,Professional,N
12682,MS.,KARI,SUBRAM,6/14/1973,M,F,kari13@adventure-works.com,"$100,000 ",0,High School,Management,N
12683,MRS.,LAURA,ZHOU,2/1/1973,S,F,laura15@adventure-works.com,"$120,000 ",5,Partial High School,Professional,Y
12684,MR.,SHAUN,SHEN,5/23/1973,M,M,shaun4@adventure-works.com,"$120,000 ",0,Partial High School,Professional,Y
12685,MS.,JACLYN,XU,3/22/1972,M,F,jaclyn28@adventure-works.com,"$90,000 ",0,Bachelors,Professional,Y
12686,MS.,TRISHA,ZHOU,10/18/1972,S,F,trisha3@adventure-works.com,"$90,000 ",0,Bachelors,Professional,Y
12687,MR.,MARSHALL,LI,4/20/1972,S,M,marshall2@adventure-works.com,"$90,000 ",0,Bachelors,Professional,N
12688,MS.,STACY,NAVARRO,8/4/1972,S,F,stacy10@adventure-works.com,"$90,000 ",0,Bachelors,Professional,Y
12689,MS.,TAMARA,PAL,10/5/1972,S,F,tamara23@adventure-works.com,"$90,000 ",0,Bachelors,Professional,N
12690,MR.,ROGER,ZHANG,9/12/1972,M,M,roger5@adventure-works.com,"$100,000 ",0,High School,Management,Y
12691,MR.,RAFAEL,ANDERSEN,2/9/1972,M,M,rafael37@adventure-works.com,"$100,000 ",0,High School,Management,Y
12692,MR.,GLENN,LU,7/26/1971,S,M,glenn12@adventure-works.com,"$80,000 ",0,Bachelors,Professional,Y
12693,MS.,RUTH,GONZALEZ,1/9/1971,M,F,ruth22@adventure-works.com,"$80,000 ",0,Bachelors,Professional,Y
12694,MR.,JAY,ARTHUR,1/11/1972,S,M,jay13@adventure-works.com,"$120,000 ",0,Partial High School,Professional,Y
12695,MS.,KARI,RUIZ,2/2/1971,M,F,kari23@adventure-works.com,"$90,000 ",0,Bachelors,Professional,Y
12696,MS.,STACEY,HU,3/17/1971,M,F,stacey21@adventure-works.com,"$100,000 ",0,High School,Management,Y
12697,MS.,BRENDA,STONE,6/24/1970,S,F,brenda12@adventure-works.com,"$90,000 ",0,Bachelors,Professional,N
12698,MR.,MOHAMED,PAL,5/14/1970,M,M,mohamed2@adventure-works.com,"$110,000 ",0,High School,Management,Y
12699,MS.,AMY,CHOW,3/18/1970,M,F,amy10@adventure-works.com,"$120,000 ",0,Partial High School,Professional,Y
12700,MS.,MINDY,KUMAR,3/20/1971,M,F,mindy12@adventure-works.com,"$110,000 ",0,Partial High School,Professional,Y
12701,MR.,GARY,GUTIERREZ,10/18/1971,M,M,gary22@adventure-works.com,"$110,000 ",0,Partial High School,Professional,Y
12702,MS.,YOLANDA,SHAN,9/7/1971,M,F,yolanda9@adventure-works.com,"$110,000 ",0,Partial High School,Professional,Y
12703,MS.,RENEE,SUAREZ,6/20/1971,M,F,renee17@adventure-works.com,"$110,000 ",0,Partial High School,Professional,Y
12704,MS.,BARBARA,NARA,4/16/1971,M,F,barbara45@adventure-works.com,"$120,000 ",0,Partial High School,Management,Y
12705,MR.,ANDRE,GARCIA,8/10/1969,M,M,andre15@adventure-works.com,"$150,000 ",0,Bachelors,Management,Y
12706,MR.,LOUIS,LIANG,1/13/1969,M,M,louis11@adventure-works.com,"$160,000 ",0,Bachelors,Management,Y
12707,MR.,IAN,LEWIS,9/28/1941,M,M,ian19@adventure-works.com,"$70,000 ",5,Graduate Degree,Management,Y
12708,MRS.,BONNIE,PAL,4/25/1941,M,F,bonnie18@adventure-works.com,"$90,000 ",5,Bachelors,Management,Y
12709,MR.,IAN,RODRIGUEZ,1/14/1941,M,M,ian18@adventure-works.com,"$130,000 ",2,Bachelors,Management,Y
12710,MR.,DALTON,EVANS,6/19/1941,S,M,dalton43@adventure-works.com,"$170,000 ",2,Graduate Degree,Management,N
12711,MS.,HEATHER,ZHENG,4/20/1973,S,F,heather18@adventure-works.com,"$20,000 ",0,Partial High School,Manual,N
12712,MR.,ARTHUR,ROMERO,8/17/1973,S,M,arthur33@adventure-works.com,"$20,000 ",0,Partial High School,Manual,N
12713,MS.,DEBORAH,XIE,6/9/1973,S,F,deborah7@adventure-works.com,"$20,000 ",0,Partial High School,Manual,N
12714,MS.,COLLEEN,LU,7/17/1973,S,F,colleen11@adventure-works.com,"$30,000 ",0,Partial College,Clerical,N
12715,MR.,EDDIE,GILL,7/18/1963,M,M,eddie14@adventure-works.com,"$60,000 ",3,Bachelors,Professional,Y
12716,MR.,DALE,SHEN,3/16/1974,S,M,dale2@adventure-works.com,"$30,000 ",0,Partial College,Clerical,Y
12717,MS.,HANNAH,WOOD,6/7/1974,M,F,hannah25@adventure-works.com,"$30,000 ",0,Partial College,Clerical,N
12718,MS.,TAMMY,SAI,11/14/1974,S,F,tammy6@adventure-works.com,"$30,000 ",0,Partial College,Clerical,Y
12719,MS.,CHERYL,RUIZ,12/4/1974,S,F,cheryl3@adventure-works.com,"$30,000 ",0,Partial College,Clerical,N
12720,MR.,NICOLAS,CHANDE,11/2/1974,S,M,nicolas13@adventure-works.com,"$30,000 ",0,Partial College,Clerical,N
12721,MS.,REBEKAH,MARTINEZ,1/14/1974,S,F,rebekah17@adventure-works.com,"$30,000 ",0,Partial College,Clerical,N
12722,MS.,LATASHA,GOMEZ,2/12/1980,S,F,latasha1@adventure-works.com,"$20,000 ",0,Partial High School,Manual,N
12723,MR.,KURT,JAI,11/13/1980,M,M,kurt11@adventure-works.com,"$20,000 ",0,Partial High School,Manual,N
12724,MR.,EDDIE,MARTIN,1/24/1980,S,M,eddie1@adventure-works.com,"$20,000 ",0,Partial High School,Manual,N
12725,MRS.,GABRIELLE,JAMES,8/13/1910,M,F,gabrielle17@adventure-works.com,"$10,000 ",4,Partial High School,Manual,N
12726,MR.,KURT,GOEL,2/19/1980,S,M,kurt19@adventure-works.com,"$20,000 ",0,Partial High School,Manual,N
12727,MS.,AMANDA,ROSS,4/12/1980,S,F,amanda25@adventure-works.com,"$20,000 ",0,Partial High School,Manual,N
12728,MR.,JEREMIAH,STEWART,6/26/1979,S,M,jeremiah44@adventure-works.com,"$30,000 ",0,Partial College,Clerical,N
12729,MR.,JOSE,PERRY,5/16/1979,S,M,jose31@adventure-works.com,"$30,000 ",0,Partial College,Clerical,N
12730,MS.,KARLA,BECKER,10/16/1978,S,F,karla21@adventure-works.com,"$30,000 ",0,High School,Manual,Y
12731,MR.,STEVEN,MURPHY,9/14/1973,S,M,steven24@adventure-works.com,"$30,000 ",0,High School,Manual,N
12733,MS.,LACEY,CAI,2/27/1972,S,F,lacey34@adventure-works.com,"$10,000 ",0,Partial High School,Manual,N
12734,MS.,MARGARET,ZHOU,10/3/1972,S,F,margaret15@adventure-works.com,"$10,000 ",0,Partial High School,Manual,N
12735,MR.,DONALD,MEHTA,10/19/1972,S,M,donald15@adventure-works.com,"$20,000 ",0,Partial High School,Manual,Y
12736,MS.,DIANA,RUIZ,7/26/1972,S,F,diana1@adventure-works.com,"$20,000 ",0,Partial High School,Manual,Y
12737,MR.,BRETT,CHANDRA,1/19/1973,S,M,brett1@adventure-works.com,"$30,000 ",0,High School,Manual,N
12738,MRS.,MELINDA,RUBIO,6/16/1973,M,F,melinda15@adventure-works.com,"$40,000 ",1,Bachelors,Skilled Manual,Y
12739,MR.,EVAN,YOUNG,12/12/1973,M,M,evan43@adventure-works.com,"$40,000 ",1,Bachelors,Skilled Manual,Y
12740,MS.,KATHRYN,GOEL,11/27/1972,S,F,kathryn17@adventure-works.com,"$30,000 ",0,High School,Manual,Y
12741,MR.,RAYMOND,SAM,2/3/1972,S,M,raymond1@adventure-works.com,"$30,000 ",0,High School,Manual,Y
12742,MRS.,SAMANTHA,MARTINEZ,11/22/1972,S,F,samantha19@adventure-works.com,"$40,000 ",2,Partial College,Clerical,Y
12743,MR.,CARL,KUMAR,12/19/1972,M,M,carl7@adventure-works.com,"$40,000 ",2,Partial College,Clerical,N
12744,MRS.,ANNA,MOORE,11/27/1972,S,F,anna68@adventure-works.com,"$40,000 ",2,Partial College,Clerical,Y
12745,MR.,RAFAEL,WU,6/13/1972,S,M,rafael7@adventure-works.com,"$40,000 ",2,Partial College,Clerical,Y
12746,MR.,JUAN,TORRES,4/18/1971,S,M,juan2@adventure-works.com,"$10,000 ",0,Partial High School,Manual,N
12747,MS.,COLLEEN,HU,11/2/1971,S,F,colleen21@adventure-works.com,"$20,000 ",0,Partial High School,Manual,N
12748,MS.,GRACE,BELL,8/11/1971,S,F,grace30@adventure-works.com,"$30,000 ",0,High School,Manual,N
12749,MR.,MIGUEL,LEE,3/2/1971,S,M,miguel22@adventure-works.com,"$30,000 ",0,High School,Manual,N
12750,MRS.,TERESA,VAZQUEZ,8/11/1970,S,F,teresa15@adventure-works.com,"$40,000 ",2,Partial College,Clerical,Y
12751,MRS.,PRISCILLA,XU,12/12/1970,S,F,priscilla4@adventure-works.com,"$40,000 ",2,Partial College,Clerical,Y
12752,MR.,JONATHON,ALVAREZ,11/18/1970,S,M,jonathon1@adventure-works.com,"$40,000 ",2,Partial College,Clerical,Y
12753,MR.,RAMON,ZHAO,5/20/1971,S,M,ramon10@adventure-works.com,"$40,000 ",2,Partial College,Clerical,Y
12754,MRS.,LINDSEY,DENG,6/20/1970,M,F,lindsey1@adventure-works.com,"$40,000 ",2,Partial College,Clerical,N
12755,MRS.,CHLOE,HUGHES,10/2/1975,S,F,chloe78@adventure-works.com,"$40,000 ",3,Partial College,Clerical,Y
12756,MR.,ANTONIO,BUTLER,6/26/1975,S,M,antonio14@adventure-works.com,"$40,000 ",3,Partial College,Clerical,Y
12757,MRS.,SARA,RAMIREZ,12/20/1974,S,F,sara7@adventure-works.com,"$40,000 ",3,Partial College,Clerical,Y
12758,MRS.,STEPHANIE,RAMIREZ,1/11/1930,M,F,stephanie22@adventure-works.com,"$30,000 ",1,Bachelors,Skilled Manual,Y
12759,MRS.,JADA,SANDERS,7/14/1931,M,F,jada1@adventure-works.com,"$40,000 ",1,Graduate Degree,Skilled Manual,Y
12760,MS.,KRISTA,GOMEZ,1/26/1966,S,F,krista1@adventure-works.com,"$60,000 ",0,Graduate Degree,Skilled Manual,Y
12761,MS.,ALEXANDRA,RICHARDSON,3/4/1966,S,F,alexandra13@adventure-works.com,"$60,000 ",0,Graduate Degree,Skilled Manual,Y
12762,MR.,JONATHAN,SMITH,12/20/1953,M,M,jonathan60@adventure-works.com,"$30,000 ",1,Bachelors,Skilled Manual,Y
12763,MRS.,CHLOE,RUSSELL,2/5/1953,M,F,chloe85@adventure-works.com,"$30,000 ",1,Bachelors,Skilled Manual,Y
12764,MRS.,ALEXANDRA,HARRIS,8/17/1953,M,F,alexandra77@adventure-works.com,"$30,000 ",1,Partial College,Clerical,Y
12765,,ROBYN,GILL,5/20/1954,M,NA,robyn11@adventure-works.com,"$20,000 ",2,Partial High School,Manual,N
12766,MRS.,JORDYN,BRYANT,8/15/1954,M,F,jordyn17@adventure-works.com,"$20,000 ",3,Partial High School,Clerical,N
12767,MR.,CHRISTOPHER,ROBINSON,11/3/1954,M,M,christopher18@adventure-works.com,"$30,000 ",1,High School,Clerical,Y
12768,MR.,JOHNATHAN,CHAPMAN,5/26/1954,M,M,johnathan3@adventure-works.com,"$30,000 ",1,High School,Clerical,Y
12769,MR.,THOMAS,ZHANG,3/21/1955,M,M,thomas26@adventure-works.com,"$40,000 ",1,Partial College,Clerical,Y
12770,MR.,CHARLES,EVANS,9/23/1955,M,M,charles44@adventure-works.com,"$40,000 ",1,Partial College,Clerical,Y
12771,MRS.,MORGAN,THOMAS,10/22/1955,M,F,morgan33@adventure-works.com,"$40,000 ",1,Partial College,Clerical,Y
12772,MRS.,ABIGAIL,CLARK,4/25/1955,M,F,abigail60@adventure-works.com,"$40,000 ",1,Partial College,Clerical,Y
12773,MRS.,SAMANTHA,TAYLOR,11/9/1955,M,F,samantha10@adventure-works.com,"$40,000 ",1,Partial College,Clerical,Y
12774,MRS.,KRISTEN,GAO,3/25/1955,M,F,kristen13@adventure-works.com,"$40,000 ",1,Partial College,Clerical,Y
12775,MR.,CONNOR,GRIFFIN,9/8/1955,M,M,connor15@adventure-works.com,"$40,000 ",1,Partial College,Clerical,Y
12776,MR.,BLAKE,CAMPBELL,1/18/1955,M,M,blake43@adventure-works.com,"$80,000 ",5,Graduate Degree,Skilled Manual,N
12777,MR.,JOSEPH,ANDERSON,5/22/1956,M,M,joseph16@adventure-works.com,"$40,000 ",1,Partial College,Clerical,Y
12778,MRS.,CONNIE,MORGAN,4/8/1956,M,F,connie3@adventure-works.com,"$40,000 ",1,Partial College,Clerical,Y
12779,MR.,MASON,ROGERS,8/3/1956,M,M,mason18@adventure-works.com,"$40,000 ",1,Partial College,Clerical,Y
12780,MR.,JEREMY,RICHARDSON,3/22/1956,M,M,jeremy39@adventure-works.com,"$40,000 ",1,Partial College,Clerical,Y
12781,MRS.,EMMA,JAMES,6/28/1956,M,F,emma44@adventure-works.com,"$40,000 ",1,Partial College,Clerical,Y
12782,MRS.,ELIZABETH,LONG,3/19/1956,M,F,elizabeth39@adventure-works.com,"$40,000 ",1,Partial College,Clerical,Y
12783,MR.,JEROME,GUTIERREZ,4/8/1956,M,M,jerome9@adventure-works.com,"$40,000 ",1,Partial College,Clerical,Y
12784,MR.,JONATHAN,CAMPBELL,3/7/1956,M,M,jonathan36@adventure-works.com,"$40,000 ",1,Partial College,Clerical,Y
12785,MR.,JAVIER,ORTEGA,3/22/1956,M,M,javier15@adventure-works.com,"$40,000 ",1,Partial College,Clerical,Y
12786,MR.,JAMES,YANG,3/3/1956,M,M,james43@adventure-works.com,"$40,000 ",1,Partial College,Clerical,Y
12787,MRS.,KATELYN,COOK,10/21/1956,S,F,katelyn20@adventure-works.com,"$70,000 ",5,Graduate Degree,Skilled Manual,Y
12788,MRS.,AMANDA,NELSON,6/28/1957,M,F,amanda52@adventure-works.com,"$40,000 ",1,Partial College,Clerical,Y
12789,MRS.,JAMIE,ZENG,4/24/1957,M,F,jamie26@adventure-works.com,"$40,000 ",1,Partial College,Clerical,Y
12790,,BRANDON,KUMAR,10/5/1958,S,NA,brandon25@adventure-works.com,"$60,000 ",4,Graduate Degree,Skilled Manual,Y
12791,MRS.,ANGELICA,FOSTER,9/27/1958,S,F,angelica15@adventure-works.com,"$60,000 ",4,Graduate Degree,Skilled Manual,Y
12792,MR.,BLAKE,WHITE,3/21/1958,M,M,blake12@adventure-works.com,"$60,000 ",4,Graduate Degree,Skilled Manual,Y
12793,MR.,JESSIE,GUO,4/17/1958,M,M,jessie22@adventure-works.com,"$60,000 ",4,Graduate Degree,Skilled Manual,Y
12794,MRS.,MEGAN,JACKSON,10/8/1959,S,F,megan15@adventure-works.com,"$60,000 ",4,Graduate Degree,Skilled Manual,Y
12795,MR.,ANTONIO,FOSTER,4/12/1959,M,M,antonio16@adventure-works.com,"$60,000 ",4,Graduate Degree,Skilled Manual,Y
12796,MR.,JASON,ZHANG,3/8/1959,M,M,jason21@adventure-works.com,"$60,000 ",4,Graduate Degree,Skilled Manual,N
12797,MR.,PATRICK,HOWARD,8/23/1959,S,M,patrick16@adventure-works.com,"$60,000 ",4,Graduate Degree,Skilled Manual,Y
12798,MR.,ANDY,GUTIERREZ,1/14/1968,M,M,andy15@adventure-works.com,"$20,000 ",1,Partial College,Manual,Y
12799,MR.,GEORGE,CHANDRA,6/15/1968,M,M,george8@adventure-works.com,"$30,000 ",1,Bachelors,Clerical,Y
12800,MRS.,LACEY,CHEN,3/21/1968,M,F,lacey14@adventure-works.com,"$30,000 ",1,Bachelors,Clerical,Y
12801,MRS.,MELODY,BROWNING,1/5/1968,S,F,melody16@adventure-works.com,"$30,000 ",1,Bachelors,Clerical,Y
12803,MRS.,HEATHER,LI,3/18/1968,M,F,heather3@adventure-works.com,"$30,000 ",1,Bachelors,Clerical,Y
12804,MRS.,JACLYN,CHANDER,6/4/1968,S,F,jaclyn39@adventure-works.com,"$30,000 ",1,Bachelors,Clerical,N
12805,MR.,MARVIN,MORENO,6/13/1968,M,M,marvin7@adventure-works.com,"$40,000 ",0,Graduate Degree,Clerical,Y
12806,MR.,RONNIE,ZENG,3/18/1968,M,M,ronnie19@adventure-works.com,"$40,000 ",0,Graduate Degree,Clerical,Y
12807,MS.,NINA,KUMAR,8/4/1968,S,F,nina8@adventure-works.com,"$40,000 ",0,Graduate Degree,Clerical,Y
12808,MR.,MARC,SCHMIDT,5/11/1968,M,M,marc24@adventure-works.com,"$40,000 ",0,Bachelors,Clerical,Y
12809,MRS.,MICHELE,NAVARRO,9/22/1967,M,F,michele43@adventure-works.com,"$20,000 ",1,Partial College,Manual,Y
12810,MR.,CHASE,STEWART,7/28/1926,M,M,chase23@adventure-works.com,"$30,000 ",1,Bachelors,Clerical,Y
12811,MR.,MARC,SERRANO,4/20/1967,S,M,marc20@adventure-works.com,"$20,000 ",1,Partial College,Manual,N
12812,MRS.,BRANDI,SANZ,8/21/1967,M,F,brandi19@adventure-works.com,"$20,000 ",1,High School,Manual,Y
12813,MR.,REGINALD,RAMOS,11/8/1967,M,M,reginald3@adventure-works.com,"$30,000 ",1,Bachelors,Clerical,Y
12814,MRS.,CASEY,SHARMA,4/10/1967,S,F,casey10@adventure-works.com,"$30,000 ",1,Bachelors,Clerical,N
12815,MRS.,DOMINIQUE,MEHTA,6/26/1967,M,F,dominique11@adventure-works.com,"$30,000 ",1,Bachelors,Clerical,Y
12816,MRS.,TAMMY,MEHTA,6/24/1966,S,F,tammy14@adventure-works.com,"$10,000 ",5,Partial High School,Manual,Y
12817,MR.,THEODORE,SUAREZ,2/9/1966,S,M,theodore20@adventure-works.com,"$10,000 ",5,Partial High School,Manual,Y
12818,MR.,CURTIS,SHE,2/18/1966,M,M,curtis20@adventure-works.com,"$20,000 ",1,High School,Manual,Y
12819,MR.,NICOLAS,CHANDER,4/23/1966,S,M,nicolas14@adventure-works.com,"$20,000 ",2,High School,Manual,Y
12820,MR.,DEREK,TANG,2/9/1966,S,M,derek4@adventure-works.com,"$20,000 ",2,High School,Manual,Y
12821,MR.,CESAR,MCDONALD,6/15/1967,M,M,cesar3@adventure-works.com,"$40,000 ",0,Bachelors,Clerical,Y
12822,MS.,ALEXANDRA,JAMES,5/24/1967,M,F,alexandra19@adventure-works.com,"$40,000 ",0,Bachelors,Clerical,N
12823,MRS.,BETHANY,SHE,11/17/1927,M,F,bethany4@adventure-works.com,"$10,000 ",4,High School,Manual,N
12824,MR.,KRISTOPHER,SUBRAM,5/6/1966,S,M,kristopher11@adventure-works.com,"$30,000 ",1,Bachelors,Clerical,N
12825,MR.,KELVIN,HU,1/20/1966,M,M,kelvin39@adventure-works.com,"$30,000 ",1,Bachelors,Skilled Manual,Y
12826,MR.,CALEB,GONZALEZ,7/7/1965,S,M,caleb38@adventure-works.com,"$10,000 ",5,Partial High School,Manual,Y
12827,MR.,NICOLAS,RAJE,7/15/1965,S,M,nicolas12@adventure-works.com,"$20,000 ",2,High School,Manual,Y
12828,MRS.,CAROL,RUBIO,6/4/1964,S,F,carol12@adventure-works.com,"$10,000 ",5,Partial High School,Manual,Y
12829,MR.,MICAH,LI,7/14/1964,S,M,micah13@adventure-works.com,"$20,000 ",2,High School,Manual,Y
12830,MR.,RUSSELL,RAJE,12/24/1964,S,M,russell16@adventure-works.com,"$20,000 ",3,High School,Manual,Y
12831,MRS.,KATHRYN,LAL,1/16/1964,S,F,kathryn7@adventure-works.com,"$20,000 ",3,High School,Manual,Y
12832,MR.,DOUGLAS,PRASAD,4/21/1964,S,M,douglas13@adventure-works.com,"$20,000 ",3,High School,Manual,Y
12833,MRS.,SHEENA,GOEL,1/17/1964,S,F,sheena18@adventure-works.com,"$20,000 ",3,High School,Manual,Y
12834,MRS.,KELSEY,XIE,3/13/1964,M,F,kelsey2@adventure-works.com,"$30,000 ",1,Bachelors,Skilled Manual,Y
12835,MR.,KARL,YUAN,9/22/1963,S,M,karl7@adventure-works.com,"$10,000 ",3,Partial High School,Manual,Y
12836,MR.,RODNEY,MUNOZ,3/3/1963,S,M,rodney3@adventure-works.com,"$20,000 ",3,High School,Manual,Y
12837,MRS.,NICOLE,ANDERSON,9/27/1933,M,F,nicole10@adventure-works.com,"$20,000 ",2,Partial College,Manual,Y
12838,MR.,RALPH,BECK,5/11/1966,M,M,ralph0@adventure-works.com,"$40,000 ",0,Bachelors,Professional,Y
12839,MS.,DOMINIQUE,FERNANDEZ,6/18/1966,S,F,dominique13@adventure-works.com,"$60,000 ",0,Graduate Degree,Skilled Manual,N
12840,MRS.,NAOMI,SANZ,8/12/1934,M,F,naomi20@adventure-works.com,"$40,000 ",1,Graduate Degree,Skilled Manual,Y
12841,MRS.,YOLANDA,XIE,8/24/1965,S,F,yolanda3@adventure-works.com,"$30,000 ",2,Partial College,Clerical,Y
12842,MR.,KELVIN,BECKER,3/6/1965,S,M,kelvin17@adventure-works.com,"$30,000 ",2,Partial College,Clerical,Y
12843,MRS.,SUMMER,SMITH,8/2/1965,S,F,summer7@adventure-works.com,"$30,000 ",2,Partial College,Clerical,Y
12844,MR.,GERALD,GONZALEZ,3/28/1965,M,M,gerald4@adventure-works.com,"$40,000 ",1,Bachelors,Skilled Manual,Y
12845,MRS.,ANGELA,TORRES,11/28/1965,M,F,angela30@adventure-works.com,"$40,000 ",1,Bachelors,Skilled Manual,Y
12846,MRS.,BRIDGET,NARA,7/6/1964,S,F,bridget18@adventure-works.com,"$30,000 ",2,Partial College,Clerical,Y
12848,MRS.,BRITTNEY,LU,11/2/1964,M,F,brittney10@adventure-works.com,"$40,000 ",1,Bachelors,Skilled Manual,Y
12849,MR.,ADAM,BAKER,2/26/1963,S,M,adam38@adventure-works.com,"$30,000 ",2,Partial College,Clerical,Y
12850,MR.,JOHNNY,RAJI,6/6/1977,S,M,johnny22@adventure-works.com,"$20,000 ",0,High School,Manual,N
12851,MRS.,BRANDY,SAI,9/26/1979,S,F,brandy1@adventure-works.com,"$20,000 ",4,High School,Manual,Y
12852,MRS.,TERESA,CARLSON,2/4/1979,S,F,teresa19@adventure-works.com,"$30,000 ",3,Partial College,Clerical,Y
12853,MRS.,EVELYN,MALHOTRA,8/25/1963,M,F,evelyn5@adventure-works.com,"$40,000 ",1,Bachelors,Skilled Manual,Y
12854,MR.,REGINALD,ROMERO,5/23/1963,M,M,reginald16@adventure-works.com,"$40,000 ",1,Bachelors,Skilled Manual,Y
12855,MR.,PHILIP,DIAZ,2/3/1963,M,M,philip2@adventure-works.com,"$40,000 ",1,Bachelors,Skilled Manual,Y
12856,MRS.,ROSA,LIN,4/7/1963,M,F,rosa8@adventure-works.com,"$40,000 ",1,Bachelors,Skilled Manual,Y
12857,MR.,RAUL,KUMAR,8/17/1963,M,M,raul7@adventure-works.com,"$40,000 ",1,Bachelors,Skilled Manual,Y
12858,MRS.,ADRIANA,MEHTA,4/21/1962,S,F,adriana15@adventure-works.com,"$30,000 ",1,Partial College,Clerical,Y
12859,MRS.,EVELYN,GONZALEZ,8/17/1962,S,F,evelyn19@adventure-works.com,"$30,000 ",1,Partial College,Clerical,Y
12860,MRS.,JILLIAN,PRASAD,3/25/1962,M,F,jillian10@adventure-works.com,"$40,000 ",1,Bachelors,Skilled Manual,Y
12861,MRS.,ROBYN,JIMENEZ,3/25/1962,M,F,robyn4@adventure-works.com,"$40,000 ",1,Bachelors,Skilled Manual,Y
12862,MRS.,MELINDA,ORTEGA,2/11/1978,S,F,melinda16@adventure-works.com,"$30,000 ",3,Partial College,Clerical,Y
12863,MR.,CALEB,ZHANG,8/25/1978,S,M,caleb20@adventure-works.com,"$30,000 ",4,Partial College,Clerical,Y
12865,MS.,BRANDY,MARTINEZ,3/24/1976,M,F,brandy14@adventure-works.com,"$20,000 ",0,High School,Manual,N
12866,MS.,JANELLE,FERNANDEZ,6/18/1975,S,F,janelle12@adventure-works.com,"$10,000 ",0,Partial High School,Manual,Y
12867,MS.,LAURA,YE,7/20/1975,S,F,laura16@adventure-works.com,"$10,000 ",0,Partial High School,Manual,Y
12868,MS.,JULIE,ANAND,5/13/1975,S,F,julie23@adventure-works.com,"$20,000 ",0,High School,Manual,N
12869,MS.,ALISHA,TANG,3/25/1976,M,F,alisha28@adventure-works.com,"$20,000 ",0,High School,Manual,N
12870,MR.,TYRONE,MUNOZ,9/19/1976,S,M,tyrone7@adventure-works.com,"$20,000 ",0,Partial High School,Manual,N
12871,MS.,LEAH,LI,10/6/1976,S,F,leah2@adventure-works.com,"$30,000 ",0,Partial College,Clerical,N
12872,MS.,OLIVIA,HUGHES,5/11/1975,S,F,olivia57@adventure-works.com,"$30,000 ",0,Partial College,Clerical,N
12873,MS.,MANDAR,SAMANT,9/18/1974,S,F,mandar2@adventure-works.com,"$20,000 ",0,Partial High School,Manual,N
12874,MS.,KIRK,NASON,9/5/1974,S,F,kirk3@adventure-works.com,"$20,000 ",0,Partial High School,Manual,N
12875,MRS.,BRIANNA,ROSS,5/15/1959,S,F,brianna50@adventure-works.com,"$60,000 ",4,Graduate Degree,Skilled Manual,Y
12876,MR.,BLAKE,ROBINSON,7/22/1959,M,M,blake18@adventure-works.com,"$60,000 ",4,Graduate Degree,Skilled Manual,Y
12877,MR.,ALEXANDER,WILLIAMS,5/5/1959,M,M,alexander4@adventure-works.com,"$60,000 ",4,Graduate Degree,Skilled Manual,Y
12878,MR.,GILBERT,SUN,9/14/1972,M,M,gilbert10@adventure-works.com,"$40,000 ",4,High School,Skilled Manual,Y
12879,MR.,ELIJAH,NELSON,7/16/1972,M,M,elijah37@adventure-works.com,"$40,000 ",0,Graduate Degree,Skilled Manual,Y
12880,MR.,LUIS,HAYES,9/11/1973,S,M,luis22@adventure-works.com,"$50,000 ",0,Graduate Degree,Skilled Manual,N
12881,MRS.,ISABELLA,EDWARDS,11/14/1973,S,F,isabella34@adventure-works.com,"$50,000 ",1,Graduate Degree,Skilled Manual,Y
12882,MR.,EDUARDO,ALLEN,3/27/1973,M,M,eduardo24@adventure-works.com,"$50,000 ",1,Graduate Degree,Skilled Manual,Y
12883,MRS.,STEPHANIE,BAILEY,11/6/1971,S,F,stephanie12@adventure-works.com,"$60,000 ",1,Graduate Degree,Skilled Manual,Y
12884,MRS.,MEGAN,WILLIAMS,5/12/1971,S,F,megan5@adventure-works.com,"$60,000 ",1,Graduate Degree,Skilled Manual,Y
12885,MR.,JONATHAN,ANDERSON,8/15/1971,M,M,jonathan62@adventure-works.com,"$60,000 ",1,Graduate Degree,Skilled Manual,Y
12886,MRS.,JOCELYN,LONG,11/3/1971,S,F,jocelyn10@adventure-works.com,"$60,000 ",1,Graduate Degree,Skilled Manual,Y
12889,MR.,JAMES,ADAMS,11/27/1971,M,M,james66@adventure-works.com,"$60,000 ",1,Graduate Degree,Skilled Manual,Y
12890,MR.,STEVEN,THORPE,7/19/1971,M,M,steven8@adventure-works.com,"$60,000 ",1,Graduate Degree,Skilled Manual,Y
12891,MRS.,KAYLEE,KING,4/16/1971,M,F,kaylee42@adventure-works.com,"$60,000 ",1,Graduate Degree,Skilled Manual,Y
12892,MR.,BRIAN,PETERSON,4/10/1972,M,M,brian17@adventure-works.com,"$40,000 ",1,Graduate Degree,Skilled Manual,Y
12893,MRS.,BRITTANY,FOSTER,4/4/1972,M,F,brittany14@adventure-works.com,"$70,000 ",2,Graduate Degree,Professional,Y
12894,MRS.,NATALIE,WALKER,8/7/1972,M,F,natalie89@adventure-works.com,"$70,000 ",2,Graduate Degree,Professional,Y
12895,MRS.,DESTINY,ANDERSON,4/6/1970,M,F,destiny10@adventure-works.com,"$50,000 ",1,Bachelors,Skilled Manual,Y
12896,MRS.,VICTORIA,WOOD,7/16/1970,M,F,victoria50@adventure-works.com,"$50,000 ",1,Bachelors,Skilled Manual,Y
12897,MRS.,ALYSSA,WILSON,1/6/1970,M,F,alyssa6@adventure-works.com,"$50,000 ",1,Bachelors,Skilled Manual,Y
12898,MRS.,MADELINE,CAMPBELL,9/9/1970,M,F,madeline6@adventure-works.com,"$50,000 ",1,Bachelors,Skilled Manual,Y
12899,MRS.,ANA,ROSS,7/11/1970,M,F,ana4@adventure-works.com,"$50,000 ",1,Bachelors,Skilled Manual,Y
12900,MR.,CARLOS,WARD,6/5/1970,M,M,carlos14@adventure-works.com,"$60,000 ",1,Graduate Degree,Professional,Y
12901,MR.,ROBERT,ADAMS,2/12/1969,M,M,robert57@adventure-works.com,"$50,000 ",2,Bachelors,Skilled Manual,Y
12902,MRS.,JULIA,STEWART,4/22/1969,S,F,julia46@adventure-works.com,"$50,000 ",2,Bachelors,Skilled Manual,Y
12903,MRS.,JOHN,SANDSTONE,10/2/1969,S,F,john27@adventure-works.com,"$50,000 ",2,Bachelors,Skilled Manual,Y
12904,MR.,THOMAS,JAI,2/19/1969,M,M,thomas35@adventure-works.com,"$50,000 ",2,Bachelors,Skilled Manual,Y
12905,MRS.,ALEXANDRA,SANCHEZ,9/10/1969,M,F,alexandra2@adventure-works.com,"$60,000 ",1,Graduate Degree,Professional,Y
12906,MR.,PHILIP,RAMOS,8/19/1971,M,M,philip16@adventure-works.com,"$60,000 ",1,Graduate Degree,Professional,Y
12907,MRS.,JULIA,BRYANT,11/23/1971,M,F,julia84@adventure-works.com,"$60,000 ",1,Graduate Degree,Professional,Y
12908,MR.,TYLER,CLARK,3/12/1971,M,M,tyler19@adventure-works.com,"$60,000 ",1,Graduate Degree,Professional,Y
12909,MRS.,KELSEY,SHAN,5/25/1971,M,F,kelsey10@adventure-works.com,"$60,000 ",1,Graduate Degree,Professional,Y
12910,MR.,ROBERT,BROWN,2/5/1971,M,M,robert62@adventure-works.com,"$60,000 ",1,Graduate Degree,Professional,Y
12911,MR.,SEBASTIAN,ROGERS,10/26/1969,S,M,sebastian18@adventure-works.com,"$60,000 ",1,Graduate Degree,Professional,Y
12912,MRS.,BRIANNA,MORRIS,3/25/1968,S,F,brianna26@adventure-works.com,"$40,000 ",4,High School,Skilled Manual,Y
12913,MR.,BENJAMIN,MOORE,2/23/1968,M,M,benjamin42@adventure-works.com,"$60,000 ",2,Bachelors,Skilled Manual,Y
12914,MS.,JILL,MILLER,4/11/1967,S,F,jill4@adventure-works.com,"$40,000 ",0,Bachelors,Professional,N
12915,MS.,KAITLYN,ALEXANDER,3/20/1967,S,F,kaitlyn86@adventure-works.com,"$40,000 ",0,Bachelors,Professional,N
12916,MRS.,NATALIE,ROSS,5/23/1970,M,F,natalie26@adventure-works.com,"$60,000 ",1,Graduate Degree,Professional,Y
12917,MRS.,VANESSA,RUSSELL,3/2/1970,M,F,vanessa20@adventure-works.com,"$70,000 ",4,Graduate Degree,Professional,Y
12918,MRS.,BROOKE,MURPHY,2/13/1970,M,F,brooke13@adventure-works.com,"$80,000 ",2,Graduate Degree,Professional,Y
12920,MRS.,KELLY,HENDERSON,9/13/1967,S,F,kelly9@adventure-works.com,"$70,000 ",2,Bachelors,Skilled Manual,Y
12921,MR.,WYATT,LEE,7/3/1966,S,M,wyatt23@adventure-works.com,"$60,000 ",3,Bachelors,Skilled Manual,N
12923,MR.,FERNANDO,WRIGHT,8/21/1966,S,M,fernando26@adventure-works.com,"$60,000 ",3,Bachelors,Skilled Manual,Y
12924,MR.,DEVON,CHANDE,10/9/1966,M,M,devon12@adventure-works.com,"$60,000 ",3,Bachelors,Skilled Manual,Y
12925,MS.,MACKENZIE,BLUE,8/13/1966,M,F,mackenzie12@adventure-works.com,"$60,000 ",0,Graduate Degree,Professional,Y
12926,MRS.,SARA,MURPHY,7/18/1966,M,F,sara16@adventure-works.com,"$70,000 ",4,Graduate Degree,Professional,Y
12927,MRS.,SAVANNAH,SANCHEZ,6/13/1966,M,F,savannah25@adventure-works.com,"$70,000 ",4,Graduate Degree,Professional,Y
12928,MRS.,CAROL,WRIGHT,11/10/1969,M,F,carol15@adventure-works.com,"$60,000 ",2,Graduate Degree,Professional,Y
12929,MRS.,VANESSA,BRYANT,3/5/1969,M,F,vanessa19@adventure-works.com,"$70,000 ",5,Graduate Degree,Professional,Y
12930,MRS.,GRACE,HARRIS,5/16/1969,M,F,grace13@adventure-works.com,"$70,000 ",5,Graduate Degree,Professional,Y
12931,MRS.,ANN,FERNANDEZ,10/5/1969,S,F,ann20@adventure-works.com,"$70,000 ",5,Graduate Degree,Professional,Y
12932,MR.,TYLER,JOHNSON,11/10/1969,M,M,tyler4@adventure-works.com,"$70,000 ",5,Graduate Degree,Professional,Y
12933,MR.,JONATHAN,HALL,2/10/1969,M,M,jonathan52@adventure-works.com,"$70,000 ",5,Graduate Degree,Professional,N
12934,MR.,JASON,FOSTER,11/12/1969,S,M,jason13@adventure-works.com,"$80,000 ",3,Graduate Degree,Professional,Y
12935,MR.,ROBERT,HILL,5/4/1969,M,M,robert54@adventure-works.com,"$80,000 ",3,Graduate Degree,Professional,Y
12936,,RENEE,MORENO,3/27/1965,S,NA,renee6@adventure-works.com,"$40,000 ",0,Bachelors,Professional,Y
12937,MS.,MEGAN,WILSON,1/4/1965,S,F,megan10@adventure-works.com,"$40,000 ",0,Bachelors,Professional,N
12938,MR.,EDWARD,PARKER,2/8/1965,S,M,edward19@adventure-works.com,"$40,000 ",0,Bachelors,Professional,N
12939,MR.,EDUARDO,PARKER,4/2/1965,S,M,eduardo41@adventure-works.com,"$80,000 ",3,Bachelors,Skilled Manual,Y
12940,MR.,STEVEN,ROGERS,3/24/1965,M,M,steven29@adventure-works.com,"$80,000 ",3,Bachelors,Skilled Manual,Y
12941,MRS.,MARIA,MORGAN,5/10/1965,S,F,maria6@adventure-works.com,"$80,000 ",3,Bachelors,Skilled Manual,Y
12942,MRS.,MORGAN,HARRIS,11/15/1965,S,F,morgan35@adventure-works.com,"$80,000 ",3,Bachelors,Skilled Manual,Y
12943,MR.,CALEB,PEREZ,2/17/1965,S,M,caleb32@adventure-works.com,"$80,000 ",3,Bachelors,Skilled Manual,Y
12944,MR.,JOSE,JAI,7/21/1965,M,M,jose26@adventure-works.com,"$80,000 ",4,Bachelors,Skilled Manual,Y
12945,MS.,JESSICA,BAILEY,3/24/1965,M,F,jessica9@adventure-works.com,"$60,000 ",0,Graduate Degree,Professional,Y
12946,MR.,SETH,ALLEN,12/4/1965,M,M,seth24@adventure-works.com,"$60,000 ",0,Graduate Degree,Professional,Y
12947,MR.,ISAIAH,SANCHEZ,2/17/1964,S,M,isaiah17@adventure-works.com,"$40,000 ",0,Bachelors,Professional,N
12948,MR.,ADAM,KUMAR,10/2/1964,M,M,adam24@adventure-works.com,"$50,000 ",5,Bachelors,Skilled Manual,Y
12949,MRS.,MORGAN,RIVERA,12/19/1964,S,F,morgan55@adventure-works.com,"$50,000 ",5,Bachelors,Skilled Manual,Y
12950,MRS.,MARY,ADAMS,10/15/1964,S,F,mary29@adventure-works.com,"$50,000 ",5,Bachelors,Skilled Manual,Y
12951,MR.,BLAKE,SIMMONS,12/6/1963,S,M,blake63@adventure-works.com,"$40,000 ",0,Bachelors,Professional,N
12952,MS.,JENNIFER,HUGHES,12/15/1968,S,F,jennifer85@adventure-works.com,"$60,000 ",0,Bachelors,Professional,N
12953,MRS.,CATHERINE,COOPER,11/12/1963,S,F,catherine15@adventure-works.com,"$60,000 ",3,Graduate Degree,Professional,Y
12954,MR.,PEDRO,DIAZ,8/22/1962,M,M,pedro23@adventure-works.com,"$70,000 ",1,Bachelors,Professional,N
12955,MRS.,THERESA,HERNANDEZ,9/10/1962,S,F,theresa0@adventure-works.com,"$70,000 ",1,Bachelors,Professional,Y
12956,MR.,MARSHALL,SUN,3/11/1962,S,M,marshall12@adventure-works.com,"$70,000 ",1,Bachelors,Professional,Y
12957,MRS.,ISABELLA,LOPEZ,8/26/1962,S,F,isabella52@adventure-works.com,"$70,000 ",1,Bachelors,Professional,N
12958,MRS.,JENNIFER,CAMPBELL,7/27/1962,S,F,jennifer9@adventure-works.com,"$70,000 ",1,Bachelors,Professional,N
12959,MRS.,SYDNEY,CARTER,5/24/1962,S,F,sydney51@adventure-works.com,"$70,000 ",1,Bachelors,Professional,Y
12960,MRS.,ASHLEY,LEWIS,11/12/1962,S,F,ashley22@adventure-works.com,"$70,000 ",1,Bachelors,Professional,N
12961,MRS.,KIMBERLY,MURPHY,5/15/1962,M,F,kimberly17@adventure-works.com,"$70,000 ",1,Partial College,Skilled Manual,Y
12962,MRS.,JENNIFER,EDWARDS,4/22/1962,M,F,jennifer5@adventure-works.com,"$70,000 ",1,Partial College,Skilled Manual,Y
12963,MR.,MARCUS,ANDERSON,10/25/1962,M,M,marcus10@adventure-works.com,"$70,000 ",1,Partial College,Skilled Manual,Y
12964,MR.,XAVIER,RUSSELL,5/14/1962,M,M,xavier60@adventure-works.com,"$70,000 ",1,Partial College,Skilled Manual,Y
12965,MR.,CODY,BELL,9/19/1961,M,M,cody14@adventure-works.com,"$40,000 ",4,High School,Skilled Manual,Y
12966,MR.,DENNIS,ZHU,3/9/1961,M,M,dennis15@adventure-works.com,"$40,000 ",4,High School,Skilled Manual,Y
12967,MR.,FERNANDO,RODRIGUEZ,4/10/1961,M,M,fernando18@adventure-works.com,"$40,000 ",4,High School,Skilled Manual,Y
12968,MRS.,PAIGE,BUTLER,12/19/1961,M,F,paige13@adventure-works.com,"$60,000 ",1,Partial College,Skilled Manual,Y
12969,MR.,RICHARD,RODRIGUEZ,6/2/1960,M,M,richard14@adventure-works.com,"$40,000 ",4,High School,Skilled Manual,N
12970,MRS.,ANGELA,POWELL,7/17/1960,S,F,angela11@adventure-works.com,"$40,000 ",4,High School,Skilled Manual,Y
12971,MR.,CARL,NARA,3/2/1960,M,M,carl16@adventure-works.com,"$40,000 ",0,Bachelors,Professional,N
12972,MS.,CAROLYN,SURI,6/22/1967,S,F,carolyn1@adventure-works.com,"$70,000 ",0,Partial College,Skilled Manual,N
12973,MR.,ADRIAN,HOWARD,3/12/1967,S,M,adrian13@adventure-works.com,"$70,000 ",0,Partial College,Skilled Manual,Y
12974,MR.,MARC,GILL,2/28/1967,S,M,marc17@adventure-works.com,"$60,000 ",0,Graduate Degree,Professional,Y
12975,MR.,MARCUS,WILSON,4/18/1967,S,M,marcus7@adventure-works.com,"$60,000 ",0,Graduate Degree,Professional,N
12976,MR.,HUNTER,THOMPSON,6/21/1967,S,M,hunter47@adventure-works.com,"$60,000 ",0,Graduate Degree,Professional,N
12977,MS.,DESTINY,JOHNSON,2/23/1967,S,F,destiny1@adventure-works.com,"$60,000 ",0,Graduate Degree,Professional,N
12978,MRS.,DANIELLE,JAMES,11/15/1928,M,F,danielle10@adventure-works.com,"$20,000 ",3,High School,Skilled Manual,N
12979,MRS.,CHRISTINA,WARD,8/19/1960,M,F,christina10@adventure-works.com,"$60,000 ",1,Partial College,Skilled Manual,Y
12980,MR.,MAX,MOYER,8/14/1959,M,M,max10@adventure-works.com,"$80,000 ",2,Graduate Degree,Professional,Y
12981,MR.,JOE,SANZ,4/16/1959,S,M,joe43@adventure-works.com,"$80,000 ",3,Graduate Degree,Professional,Y
12982,MRS.,BRITTANY,PATTERSON,5/20/1958,M,F,brittany9@adventure-works.com,"$80,000 ",1,Partial College,Skilled Manual,Y
12983,MRS.,GABRIELLA,CARTER,12/21/1958,M,F,gabriella33@adventure-works.com,"$60,000 ",1,Bachelors,Professional,Y
12984,MR.,ADAM,YOUNG,2/6/1958,M,M,adam48@adventure-works.com,"$60,000 ",1,Bachelors,Professional,Y
12985,MRS.,HAILEY,ROBERTS,5/11/1958,M,F,hailey46@adventure-works.com,"$70,000 ",5,Graduate Degree,Professional,Y
12986,MRS.,RACHEL,GARCIA,9/7/1958,M,F,rachel19@adventure-works.com,"$80,000 ",5,Graduate Degree,Professional,Y
12987,MRS.,FELICIA,MORENO,5/12/1969,M,F,felicia5@adventure-works.com,"$90,000 ",1,Graduate Degree,Management,N
12988,MRS.,BARBARA,GOEL,1/26/1969,S,F,barbara47@adventure-works.com,"$90,000 ",1,Graduate Degree,Management,Y
12989,MRS.,CARLY,GOEL,11/13/1969,M,F,carly17@adventure-works.com,"$100,000 ",1,Graduate Degree,Management,Y
12990,MRS.,LESLIE,HERNANDEZ,10/15/1969,S,F,leslie4@adventure-works.com,"$100,000 ",1,Graduate Degree,Management,Y
12991,MR.,JÉSUS,SERRANO,3/12/1968,M,M,jésus15@adventure-works.com,"$60,000 ",2,Bachelors,Professional,Y
12992,MR.,ERNEST,ZENG,10/21/1968,M,M,ernest20@adventure-works.com,"$60,000 ",2,Bachelors,Professional,Y
12993,MR.,XAVIER,HENDERSON,12/26/1968,M,M,xavier46@adventure-works.com,"$60,000 ",2,Bachelors,Professional,Y
12994,MRS.,ANNA,MARTINEZ,4/9/1970,S,F,anna55@adventure-works.com,"$80,000 ",4,Graduate Degree,Management,Y
12995,MR.,GRANT,NARA,9/2/1970,M,M,grant18@adventure-works.com,"$80,000 ",5,Graduate Degree,Management,Y
12996,MRS.,JACLYN,LIU,5/13/1970,M,F,jaclyn4@adventure-works.com,"$90,000 ",2,Bachelors,Professional,Y
12997,MRS.,NINA,XIE,5/11/1968,M,F,nina3@adventure-works.com,"$60,000 ",2,Bachelors,Professional,Y
12998,MRS.,MAYRA,MEHTA,1/11/1968,S,F,mayra14@adventure-works.com,"$60,000 ",2,Bachelors,Professional,N
12999,MRS.,NICHOLE,SHEN,6/20/1967,S,F,nichole2@adventure-works.com,"$70,000 ",5,Bachelors,Professional,Y
13000,MR.,RAFAEL,RAJE,9/20/1969,M,M,rafael38@adventure-works.com,"$110,000 ",1,Graduate Degree,Management,Y
13001,MR.,CLARENCE,ZHANG,9/6/1969,S,M,clarence37@adventure-works.com,"$130,000 ",1,Graduate Degree,Management,Y
13002,MR.,ROGER,CAI,8/22/1967,M,M,roger25@adventure-works.com,"$80,000 ",5,Graduate Degree,Management,N
13003,MRS.,JILL,HERNANDEZ,1/20/1967,M,F,jill11@adventure-works.com,"$80,000 ",5,Graduate Degree,Management,Y
13004,MR.,RANDY,CHEN,5/4/1967,M,M,randy4@adventure-works.com,"$80,000 ",5,Graduate Degree,Management,N
13005,MRS.,DESIREE,ALVAREZ,8/15/1966,M,F,desiree0@adventure-works.com,"$80,000 ",5,Graduate Degree,Management,N
13006,MS.,WHITNEY,RANA,4/21/1966,S,F,whitney10@adventure-works.com,"$90,000 ",0,Bachelors,Professional,N
13007,MRS.,BROOKE,WARD,10/5/1965,S,F,brooke11@adventure-works.com,"$60,000 ",2,Bachelors,Professional,N
13008,MR.,ALBERTO,MUÑOZ,7/9/1965,M,M,alberto8@adventure-works.com,"$60,000 ",3,Bachelors,Professional,Y
13009,MRS.,MINDY,SHE,3/11/1965,M,F,mindy4@adventure-works.com,"$60,000 ",3,Bachelors,Professional,Y
13010,MRS.,ERICA,YE,8/16/1965,M,F,erica9@adventure-works.com,"$60,000 ",3,Bachelors,Professional,Y
13011,MS.,ANNE,ORTEGA,5/4/1965,S,F,anne22@adventure-works.com,"$70,000 ",0,Bachelors,Professional,N
13012,MS.,KRYSTAL,HU,9/24/1965,S,F,krystal20@adventure-works.com,"$70,000 ",0,Bachelors,Professional,N
13013,MR.,VINCENT,YE,11/8/1964,M,M,vincent9@adventure-works.com,"$60,000 ",4,Bachelors,Professional,N
13014,MR.,JAMES,CLARK,7/13/1968,M,M,james92@adventure-works.com,"$100,000 ",2,Bachelors,Management,Y
13015,MRS.,REBECCA,PARKER,7/11/1968,S,F,rebecca10@adventure-works.com,"$100,000 ",2,Bachelors,Management,N
13016,MR.,ANTONIO,BRYANT,7/4/1968,M,M,antonio18@adventure-works.com,"$110,000 ",1,Graduate Degree,Management,Y
13017,MR.,XAVIER,ALEXANDER,2/16/1979,M,M,xavier59@adventure-works.com,"$30,000 ",0,Partial College,Skilled Manual,Y
13018,MR.,BRENDAN,XIE,10/11/1944,M,M,brendan3@adventure-works.com,"$10,000 ",5,High School,Skilled Manual,Y
13019,MS.,DESTINY,MURPHY,3/1/1979,S,F,destiny31@adventure-works.com,"$60,000 ",0,Partial College,Skilled Manual,Y
13020,MR.,MADALENA,SANCHEZ,5/10/1945,M,M,madalena0@adventure-works.com,"$10,000 ",2,Partial High School,Clerical,Y
13021,MRS.,KENDRA,DIAZ,7/9/1946,S,F,kendra3@adventure-works.com,"$30,000 ",2,Partial College,Clerical,Y
13022,MR.,RAFAEL,MA,8/24/1947,M,M,rafael17@adventure-works.com,"$10,000 ",2,Partial High School,Clerical,Y
13023,MRS.,DOMINIQUE,RAMAN,2/27/1947,S,F,dominique9@adventure-works.com,"$20,000 ",4,High School,Skilled Manual,Y
13024,MR.,MARC,MORENO,3/9/1947,M,M,marc10@adventure-works.com,"$30,000 ",2,Partial College,Clerical,N
13025,MR.,REGINALD,SERRANO,11/19/1947,M,M,reginald2@adventure-works.com,"$30,000 ",2,Partial College,Clerical,N
13026,MRS.,COLLEEN,ZHENG,4/15/1948,S,F,colleen20@adventure-works.com,"$10,000 ",2,Partial High School,Clerical,Y
13027,MR.,JEREMY,PATTERSON,12/11/1977,S,M,jeremy27@adventure-works.com,"$40,000 ",0,Partial High School,Clerical,Y
13028,MR.,DALTON,THOMPSON,9/17/1977,S,M,dalton14@adventure-works.com,"$30,000 ",0,Partial College,Skilled Manual,Y
13029,MS.,JENNIFER,FOSTER,9/5/1977,S,F,jennifer89@adventure-works.com,"$30,000 ",0,Partial College,Skilled Manual,N
13030,MS.,SOPHIA,LOPEZ,7/13/1977,S,F,sophia19@adventure-works.com,"$60,000 ",0,Partial College,Skilled Manual,Y
13031,MR.,HUNTER,SHAN,2/16/1977,S,M,hunter26@adventure-works.com,"$60,000 ",0,Partial College,Skilled Manual,N
13032,MR.,KEVIN,BAKER,4/9/1977,M,M,kevin45@adventure-works.com,"$70,000 ",0,Partial College,Skilled Manual,Y
13033,MR.,XAVIER,GONZALEZ,11/20/1976,S,M,xavier31@adventure-works.com,"$60,000 ",0,Partial College,Skilled Manual,N
13034,MRS.,KELSEY,YUAN,2/27/1949,S,F,kelsey6@adventure-works.com,"$20,000 ",2,Partial High School,Clerical,Y
13035,MRS.,KRISTY,TORRES,11/3/1950,M,F,kristy11@adventure-works.com,"$30,000 ",3,Partial College,Clerical,N
13036,MRS.,VIRGINIA,SUBRAM,2/3/1950,S,F,virginia15@adventure-works.com,"$30,000 ",3,Partial College,Clerical,Y
13037,MR.,TERRENCE,PAL,4/26/1950,M,M,terrence12@adventure-works.com,"$30,000 ",3,High School,Skilled Manual,N
13038,MR.,WILSON,PAIS,2/1/1950,M,M,wilson0@adventure-works.com,"$40,000 ",2,Bachelors,Management,N
13039,MS.,TRISHA,MA,8/20/1980,S,F,trisha10@adventure-works.com,"$20,000 ",0,Partial College,Skilled Manual,N
13040,MR.,ROY,GONZALEZ,9/20/1951,M,M,roy19@adventure-works.com,"$30,000 ",3,High School,Skilled Manual,Y
13041,MR.,CAMERON,BROWN,11/5/1951,M,M,cameron45@adventure-works.com,"$30,000 ",3,High School,Skilled Manual,N
13042,MRS.,ALISON,PAL,9/21/1951,M,F,alison12@adventure-works.com,"$30,000 ",3,High School,Skilled Manual,Y
13043,MRS.,BRENDA,MADAN,4/25/1952,M,F,brenda11@adventure-works.com,"$30,000 ",3,High School,Skilled Manual,N
13044,MRS.,KATRINA,JAI,1/23/1952,M,F,katrina10@adventure-works.com,"$30,000 ",3,High School,Skilled Manual,N
13045,MRS.,ANNE,GOMEZ,11/13/1952,M,F,anne2@adventure-works.com,"$30,000 ",3,High School,Skilled Manual,Y
13046,MR.,JONATHAN,RODRIGUEZ,10/5/1952,M,M,jonathan74@adventure-works.com,"$30,000 ",3,High School,Skilled Manual,Y
13047,MR.,RODNEY,VAZQUEZ,9/2/1952,M,M,rodney10@adventure-works.com,"$40,000 ",2,Partial College,Clerical,N
13048,MRS.,ALEXIS,HAYES,6/26/1952,M,F,alexis46@adventure-works.com,"$40,000 ",2,Partial College,Skilled Manual,Y
13049,MRS.,AUTUMN,WANG,7/6/1953,M,F,autumn1@adventure-works.com,"$40,000 ",3,Partial College,Skilled Manual,N
13050,MR.,DENNIS,ZENG,12/19/1953,M,M,dennis24@adventure-works.com,"$40,000 ",3,Partial College,Skilled Manual,N
13051,MR.,ETHAN,JONES,11/27/1954,S,M,ethan33@adventure-works.com,"$80,000 ",2,Partial College,Skilled Manual,N
13052,MR.,JARED,MORRIS,11/11/1975,S,M,jared20@adventure-works.com,"$40,000 ",0,Partial College,Skilled Manual,N
13053,MR.,VINCENT,LU,5/16/1975,S,M,vincent11@adventure-works.com,"$40,000 ",0,Partial College,Skilled Manual,N
13054,MR.,BRYCE,WARD,9/17/1975,M,M,bryce11@adventure-works.com,"$40,000 ",0,Partial College,Skilled Manual,Y
13055,MR.,PATRICK,GRAY,10/19/1975,S,M,patrick12@adventure-works.com,"$30,000 ",0,High School,Skilled Manual,Y
13056,MS.,MORGAN,BLUE,9/23/1975,S,F,morgan52@adventure-works.com,"$30,000 ",0,High School,Skilled Manual,Y
13057,MS.,DESTINY,POWELL,6/21/1975,S,F,destiny57@adventure-works.com,"$30,000 ",0,High School,Skilled Manual,Y
13058,MR.,RAMON,HUANG,8/16/1975,M,M,ramon5@adventure-works.com,"$30,000 ",0,High School,Skilled Manual,Y
13059,MR.,KEITH,DENG,2/15/1975,M,M,keith3@adventure-works.com,"$30,000 ",0,High School,Skilled Manual,Y
13060,MR.,EUGENE,ZHU,6/9/1975,M,M,eugene18@adventure-works.com,"$30,000 ",0,High School,Skilled Manual,Y
13061,MR.,ETHAN,ANDERSON,6/1/1974,S,M,ethan43@adventure-works.com,"$40,000 ",0,High School,Skilled Manual,N
13062,MR.,EDUARDO,WILLIAMS,7/9/1974,S,M,eduardo2@adventure-works.com,"$40,000 ",0,High School,Skilled Manual,Y
13063,MS.,JESSICA,JOHNSON,3/14/1974,S,F,jessica48@adventure-works.com,"$40,000 ",0,High School,Skilled Manual,Y
13064,MR.,DALTON,PARKER,3/17/1974,S,M,dalton42@adventure-works.com,"$40,000 ",0,High School,Skilled Manual,N
13065,MS.,MORGAN,GONZALEZ,4/21/1974,S,F,morgan14@adventure-works.com,"$30,000 ",0,High School,Skilled Manual,N
13066,MR.,CARSON,PERRY,9/25/1974,S,M,carson6@adventure-works.com,"$30,000 ",0,High School,Skilled Manual,N
13067,MS.,OLIVIA,GARCIA,11/25/1974,S,F,olivia15@adventure-works.com,"$30,000 ",0,High School,Skilled Manual,Y
13068,MS.,ALEXANDRIA,MORRIS,2/18/1974,S,F,alexandria39@adventure-works.com,"$30,000 ",0,High School,Skilled Manual,N
13069,MR.,ADAM,GREEN,8/19/1974,M,M,adam45@adventure-works.com,"$30,000 ",0,High School,Skilled Manual,Y
13070,MS.,EMMA,CLARK,10/18/1973,S,F,emma18@adventure-works.com,"$60,000 ",0,Partial College,Skilled Manual,Y
13071,MR.,THOMAS,WALKER,5/11/1973,M,M,thomas82@adventure-works.com,"$60,000 ",0,Partial College,Skilled Manual,Y
13072,MS.,EMMA,ROGERS,11/2/1973,S,F,emma27@adventure-works.com,"$70,000 ",0,Partial College,Professional,Y
13073,MS.,SYDNEY,LOPEZ,1/12/1976,M,F,sydney62@adventure-works.com,"$60,000 ",0,Partial College,Professional,Y
13074,MS.,GRACE,HUGHES,9/12/1976,M,F,grace59@adventure-works.com,"$60,000 ",0,Partial College,Professional,Y
13075,MR.,KELVIN,LIN,4/11/1955,M,M,kelvin27@adventure-works.com,"$80,000 ",2,High School,Skilled Manual,N
13076,MR.,CRAIG,MUNOZ,3/3/1955,S,M,craig8@adventure-works.com,"$80,000 ",2,High School,Skilled Manual,N
13077,MR.,ALEJANDRO,GOEL,5/24/1956,S,M,alejandro44@adventure-works.com,"$70,000 ",2,High School,Skilled Manual,N
13078,MRS.,MICHELE,CHANDE,1/22/1956,S,F,michele15@adventure-works.com,"$70,000 ",2,High School,Skilled Manual,Y
13079,MR.,EDWIN,BHAT,2/26/1957,S,M,edwin43@adventure-works.com,"$80,000 ",2,High School,Professional,N
13080,MRS.,DENISE,MEHTA,5/18/1957,S,F,denise15@adventure-works.com,"$80,000 ",2,High School,Professional,N
13081,MRS.,KRISTA,RUIZ,3/24/1957,S,F,krista2@adventure-works.com,"$80,000 ",2,High School,Professional,N
13082,MR.,JUAN,PETERSON,2/24/1958,S,M,juan15@adventure-works.com,"$130,000 ",0,Graduate Degree,Management,Y
13083,MS.,JORDYN,BUTLER,2/26/1973,S,F,jordyn14@adventure-works.com,"$70,000 ",0,Partial College,Professional,Y
13084,MR.,LUIS,HUGHES,10/14/1974,S,M,luis10@adventure-works.com,"$30,000 ",0,High School,Professional,N
13085,MR.,DANIEL,HARRIS,3/19/1974,S,M,daniel10@adventure-works.com,"$30,000 ",0,Partial High School,Skilled Manual,Y
13086,MR.,BLAKE,NELSON,5/20/1974,S,M,blake36@adventure-works.com,"$60,000 ",0,Partial College,Professional,Y
13087,MR.,JEREMY,COLLINS,11/8/1974,S,M,jeremy19@adventure-works.com,"$60,000 ",0,Partial College,Professional,Y
13088,MS.,MEGAN,POWELL,2/23/1974,S,F,megan58@adventure-works.com,"$60,000 ",0,Partial College,Professional,N
13089,MRS.,ELIZABETH,ALEXANDER,9/1/1959,M,F,elizabeth47@adventure-works.com,"$120,000 ",1,Bachelors,Management,Y
13090,MR.,WAYNE,TANG,6/1/1959,S,M,wayne5@adventure-works.com,"$130,000 ",0,Graduate Degree,Management,N
13091,MS.,DEANNA,MARTIN,8/11/1959,S,F,deanna25@adventure-works.com,"$130,000 ",0,Graduate Degree,Management,N
13092,MR.,WILLIAM,WALKER,11/4/1966,M,M,william29@adventure-works.com,"$130,000 ",0,Graduate Degree,Management,Y
13093,MRS.,MICHELLE,JAMES,10/15/1957,S,F,michelle9@adventure-works.com,"$80,000 ",2,Partial High School,Skilled Manual,N
13094,MR.,ANTONIO,DIAZ,3/23/1957,M,M,antonio22@adventure-works.com,"$60,000 ",2,High School,Professional,N
13095,MR.,JORDAN,GRIFFIN,7/24/1957,S,M,jordan18@adventure-works.com,"$60,000 ",2,High School,Professional,Y
13096,MR.,JONATHAN,CHEN,10/20/1957,M,M,jonathan24@adventure-works.com,"$60,000 ",2,High School,Professional,N
13097,MR.,DALTON,HUGHES,5/14/1957,M,M,dalton57@adventure-works.com,"$60,000 ",2,High School,Professional,N
13098,MR.,MIGUEL,RUSSELL,10/7/1957,M,M,miguel66@adventure-works.com,"$60,000 ",2,High School,Professional,N
13099,MR.,JAY,ROMERO,8/4/1957,M,M,jay38@adventure-works.com,"$70,000 ",3,Partial College,Professional,N
13100,MR.,JEREMY,PEREZ,7/16/1957,M,M,jeremy14@adventure-works.com,"$80,000 ",2,Bachelors,Management,N
13101,MR.,ALEX,SANCHEZ,10/7/1957,S,M,alex21@adventure-works.com,"$90,000 ",2,Partial College,Professional,Y
13102,MRS.,MARIAH,BRYANT,9/19/1957,S,F,mariah23@adventure-works.com,"$90,000 ",2,Partial College,Professional,Y
13103,MR.,BRENDAN,RAJI,8/2/1963,S,M,brendan19@adventure-works.com,"$70,000 ",0,Bachelors,Professional,N
13104,MR.,GREGORY,BECKER,4/12/1963,S,M,gregory24@adventure-works.com,"$70,000 ",0,Bachelors,Professional,N
13105,MRS.,WHITNEY,KOVÁR,7/2/1962,M,F,whitney4@adventure-works.com,"$60,000 ",1,Bachelors,Professional,Y
13106,MRS.,EBONY,MUNOZ,7/8/1962,M,F,ebony30@adventure-works.com,"$60,000 ",1,Bachelors,Professional,Y
13107,MRS.,MARY,NELSON,7/11/1962,M,F,mary22@adventure-works.com,"$60,000 ",1,Bachelors,Professional,Y
13108,MR.,CURTIS,WANG,12/26/1962,M,M,curtis2@adventure-works.com,"$60,000 ",1,Bachelors,Professional,Y
13109,MRS.,CHERYL,NAVARRO,8/12/1962,M,F,cheryl12@adventure-works.com,"$60,000 ",1,Bachelors,Professional,Y
13111,MRS.,HANNAH,BUTLER,8/16/1961,S,F,hannah36@adventure-works.com,"$60,000 ",1,Partial College,Skilled Manual,Y
13112,MRS.,BIANCA,GAO,7/23/1961,S,F,bianca11@adventure-works.com,"$60,000 ",1,Partial College,Skilled Manual,Y
13113,MR.,BRYANT,SANCHEZ,7/14/1966,S,M,bryant19@adventure-works.com,"$100,000 ",0,Bachelors,Professional,N
13114,MS.,CLAUDIA,ZHANG,5/1/1966,S,F,claudia0@adventure-works.com,"$100,000 ",0,Bachelors,Professional,N
13115,MR.,CLARENCE,WU,9/27/1966,S,M,clarence2@adventure-works.com,"$110,000 ",0,Graduate Degree,Management,Y
13116,MR.,TYRONE,DIAZ,5/8/1966,S,M,tyrone2@adventure-works.com,"$110,000 ",0,Graduate Degree,Management,N
13117,MS.,EVELYN,RODRIGUEZ,1/11/1966,S,F,evelyn20@adventure-works.com,"$110,000 ",0,Graduate Degree,Management,N
13118,MRS.,SYDNEY,COOK,7/8/1960,M,F,sydney5@adventure-works.com,"$60,000 ",1,Partial College,Skilled Manual,Y
13119,MS.,JACLYN,GUO,11/10/1965,S,F,jaclyn19@adventure-works.com,"$70,000 ",0,Bachelors,Professional,N
13120,MR.,LEVI,WEBER,7/9/1965,M,M,levi3@adventure-works.com,"$80,000 ",5,Bachelors,Professional,Y
13121,MRS.,LATASHA,JIMENEZ,3/22/1965,M,F,latasha5@adventure-works.com,"$80,000 ",5,Bachelors,Professional,Y
13122,MS.,CATHERINE,COX,8/2/1965,M,F,catherine9@adventure-works.com,"$80,000 ",0,Bachelors,Professional,Y
13123,MS.,KELLI,RAJI,5/4/1964,S,F,kelli44@adventure-works.com,"$70,000 ",0,Bachelors,Professional,N
13124,MR.,MARCO,VANCE,3/1/1964,S,M,marco4@adventure-works.com,"$70,000 ",0,Bachelors,Professional,N
13125,MR.,ALEJANDRO,HU,7/8/1964,S,M,alejandro23@adventure-works.com,"$70,000 ",0,Bachelors,Professional,N
13126,MS.,LYDIA,SURI,2/4/1964,S,F,lydia0@adventure-works.com,"$70,000 ",0,Bachelors,Professional,N
13127,MR.,SHANE,FERNANDEZ,12/10/1964,S,M,shane18@adventure-works.com,"$70,000 ",0,Bachelors,Professional,N
13128,MS.,COLLEEN,WEST,4/23/1964,S,F,colleen1@adventure-works.com,"$70,000 ",0,Bachelors,Professional,N
13129,MS.,JOY,RAMOS,6/1/1964,S,F,joy16@adventure-works.com,"$70,000 ",0,Bachelors,Professional,Y
13130,MR.,DALTON,MILLER,10/26/1959,M,M,dalton5@adventure-works.com,"$90,000 ",1,Bachelors,Professional,Y
13131,MRS.,BRIANA,DIAZ,9/1/1959,M,F,briana3@adventure-works.com,"$90,000 ",1,Bachelors,Professional,Y
13132,MR.,CASEY,VAZQUEZ,2/21/1959,S,M,casey38@adventure-works.com,"$90,000 ",1,Bachelors,Professional,Y
13133,MR.,DEVON,KENNEDY,8/19/1959,S,M,devon5@adventure-works.com,"$100,000 ",5,Bachelors,Professional,Y
13134,MRS.,SARA,MORGAN,5/1/1934,S,F,sara24@adventure-works.com,"$50,000 ",1,Graduate Degree,Management,Y
13135,MR.,JOHNNY,RAI,8/3/1957,S,M,johnny19@adventure-works.com,"$80,000 ",1,Partial College,Skilled Manual,Y
13136,MRS.,VIRGINIA,MARTINEZ,11/12/1936,M,F,virginia20@adventure-works.com,"$30,000 ",2,Partial College,Clerical,N
13137,MRS.,JACQUELINE,SIMMONS,2/9/1960,M,F,jacqueline16@adventure-works.com,"$70,000 ",5,Partial College,Skilled Manual,N
13138,,TERESA,ALONSO,6/11/1960,M,NA,teresa8@adventure-works.com,"$70,000 ",5,Partial College,Skilled Manual,Y
13139,MRS.,CARMEN,PEREZ,2/9/1956,S,F,carmen3@adventure-works.com,"$70,000 ",1,Partial College,Skilled Manual,N
13141,MR.,WALTER,HERNANDEZ,10/8/1953,M,M,walter16@adventure-works.com,"$40,000 ",2,Bachelors,Management,Y
13142,MR.,XAVIER,MOORE,3/23/1975,M,M,xavier6@adventure-works.com,"$40,000 ",0,High School,Skilled Manual,Y
13143,MS.,HANNAH,JACKSON,2/6/1975,M,F,hannah11@adventure-works.com,"$40,000 ",0,High School,Skilled Manual,Y
13144,MS.,DESTINY,STEWART,8/27/1976,S,F,destiny23@adventure-works.com,"$40,000 ",0,High School,Skilled Manual,N
13145,MR.,GILBERT,XU,1/22/1976,M,M,gilbert9@adventure-works.com,"$40,000 ",0,High School,Skilled Manual,Y
13146,MS.,GABRIELLA,RAMIREZ,5/15/1976,S,F,gabriella4@adventure-works.com,"$40,000 ",0,High School,Skilled Manual,N
13147,MR.,CEDRIC,LIN,8/23/1980,M,M,cedric8@adventure-works.com,"$30,000 ",0,High School,Skilled Manual,N
13148,MR.,TYLER,ANDERSON,4/1/1980,M,M,tyler18@adventure-works.com,"$30,000 ",0,High School,Skilled Manual,Y
13149,MRS.,LINDA,FERRIER,2/18/1946,M,F,linda23@adventure-works.com,"$10,000 ",5,High School,Skilled Manual,Y
13150,MRS.,LACEY,YANG,6/10/1937,S,F,lacey17@adventure-works.com,"$30,000 ",2,Partial College,Clerical,Y
13151,MR.,ETHAN,MOORE,12/6/1978,S,M,ethan41@adventure-works.com,"$40,000 ",0,High School,Skilled Manual,Y
13152,MS.,GABRIELLE,BUTLER,2/16/1978,M,F,gabrielle36@adventure-works.com,"$40,000 ",0,High School,Skilled Manual,Y
13153,MR.,JACK,HILL,10/18/1979,S,M,jack49@adventure-works.com,"$40,000 ",0,High School,Skilled Manual,Y
13154,MR.,AARON,LAL,7/22/1979,M,M,aaron29@adventure-works.com,"$40,000 ",0,High School,Skilled Manual,N
13155,MR.,JAY,GUTIERREZ,4/11/1939,M,M,jay40@adventure-works.com,"$60,000 ",2,Graduate Degree,Management,Y
13156,MR.,BRADLEY,LAL,7/6/1940,M,M,bradley11@adventure-works.com,"$30,000 ",2,Partial College,Clerical,N
13157,MRS.,HEIDI,GONZALEZ,2/23/1940,M,F,heidi21@adventure-works.com,"$30,000 ",2,Partial College,Clerical,N
13158,MRS.,CASEY,XU,3/14/1941,M,F,casey5@adventure-works.com,"$40,000 ",2,Bachelors,Management,Y
13159,MR.,ROBERTO,RAMOS,10/14/1941,M,M,roberto16@adventure-works.com,"$40,000 ",2,Bachelors,Management,Y
13160,MR.,WILLIE,XU,2/7/1943,M,M,willie24@adventure-works.com,"$70,000 ",2,Graduate Degree,Management,Y
13161,MR.,JOSE,MOORE,4/24/1976,M,M,jose68@adventure-works.com,"$40,000 ",0,High School,Skilled Manual,Y
13162,MS.,NINA,NATH,4/22/1976,S,F,nina18@adventure-works.com,"$40,000 ",0,Partial College,Skilled Manual,Y
13163,MR.,NOAH,LOPEZ,3/9/1976,M,M,noah53@adventure-works.com,"$40,000 ",0,Partial College,Skilled Manual,Y
13164,MS.,OLIVIA,WARD,5/4/1976,S,F,olivia38@adventure-works.com,"$40,000 ",0,Partial College,Skilled Manual,Y
13165,MR.,WYATT,WALKER,9/21/1976,S,M,wyatt24@adventure-works.com,"$40,000 ",0,Partial College,Skilled Manual,N
13166,MR.,KYLE,CHEN,3/13/1976,M,M,kyle21@adventure-works.com,"$40,000 ",0,Partial College,Skilled Manual,N
13167,MR.,MARIO,TANG,7/4/1974,S,M,mario3@adventure-works.com,"$30,000 ",0,Partial College,Skilled Manual,N
13168,MS.,HANNAH,PRICE,3/19/1974,S,F,hannah23@adventure-works.com,"$30,000 ",0,Partial College,Skilled Manual,Y
13169,MR.,CALEB,GRIFFIN,3/3/1972,S,M,caleb17@adventure-works.com,"$80,000 ",0,Bachelors,Management,N
13170,MR.,SEBASTIAN,REED,1/8/1972,S,M,sebastian19@adventure-works.com,"$80,000 ",0,Bachelors,Management,Y
13171,MS.,CATHERINE,TORRES,6/8/1968,S,F,catherine12@adventure-works.com,"$80,000 ",0,Bachelors,Management,Y
13172,MS.,ISABELLA,COOK,9/18/1968,S,F,isabella86@adventure-works.com,"$80,000 ",0,Bachelors,Management,N
13173,MR.,DALTON,BROOKS,9/14/1968,M,M,dalton71@adventure-works.com,"$80,000 ",0,Bachelors,Management,N
13174,MS.,GABRIELLA,MORRIS,5/4/1968,S,F,gabriella17@adventure-works.com,"$80,000 ",0,Bachelors,Management,N
13175,MR.,NOAH,SMITH,2/10/1968,M,M,noah56@adventure-works.com,"$90,000 ",4,Bachelors,Management,Y
13176,MR.,KURT,CHANDER,9/1/1967,S,M,kurt16@adventure-works.com,"$130,000 ",0,Graduate Degree,Management,N
13177,MS.,TAYLOR,ROGERS,2/27/1963,S,F,taylor3@adventure-works.com,"$70,000 ",0,Partial College,Skilled Manual,N
13178,MRS.,MEGAN,GRAY,4/18/1963,S,F,megan43@adventure-works.com,"$80,000 ",4,Bachelors,Management,Y
13179,MR.,ADRIAN,SANCHEZ,6/19/1942,M,M,adrian18@adventure-works.com,"$80,000 ",5,Bachelors,Management,Y
13180,MRS.,LESLIE,SANZ,2/22/1942,M,F,leslie20@adventure-works.com,"$80,000 ",5,Bachelors,Management,Y
13181,MR.,BRIAN,MORGAN,12/23/1942,M,M,brian24@adventure-works.com,"$90,000 ",5,Bachelors,Management,Y
13182,MR.,JEREMY,BENNETT,11/18/1942,M,M,jeremy22@adventure-works.com,"$90,000 ",5,Bachelors,Management,N
13183,MR.,CHRISTIAN,JENKINS,7/21/1942,M,M,christian21@adventure-works.com,"$90,000 ",5,Bachelors,Management,Y
13184,MR.,MIGUEL,PEREZ,8/27/1942,M,M,miguel38@adventure-works.com,"$90,000 ",5,Bachelors,Management,Y
13186,MR.,MARCUS,SANDERS,11/24/1942,M,M,marcus77@adventure-works.com,"$110,000 ",2,Graduate Degree,Management,N
13187,MR.,EVAN,WRIGHT,8/17/1942,M,M,evan46@adventure-works.com,"$110,000 ",2,Graduate Degree,Management,Y
13188,MR.,ANTHONY,DAVIS,1/20/1942,M,M,anthony14@adventure-works.com,"$120,000 ",2,Graduate Degree,Management,Y
13189,MRS.,GLORIA,ROMERO,4/4/1942,S,F,gloria9@adventure-works.com,"$120,000 ",2,Graduate Degree,Management,Y
13190,MR.,JONATHAN,DIAZ,2/9/1942,S,M,jonathan21@adventure-works.com,"$120,000 ",2,Graduate Degree,Management,Y
13191,MRS.,EMMA,RODRIGUEZ,7/18/1943,M,F,emma19@adventure-works.com,"$90,000 ",5,Bachelors,Management,Y
13193,MR.,KEVIN,EVANS,5/9/1943,M,M,kevin37@adventure-works.com,"$110,000 ",2,Bachelors,Management,Y
13194,MR.,KEVIN,CARTER,8/27/1943,M,M,kevin48@adventure-works.com,"$110,000 ",2,Bachelors,Management,Y
13195,MR.,AARON,PERRY,11/28/1943,M,M,aaron7@adventure-works.com,"$110,000 ",2,Bachelors,Management,Y
13196,MRS.,KIMBERLY,SANDERS,11/2/1943,M,F,kimberly6@adventure-works.com,"$110,000 ",2,Bachelors,Management,N
13198,MRS.,CINDY,GRAY,10/16/1943,M,F,cindy25@adventure-works.com,"$120,000 ",2,Bachelors,Management,Y
13199,MR.,TIMOTHY,STEWART,6/25/1943,S,M,timothy28@adventure-works.com,"$130,000 ",2,Bachelors,Management,N
13200,MRS.,JESSICA,MILLER,7/10/1943,M,F,jessica53@adventure-works.com,"$130,000 ",2,Bachelors,Management,N
13201,MR.,NICHOLAS,DAVIS,8/23/1944,S,M,nicholas7@adventure-works.com,"$70,000 ",4,Bachelors,Management,Y
13202,MRS.,NATASHA,ROMERO,4/19/1944,S,F,natasha8@adventure-works.com,"$70,000 ",4,Bachelors,Management,N
13203,MRS.,BAILEY,BELL,4/12/1944,S,F,bailey11@adventure-works.com,"$70,000 ",4,Bachelors,Management,Y
13204,MRS.,SAVANNAH,PARKER,8/7/1944,S,F,savannah30@adventure-works.com,"$70,000 ",4,Bachelors,Management,Y
13205,MR.,JEROME,TORRES,8/9/1944,M,M,jerome10@adventure-works.com,"$70,000 ",5,Bachelors,Management,Y
13206,MRS.,EMILY,FLORES,6/22/1945,S,F,emily37@adventure-works.com,"$70,000 ",5,Bachelors,Management,Y
13207,MR.,KENNETH,RAI,10/11/1945,M,M,kenneth14@adventure-works.com,"$70,000 ",5,Bachelors,Management,Y
13208,MRS.,CASSIDY,BRYANT,10/2/1945,S,F,cassidy19@adventure-works.com,"$70,000 ",5,Bachelors,Management,Y
13210,MR.,ETHAN,SIMMONS,5/27/1945,M,M,ethan11@adventure-works.com,"$60,000 ",4,Bachelors,Management,Y
13211,MR.,JAMES,JAI,12/12/1945,M,M,james48@adventure-works.com,"$60,000 ",4,Bachelors,Management,Y
13212,MR.,LOGAN,PHILLIPS,8/10/1945,M,M,logan32@adventure-works.com,"$60,000 ",4,Bachelors,Management,Y
13213,MRS.,COURTNEY,KING,3/2/1946,M,F,courtney15@adventure-works.com,"$60,000 ",4,Bachelors,Management,Y
13214,MR.,ELIJAH,ADAMS,12/21/1946,M,M,elijah43@adventure-works.com,"$60,000 ",4,Bachelors,Management,Y
13215,MRS.,COLLEEN,SHARMA,5/1/1946,M,F,colleen33@adventure-works.com,"$60,000 ",5,Bachelors,Management,Y
13216,MRS.,MARY,MITCHELL,9/15/1946,M,F,mary24@adventure-works.com,"$60,000 ",5,Bachelors,Management,Y
13217,MR.,JULIAN,ALEXANDER,4/26/1946,S,M,julian18@adventure-works.com,"$60,000 ",5,Bachelors,Management,Y
13218,MRS.,MELISSA,BRYANT,1/28/1946,M,F,melissa13@adventure-works.com,"$60,000 ",5,Bachelors,Management,Y
13219,MR.,RAFAEL,SHAN,2/22/1946,M,M,rafael34@adventure-works.com,"$60,000 ",5,Bachelors,Management,Y
13220,MRS.,ISABELLA,HERNANDEZ,7/28/1946,M,F,isabella49@adventure-works.com,"$70,000 ",3,Bachelors,Management,Y
13221,MRS.,MADELINE,HALL,12/6/1946,M,F,madeline20@adventure-works.com,"$70,000 ",3,Bachelors,Management,Y
13222,MR.,ARTURO,LIU,3/2/1946,M,M,arturo4@adventure-works.com,"$70,000 ",4,Bachelors,Management,N
13223,MR.,NOAH,LEE,7/9/1946,S,M,noah69@adventure-works.com,"$70,000 ",4,Bachelors,Management,Y
13224,MRS.,AMANDA,BROOKS,2/11/1946,M,F,amanda19@adventure-works.com,"$70,000 ",4,Bachelors,Management,Y
13225,MR.,JÉSUS,SUAREZ,6/22/1947,M,M,jésus18@adventure-works.com,"$60,000 ",5,Bachelors,Management,N
13226,MRS.,JENNA,MITCHELL,3/13/1947,M,F,jenna10@adventure-works.com,"$60,000 ",5,Bachelors,Management,Y
13227,MR.,ALEXANDER,WILSON,5/25/1947,M,M,alexander12@adventure-works.com,"$60,000 ",5,Bachelors,Management,Y
13228,MR.,THOMAS,SANCHEZ,5/1/1947,M,M,thomas4@adventure-works.com,"$60,000 ",5,Bachelors,Management,Y
13229,MR.,DYLAN,WANG,8/6/1947,M,M,dylan24@adventure-works.com,"$70,000 ",4,Bachelors,Management,Y
13230,MRS.,CHLOE,BRYANT,3/11/1947,M,F,chloe83@adventure-works.com,"$70,000 ",4,Bachelors,Management,Y
13231,MRS.,ALEXIA,ROSS,10/11/1948,M,F,alexia4@adventure-works.com,"$40,000 ",2,High School,Professional,Y
13232,MRS.,KAITLYN,BAKER,10/20/1948,S,F,kaitlyn14@adventure-works.com,"$60,000 ",2,Partial College,Professional,Y
13233,MR.,RICHARD,COLEMAN,12/5/1948,M,M,richard61@adventure-works.com,"$60,000 ",2,Partial College,Professional,Y
13234,MR.,ROBERT,LEWIS,8/22/1948,S,M,robert81@adventure-works.com,"$60,000 ",2,Partial College,Professional,Y
13235,MR.,JONATHAN,ROBINSON,9/22/1948,M,M,jonathan72@adventure-works.com,"$60,000 ",2,Partial College,Professional,Y
13236,MR.,ROBERT,WANG,5/25/1948,M,M,robert36@adventure-works.com,"$60,000 ",2,Partial College,Professional,Y
13237,MR.,DEVIN,STEWART,4/22/1948,M,M,devin86@adventure-works.com,"$70,000 ",4,Bachelors,Management,N
13238,MR.,JOHN,WILLIAMS,10/26/1948,M,M,john39@adventure-works.com,"$70,000 ",4,Bachelors,Management,Y
13239,MR.,MATTHEW,THOMAS,4/15/1949,M,M,matthew16@adventure-works.com,"$40,000 ",2,Partial High School,Skilled Manual,Y
13240,MR.,BLAKE,FOSTER,11/9/1949,M,M,blake64@adventure-works.com,"$60,000 ",2,Bachelors,Management,Y
13241,MRS.,NATALIE,WARD,1/5/1950,M,F,natalie15@adventure-works.com,"$40,000 ",2,Partial High School,Skilled Manual,Y
13242,MR.,KYLE,YANG,5/9/1950,S,M,kyle23@adventure-works.com,"$70,000 ",4,Partial College,Professional,Y
13243,MRS.,ALYSSA,DAVIS,11/13/1951,S,F,alyssa4@adventure-works.com,"$70,000 ",2,High School,Professional,Y
13244,MR.,JOSE,SHARMA,10/22/1951,M,M,jose24@adventure-works.com,"$70,000 ",2,High School,Professional,Y
13245,MR.,ANGEL,SCOTT,6/24/1951,M,M,angel38@adventure-works.com,"$60,000 ",2,Partial College,Professional,N
13246,MRS.,HAILEY,PEREZ,1/26/1952,M,F,hailey53@adventure-works.com,"$60,000 ",3,High School,Professional,Y
13247,MR.,ZACHARY,CHEN,5/14/1952,M,M,zachary24@adventure-works.com,"$60,000 ",3,High School,Professional,Y
13248,MRS.,ISABELLA,MARTINEZ,3/6/1952,M,F,isabella73@adventure-works.com,"$60,000 ",3,High School,Professional,Y
13249,MR.,RYAN,PERRY,7/21/1952,M,M,ryan10@adventure-works.com,"$70,000 ",4,Partial College,Professional,Y
13250,MRS.,JORDAN,KING,2/23/1952,M,F,jordan48@adventure-works.com,"$70,000 ",4,Partial College,Professional,Y
13251,MR.,RAYMOND,MALHOTRA,2/16/1958,M,M,raymond6@adventure-works.com,"$130,000 ",2,Partial College,Professional,Y
13252,MRS.,BIANCA,LU,7/3/1958,M,F,bianca9@adventure-works.com,"$130,000 ",2,Partial College,Professional,Y
13253,MRS.,CARLY,XIE,5/20/1958,M,F,carly2@adventure-works.com,"$130,000 ",2,Partial College,Professional,Y
13254,MRS.,BETH,GOMEZ,1/23/1958,M,F,beth3@adventure-works.com,"$150,000 ",1,Partial College,Professional,Y
13255,MR.,LANCE,BLANCO,3/26/1957,M,M,lance15@adventure-works.com,"$130,000 ",2,Partial College,Professional,Y
13256,MRS.,ABBY,SUBRAM,11/13/1957,S,F,abby10@adventure-works.com,"$130,000 ",2,Partial College,Professional,N
13257,MR.,JON,CHANDER,7/6/1957,M,M,jon12@adventure-works.com,"$130,000 ",2,Partial College,Professional,Y
13258,MRS.,ANNE,DOMINGUEZ,3/3/1957,M,F,anne14@adventure-works.com,"$130,000 ",2,Partial College,Professional,Y
13259,MR.,ALLEN,GARCIA,11/7/1957,M,M,allen13@adventure-works.com,"$130,000 ",2,Partial College,Professional,N
13261,MRS.,LINDSEY,ANDERSEN,4/5/1957,M,F,lindsey14@adventure-works.com,"$130,000 ",3,Partial College,Professional,N
13262,MR.,JAIME,NARA,10/21/1957,M,M,jaime39@adventure-works.com,"$150,000 ",2,High School,Professional,Y
13263,MRS.,KATE,ANAND,4/24/1956,S,F,kate19@adventure-works.com,"$110,000 ",2,Partial College,Professional,Y
13264,MRS.,MELANIE,SANCHEZ,5/23/1956,M,F,melanie47@adventure-works.com,"$120,000 ",3,High School,Professional,Y
13265,MR.,LUKE,ADAMS,1/22/1956,S,M,luke46@adventure-works.com,"$120,000 ",3,High School,Professional,Y
13266,MR.,SAMUEL,WANG,7/14/1956,M,M,samuel23@adventure-works.com,"$70,000 ",3,Partial College,Professional,N
13267,MR.,MATTHEW,MOORE,3/5/1932,M,M,matthew13@adventure-works.com,"$30,000 ",4,High School,Professional,N
13268,MRS.,KATHERINE,PARKER,7/24/1932,M,F,katherine56@adventure-works.com,"$40,000 ",3,Partial College,Professional,N
13269,MRS.,RACHEL,MARTIN,3/8/1932,S,F,rachel17@adventure-works.com,"$50,000 ",2,Graduate Degree,Management,N
13270,MR.,MASON,BAKER,10/27/1933,S,M,mason28@adventure-works.com,"$50,000 ",2,Graduate Degree,Management,Y
13271,MR.,RYAN,ANDERSON,12/20/1933,M,M,ryan49@adventure-works.com,"$50,000 ",2,Graduate Degree,Management,Y
13272,MRS.,JORDAN,GONZALEZ,4/14/1933,S,F,jordan37@adventure-works.com,"$90,000 ",3,Graduate Degree,Management,Y
13273,MRS.,ELIZABETH,LEE,2/1/1933,S,F,elizabeth26@adventure-works.com,"$110,000 ",1,Graduate Degree,Management,Y
13274,MR.,JOSHUA,LEE,4/3/1965,S,M,joshua24@adventure-works.com,"$90,000 ",4,Partial College,Professional,Y
13275,MR.,CARLOS,MURPHY,8/27/1965,M,M,carlos17@adventure-works.com,"$100,000 ",3,Bachelors,Management,Y
13276,MRS.,SARAH,JOHNSON,3/20/1965,M,F,sarah3@adventure-works.com,"$100,000 ",3,Bachelors,Management,Y
13277,MR.,NATHAN,BROWN,8/25/1965,S,M,nathan62@adventure-works.com,"$100,000 ",4,Partial College,Professional,Y
13278,MR.,JORGE,HU,11/9/1965,S,M,jorge23@adventure-works.com,"$110,000 ",2,Bachelors,Management,Y
13279,MRS.,RACHEL,HOWARD,11/2/1965,M,F,rachel40@adventure-works.com,"$130,000 ",1,Graduate Degree,Management,Y
13280,MRS.,BAILEY,ADAMS,8/19/1964,M,F,bailey35@adventure-works.com,"$90,000 ",5,Partial College,Professional,Y
13281,MR.,BRENT,LI,5/17/1964,M,M,brent3@adventure-works.com,"$110,000 ",4,Bachelors,Management,Y
13282,MRS.,MADISON,PRICE,6/14/1964,M,F,madison35@adventure-works.com,"$120,000 ",4,Partial College,Professional,Y
13283,MR.,DAKOTA,GRIFFIN,12/20/1956,M,M,dakota17@adventure-works.com,"$80,000 ",3,Partial College,Professional,N
13284,MRS.,VICTORIA,BUTLER,8/10/1956,M,F,victoria61@adventure-works.com,"$80,000 ",3,Partial College,Professional,N
13285,MRS.,KARA,CHAVEZ,6/10/1963,M,F,kara13@adventure-works.com,"$80,000 ",4,Partial College,Professional,Y
13286,MS.,HANNAH,RODRIGUEZ,10/10/1963,S,F,hannah18@adventure-works.com,"$90,000 ",0,Partial College,Professional,N
13287,MR.,BRANDON,RODRIGUEZ,9/3/1963,S,M,brandon50@adventure-works.com,"$110,000 ",4,Bachelors,Management,Y
13288,MR.,JACKSON,LOPEZ,9/20/1963,M,M,jackson42@adventure-works.com,"$120,000 ",4,Partial College,Professional,Y
13289,MRS.,ALEXANDRIA,COLEMAN,2/26/1962,M,F,alexandria6@adventure-works.com,"$70,000 ",5,Partial College,Professional,Y
13290,MR.,JORDAN,CAMPBELL,7/2/1962,M,M,jordan61@adventure-works.com,"$80,000 ",5,Partial College,Professional,Y
13291,MRS.,NINA,XU,2/25/1962,M,F,nina5@adventure-works.com,"$80,000 ",5,Partial College,Professional,Y
13292,MRS.,PAULA,CARLSON,8/12/1962,S,F,paula20@adventure-works.com,"$90,000 ",5,Partial College,Professional,Y
13293,MRS.,BARBARA,LU,7/13/1962,M,F,barbara21@adventure-works.com,"$110,000 ",1,Bachelors,Management,Y
13294,MRS.,CASSIDY,HUGHES,6/11/1961,M,F,cassidy12@adventure-works.com,"$80,000 ",5,Partial College,Professional,Y
13295,MRS.,JASMINE,JACKSON,10/23/1961,M,F,jasmine10@adventure-works.com,"$90,000 ",4,High School,Professional,Y
13296,MR.,SETH,ANDERSON,5/21/1961,M,M,seth10@adventure-works.com,"$110,000 ",1,Bachelors,Management,Y
13297,MR.,ARTHUR,RUBIO,6/22/1961,M,M,arthur43@adventure-works.com,"$110,000 ",1,Partial College,Professional,Y
13298,MRS.,ANNA,HARRIS,7/27/1961,M,F,anna51@adventure-works.com,"$130,000 ",1,Bachelors,Management,N
13299,MRS.,VANESSA,ROSS,10/15/1961,M,F,vanessa4@adventure-works.com,"$130,000 ",1,Bachelors,Management,Y
13300,MR.,TIMOTHY,HERNANDEZ,9/7/1955,M,M,timothy44@adventure-works.com,"$60,000 ",2,High School,Professional,N
13301,MRS.,ANGELA,STEWART,2/3/1955,S,F,angela48@adventure-works.com,"$60,000 ",2,High School,Professional,Y
13302,MR.,COLE,TORRES,8/18/1955,S,M,cole6@adventure-works.com,"$60,000 ",2,High School,Professional,Y
13303,MR.,JONATHAN,MARTINEZ,10/4/1955,M,M,jonathan71@adventure-works.com,"$70,000 ",4,High School,Professional,Y
13304,MRS.,SARA,PETERSON,12/26/1955,S,F,sara5@adventure-works.com,"$70,000 ",4,High School,Professional,Y
13305,MR.,OSCAR,ALEXANDER,3/25/1955,M,M,oscar5@adventure-works.com,"$70,000 ",4,High School,Professional,Y
13306,MRS.,KAITLYN,COX,11/28/1955,M,F,kaitlyn57@adventure-works.com,"$70,000 ",4,High School,Professional,N
13307,MRS.,MICHELLE,STONE,5/13/1935,M,F,michelle23@adventure-works.com,"$100,000 ",2,Graduate Degree,Management,Y
13308,MRS.,KAITLYN,KING,3/18/1936,M,F,kaitlyn17@adventure-works.com,"$60,000 ",2,Graduate Degree,Management,Y
13309,MRS.,ANGELA,SANDERS,5/21/1936,M,F,angela29@adventure-works.com,"$90,000 ",4,Bachelors,Management,Y
13310,MR.,MIGUEL,BARNES,11/18/1960,M,M,miguel49@adventure-works.com,"$100,000 ",0,Partial College,Professional,Y
13311,MS.,ISABELLA,REED,3/26/1960,M,F,isabella85@adventure-works.com,"$100,000 ",0,Partial College,Professional,Y
13312,MRS.,NATALIE,JENKINS,5/20/1960,M,F,natalie29@adventure-works.com,"$110,000 ",3,Partial College,Professional,Y
13313,MRS.,MEGAN,STONE,9/10/1960,M,F,megan64@adventure-works.com,"$120,000 ",1,High School,Professional,N
13314,MR.,JORDAN,HERNANDEZ,8/3/1960,M,M,jordan71@adventure-works.com,"$120,000 ",1,High School,Professional,Y
13315,MR.,LUCAS,THOMAS,4/3/1954,M,M,lucas24@adventure-works.com,"$80,000 ",2,Partial High School,Skilled Manual,Y
13316,MR.,ANGEL,RIVERA,4/17/1954,M,M,angel16@adventure-works.com,"$80,000 ",3,Partial High School,Skilled Manual,Y
13317,MR.,JEREMIAH,LONG,9/9/1954,S,M,jeremiah30@adventure-works.com,"$60,000 ",2,High School,Professional,Y
13318,MRS.,AMBER,PEREZ,2/25/1954,M,F,amber12@adventure-works.com,"$60,000 ",2,Partial High School,Skilled Manual,Y
13319,MR.,CHARLES,HOWARD,3/2/1954,S,M,charles60@adventure-works.com,"$70,000 ",3,High School,Professional,Y
13320,MRS.,JASMINE,JONES,5/18/1953,S,F,jasmine3@adventure-works.com,"$70,000 ",3,Graduate Degree,Management,N
13321,MRS.,ARIANNA,BARNES,10/19/1953,S,F,arianna3@adventure-works.com,"$70,000 ",3,Graduate Degree,Management,N
13322,MRS.,ELIZABETH,PATTERSON,5/22/1953,S,F,elizabeth40@adventure-works.com,"$70,000 ",3,Graduate Degree,Management,Y
13323,MR.,ADAM,ADAMS,3/22/1953,M,M,adam46@adventure-works.com,"$70,000 ",3,Graduate Degree,Management,N
13324,MRS.,FLORIAN,STILLER,9/20/1937,M,F,florian1@adventure-works.com,"$130,000 ",2,Bachelors,Management,Y
13325,MR.,MARCUS,WRIGHT,1/4/1938,M,M,marcus30@adventure-works.com,"$90,000 ",5,Bachelors,Management,N
13326,MR.,BOB,FERNANDEZ,8/16/1938,M,M,bob8@adventure-works.com,"$130,000 ",2,Bachelors,Management,N
13327,MRS.,ISABELLE,RUSSELL,7/11/1938,M,F,isabelle18@adventure-works.com,"$170,000 ",1,Graduate Degree,Management,Y
13328,MR.,ALBERT,SERRANO,7/17/1939,S,M,albert16@adventure-works.com,"$80,000 ",4,Graduate Degree,Management,Y
13329,MR.,JAKE,WANG,3/5/1939,M,M,jake1@adventure-works.com,"$90,000 ",5,Bachelors,Management,Y
13330,MRS.,MARIA,PATTERSON,11/2/1939,M,F,maria33@adventure-works.com,"$100,000 ",2,Graduate Degree,Management,Y
13331,MRS.,LAUREN,DIAZ,11/22/1939,M,F,lauren68@adventure-works.com,"$130,000 ",2,Bachelors,Management,Y
13332,MR.,NEIL,ALONSO,10/3/1940,M,M,neil7@adventure-works.com,"$90,000 ",5,Bachelors,Management,Y
13333,MRS.,TARA,CHANDER,2/13/1940,M,F,tara16@adventure-works.com,"$90,000 ",5,Bachelors,Management,N
13334,MRS.,MELANIE,RIVERA,4/20/1940,M,F,melanie42@adventure-works.com,"$90,000 ",5,Bachelors,Management,Y
13335,MRS.,ALYSSA,BARNES,2/21/1940,S,F,alyssa49@adventure-works.com,"$90,000 ",5,Bachelors,Management,Y
13336,MRS.,DEANNA,GILL,10/21/1940,M,F,deanna40@adventure-works.com,"$100,000 ",2,Graduate Degree,Management,Y
13337,MRS.,LAUREN,COX,5/9/1942,M,F,lauren11@adventure-works.com,"$80,000 ",5,Bachelors,Management,Y
13338,MRS.,JADA,CARTER,8/12/1942,S,F,jada22@adventure-works.com,"$90,000 ",5,Bachelors,Management,Y
13339,MRS.,NICOLE,CLARK,1/19/1942,S,F,nicole19@adventure-works.com,"$90,000 ",5,Bachelors,Management,Y
13340,MRS.,NATALIE,EDWARDS,5/3/1942,M,F,natalie45@adventure-works.com,"$90,000 ",5,Bachelors,Management,Y
13341,MR.,LUCAS,KING,9/15/1942,M,M,lucas42@adventure-works.com,"$90,000 ",5,Bachelors,Management,Y
13342,MR.,BRANDON,JACKSON,6/17/1942,S,M,brandon32@adventure-works.com,"$90,000 ",5,Bachelors,Management,Y
13343,MRS.,MELANIE,BRADLEY,9/25/1942,M,F,melanie16@adventure-works.com,"$90,000 ",5,Bachelors,Management,Y
13344,MRS.,CAITLIN,REED,9/11/1942,M,F,caitlin18@adventure-works.com,"$110,000 ",2,Bachelors,Management,Y
13345,MR.,DALTON,BUTLER,3/2/1942,M,M,dalton60@adventure-works.com,"$130,000 ",2,Bachelors,Management,Y
13346,MR.,GREGORY,CHANDE,5/26/1943,S,M,gregory18@adventure-works.com,"$110,000 ",2,Bachelors,Management,Y
13347,MRS.,RACHEL,HALL,1/2/1943,M,F,rachel27@adventure-works.com,"$120,000 ",2,Bachelors,Management,Y
13348,MR.,NOAH,YOUNG,2/19/1943,M,M,noah44@adventure-works.com,"$130,000 ",2,Bachelors,Management,Y
13349,MRS.,KAITLYN,GONZALEZ,10/6/1943,M,F,kaitlyn15@adventure-works.com,"$130,000 ",2,Bachelors,Management,Y
13350,MR.,ISAAC,SANDBERG,9/3/1943,M,M,isaac3@adventure-works.com,"$170,000 ",2,Graduate Degree,Management,N
13351,MRS.,MARIAH,COX,4/27/1944,S,F,mariah35@adventure-works.com,"$70,000 ",4,Bachelors,Management,Y
13352,MR.,JOSEPH,DAVIS,3/6/1944,S,M,joseph11@adventure-works.com,"$70,000 ",4,Bachelors,Management,Y
13353,MRS.,JORDYN,COLEMAN,9/25/1944,S,F,jordyn5@adventure-works.com,"$60,000 ",4,Graduate Degree,Management,Y
13354,MR.,ERIC,CAMPBELL,11/11/1944,M,M,eric49@adventure-works.com,"$70,000 ",5,Bachelors,Management,Y
13355,MR.,JACKSON,JAI,9/24/1944,M,M,jackson5@adventure-works.com,"$70,000 ",5,Bachelors,Management,Y
13356,MRS.,STEFANIE,PRASAD,5/7/1945,M,F,stefanie6@adventure-works.com,"$60,000 ",4,Bachelors,Management,Y
13357,MR.,BLAKE,GONZALES,9/27/1945,S,M,blake65@adventure-works.com,"$60,000 ",4,Bachelors,Management,Y
13358,MRS.,ALEXANDRA,EDWARDS,6/15/1945,M,F,alexandra45@adventure-works.com,"$60,000 ",4,Bachelors,Management,Y
13359,MR.,IAN,WOOD,9/2/1945,M,M,ian42@adventure-works.com,"$60,000 ",4,Bachelors,Management,Y
13360,MRS.,JADA,COOK,1/3/1946,M,F,jada13@adventure-works.com,"$60,000 ",5,Bachelors,Management,Y
13361,MR.,CAMERON,JAI,9/1/1946,M,M,cameron28@adventure-works.com,"$60,000 ",5,Bachelors,Management,Y
13362,MRS.,DESTINY,MORGAN,2/12/1946,S,F,destiny29@adventure-works.com,"$60,000 ",5,Bachelors,Management,Y
13363,MRS.,SYDNEY,ALLEN,6/16/1946,M,F,sydney88@adventure-works.com,"$70,000 ",3,Bachelors,Management,Y
13364,MRS.,NATALIE,ANDERSON,10/3/1946,S,F,natalie77@adventure-works.com,"$70,000 ",4,Bachelors,Management,Y
13365,MR.,LUKE,SHAN,9/25/1946,M,M,luke20@adventure-works.com,"$70,000 ",4,Bachelors,Management,Y
13366,MR.,AUSTIN,DAVIS,5/10/1946,M,M,austin44@adventure-works.com,"$70,000 ",4,Bachelors,Management,Y
13367,MRS.,SAVANNAH,EDWARDS,4/14/1947,M,F,savannah22@adventure-works.com,"$70,000 ",4,Bachelors,Management,Y
13368,MR.,KYLE,HENDERSON,12/26/1947,M,M,kyle1@adventure-works.com,"$70,000 ",4,Bachelors,Management,N
13369,MRS.,MARIAH,HENDERSON,8/17/1947,M,F,mariah9@adventure-works.com,"$80,000 ",5,Bachelors,Management,Y
13370,MR.,BLAKE,ROSS,3/22/1948,M,M,blake51@adventure-works.com,"$60,000 ",2,Partial College,Professional,Y
13371,MRS.,SYDNEY,GONZALES,11/20/1948,S,F,sydney39@adventure-works.com,"$60,000 ",2,Partial College,Professional,Y
13372,MR.,ISAAC,EDWARDS,11/28/1948,M,M,isaac24@adventure-works.com,"$60,000 ",2,Partial College,Professional,Y
13373,MRS.,MICHELLE,MURPHY,3/4/1948,S,F,michelle15@adventure-works.com,"$60,000 ",2,Partial College,Professional,Y
13374,MR.,MARCO,MARTINEZ,5/20/1948,M,M,marco18@adventure-works.com,"$60,000 ",2,Partial College,Professional,N
13375,MR.,JASON,KUMAR,4/11/1948,M,M,jason26@adventure-works.com,"$60,000 ",2,Partial College,Professional,Y
13376,MR.,JERRY,RAI,9/3/1948,M,M,jerry19@adventure-works.com,"$60,000 ",2,Partial College,Professional,Y
13377,MR.,THOMAS,HERNANDEZ,3/16/1948,M,M,thomas54@adventure-works.com,"$70,000 ",4,Bachelors,Management,Y
13379,MRS.,BAILEY,MORRIS,5/14/1949,S,F,bailey16@adventure-works.com,"$60,000 ",2,Partial College,Professional,Y
13380,MRS.,KATHERINE,SCOTT,10/25/1949,M,F,katherine61@adventure-works.com,"$60,000 ",2,Bachelors,Management,N
13381,MRS.,VANESSA,JENKINS,3/22/1949,M,F,vanessa7@adventure-works.com,"$60,000 ",2,Bachelors,Management,Y
13382,MR.,RICHARD,ROGERS,2/4/1949,M,M,richard100@adventure-works.com,"$70,000 ",5,Partial College,Professional,Y
13383,MRS.,NATALIE,WRIGHT,10/3/1950,S,F,natalie63@adventure-works.com,"$60,000 ",2,Partial College,Professional,Y
13384,MR.,MARIO,ASHE,10/25/1950,S,M,mario21@adventure-works.com,"$60,000 ",2,Partial College,Professional,Y
13385,MRS.,DANIELLE,COOK,11/27/1950,S,F,danielle24@adventure-works.com,"$60,000 ",2,Partial College,Professional,Y
13386,MR.,SAMUEL,PATTERSON,1/26/1950,M,M,samuel9@adventure-works.com,"$60,000 ",2,Partial College,Professional,N
13387,MRS.,MIRANDA,JENKINS,3/21/1950,M,F,miranda7@adventure-works.com,"$60,000 ",2,Partial College,Professional,Y
13388,MR.,MARSHALL,SHEN,6/13/1950,S,M,marshall23@adventure-works.com,"$60,000 ",2,Partial College,Professional,Y
13389,MRS.,MADISON,THOMAS,11/20/1950,M,F,madison11@adventure-works.com,"$70,000 ",4,Partial College,Professional,N
13390,MRS.,JULIA,COLLINS,5/26/1950,M,F,julia4@adventure-works.com,"$70,000 ",4,Partial College,Professional,N
13391,MRS.,BRENDA,MALHOTRA,2/27/1951,M,F,brenda8@adventure-works.com,"$40,000 ",2,Partial High School,Skilled Manual,Y
13392,MR.,HUNTER,PARKER,5/3/1951,M,M,hunter28@adventure-works.com,"$70,000 ",2,High School,Professional,Y
13393,MR.,WILLIE,KUMAR,4/18/1951,M,M,willie27@adventure-works.com,"$70,000 ",2,High School,Professional,Y
13394,MR.,MATTHEW,CLARK,3/15/1951,S,M,matthew24@adventure-works.com,"$70,000 ",2,High School,Professional,Y
13395,MR.,GABRIEL,LI,7/15/1951,M,M,gabriel23@adventure-works.com,"$70,000 ",2,High School,Professional,Y
13396,MR.,DAVID,KUMAR,6/27/1951,M,M,david60@adventure-works.com,"$70,000 ",2,High School,Professional,Y
13397,MR.,ADAM,MITCHELL,4/8/1951,M,M,adam41@adventure-works.com,"$60,000 ",2,Partial College,Professional,Y
13399,MR.,EDWARD,YOUNG,3/21/1951,M,M,edward47@adventure-works.com,"$60,000 ",2,Partial College,Professional,N
13400,MRS.,JULIA,THOMAS,8/12/1951,M,F,julia33@adventure-works.com,"$60,000 ",2,Partial College,Professional,N
13401,MRS.,ERIN,BRADLEY,2/22/1952,S,F,erin18@adventure-works.com,"$60,000 ",3,High School,Professional,Y
13402,MR.,GABRIEL,TURNER,3/28/1952,M,M,gabriel35@adventure-works.com,"$60,000 ",3,High School,Professional,N
13403,MRS.,JENNIFER,JACKSON,5/2/1952,S,F,jennifer40@adventure-works.com,"$70,000 ",5,Partial College,Professional,Y
13404,MR.,KELVIN,YANG,9/13/1958,M,M,kelvin24@adventure-works.com,"$130,000 ",2,Partial College,Professional,Y
13405,MR.,ETHAN,BRYANT,10/5/1957,M,M,ethan14@adventure-works.com,"$110,000 ",2,Partial College,Professional,Y
13406,MR.,CRAIG,JIMÉNEZ,1/5/1957,M,M,craig6@adventure-works.com,"$130,000 ",2,Partial College,Professional,Y
13407,MRS.,CASSANDRA,RANA,10/7/1957,S,F,cassandra12@adventure-works.com,"$150,000 ",2,High School,Professional,N
13409,MR.,CORY,FERNANDEZ,3/26/1955,M,M,cory14@adventure-works.com,"$110,000 ",3,Partial College,Professional,Y
13410,MRS.,JILLIAN,MADAN,11/19/1955,M,F,jillian8@adventure-works.com,"$110,000 ",3,Partial College,Professional,Y
13411,MRS.,JACQUELYN,BLANCO,7/3/1955,M,F,jacquelyn16@adventure-works.com,"$130,000 ",3,Partial College,Professional,N
13412,MR.,RAFAEL,ZHAO,10/14/1955,M,M,rafael11@adventure-works.com,"$130,000 ",3,Partial College,Professional,Y
13413,MR.,FERNANDO,PHILLIPS,11/18/1932,M,M,fernando39@adventure-works.com,"$60,000 ",2,Graduate Degree,Management,Y
13414,MR.,MIGUEL,WILSON,7/1/1933,M,M,miguel6@adventure-works.com,"$80,000 ",3,Graduate Degree,Management,Y
13415,MR.,MARCUS,ROGERS,4/6/1933,S,M,marcus94@adventure-works.com,"$100,000 ",1,Graduate Degree,Management,Y
13416,MR.,RICHARD,ROBERTS,11/20/1933,S,M,richard32@adventure-works.com,"$110,000 ",1,Graduate Degree,Management,N
13417,MR.,IAN,COX,3/10/1933,M,M,ian77@adventure-works.com,"$110,000 ",1,Graduate Degree,Management,Y
13418,MR.,DEVIN,COX,6/3/1965,M,M,devin78@adventure-works.com,"$90,000 ",4,Partial College,Professional,Y
13419,MRS.,LAUREN,COLEMAN,6/23/1965,M,F,lauren53@adventure-works.com,"$90,000 ",5,Partial College,Professional,Y
13420,MRS.,JORDAN,TURNER,8/2/1965,M,F,jordan33@adventure-works.com,"$120,000 ",3,Bachelors,Management,Y
13422,MS.,JACQUELINE,WASHINGTON,9/17/1965,S,F,jacqueline14@adventure-works.com,"$160,000 ",0,Graduate Degree,Management,N
13423,MR.,ALEX,PETERSON,3/6/1964,S,M,alex8@adventure-works.com,"$80,000 ",4,Bachelors,Management,Y
13424,MRS.,JASMINE,THOMAS,9/20/1964,M,F,jasmine9@adventure-works.com,"$90,000 ",5,Partial College,Professional,Y
13425,MR.,JOSE,GARCIA,7/6/1964,M,M,jose78@adventure-works.com,"$90,000 ",5,Partial College,Professional,Y
13426,MRS.,TAYLOR,WILLIAMS,6/12/1964,S,F,taylor49@adventure-works.com,"$110,000 ",3,Bachelors,Management,Y
13428,MR.,MARCUS,RAMIREZ,12/10/1964,M,M,marcus82@adventure-works.com,"$130,000 ",3,Bachelors,Management,Y
13429,MRS.,GABRIELLE,WASHINGTON,2/4/1964,M,F,gabrielle35@adventure-works.com,"$150,000 ",2,Bachelors,Management,Y
13430,MR.,EDWARD,GRIFFIN,5/14/1964,M,M,edward69@adventure-works.com,"$150,000 ",2,Bachelors,Management,Y
13431,MR.,BRYAN,JAMES,8/3/1956,M,M,bryan4@adventure-works.com,"$70,000 ",3,Partial College,Professional,Y
13432,MR.,DALTON,WOOD,6/21/1956,S,M,dalton47@adventure-works.com,"$80,000 ",3,Partial College,Professional,Y
13433,MRS.,JESSIE,VAZQUEZ,3/11/1956,S,F,jessie33@adventure-works.com,"$90,000 ",2,Partial College,Professional,Y
13434,MRS.,KAITLYN,WRIGHT,12/5/1934,S,F,kaitlyn18@adventure-works.com,"$50,000 ",2,Graduate Degree,Management,Y
13435,MRS.,TRACY,PAL,9/17/1934,M,F,tracy11@adventure-works.com,"$70,000 ",4,Graduate Degree,Management,Y
13436,MS.,GAIL,GRIFFIN,1/4/1963,S,F,gail7@adventure-works.com,"$90,000 ",0,Partial College,Professional,Y
13437,MR.,ETHAN,FLORES,8/26/1963,M,M,ethan9@adventure-works.com,"$90,000 ",0,Partial College,Professional,Y
13438,MS.,CHLOE,GRIFFIN,10/23/1963,S,F,chloe86@adventure-works.com,"$90,000 ",0,Partial College,Professional,N
13439,MR.,ARTURO,LIN,3/16/1963,M,M,arturo8@adventure-works.com,"$110,000 ",4,Bachelors,Management,Y
13440,MRS.,SYDNEY,MILLER,2/18/1962,S,F,sydney70@adventure-works.com,"$80,000 ",5,Partial College,Professional,Y
13441,MR.,OMAR,ZHANG,5/14/1962,M,M,omar0@adventure-works.com,"$90,000 ",5,Partial College,Professional,Y
13442,MRS.,PAULA,VAZQUEZ,9/1/1962,S,F,paula17@adventure-works.com,"$90,000 ",5,Partial College,Professional,N
13443,MRS.,JASMINE,WHITE,7/10/1962,M,F,jasmine11@adventure-works.com,"$100,000 ",1,Partial College,Professional,Y
13444,MRS.,ABBY,LOPEZ,5/5/1962,S,F,abby14@adventure-works.com,"$110,000 ",1,Bachelors,Management,N
13445,MR.,LOGAN,DAVIS,8/4/1962,M,M,logan55@adventure-works.com,"$120,000 ",1,Partial College,Professional,N
13446,MRS.,KATELYN,SCOTT,4/9/1962,S,F,katelyn37@adventure-works.com,"$120,000 ",1,Partial College,Professional,Y
13447,MRS.,DESTINY,COX,5/4/1962,M,F,destiny36@adventure-works.com,"$130,000 ",1,Bachelors,Management,Y
13448,,CATHERINE,WARD,7/13/1962,M,NA,catherine11@adventure-works.com,"$130,000 ",1,Bachelors,Management,Y
13449,MR.,JEROME,DIAZ,6/18/1961,S,M,jerome3@adventure-works.com,"$80,000 ",5,Partial College,Professional,Y
13450,MRS.,VICTORIA,JONES,7/18/1961,S,F,victoria4@adventure-works.com,"$90,000 ",4,High School,Professional,Y
13451,MRS.,ROBIN,BROWNING,6/27/1961,M,F,robin12@adventure-works.com,"$110,000 ",1,Partial College,Professional,N
13452,MRS.,KAITLYN,EVANS,3/13/1961,M,F,kaitlyn0@adventure-works.com,"$130,000 ",1,Bachelors,Management,Y
13453,MRS.,AMANDA,HOWARD,5/11/1961,M,F,amanda11@adventure-works.com,"$130,000 ",1,Bachelors,Management,Y
13454,MR.,BENJAMIN,GRIFFIN,2/17/1961,M,M,benjamin22@adventure-works.com,"$130,000 ",1,Bachelors,Management,Y
13455,MRS.,KAITLYN,BRYANT,8/10/1961,M,F,kaitlyn85@adventure-works.com,"$130,000 ",3,Bachelors,Management,Y
13456,MRS.,SYDNEY,HERNANDEZ,7/24/1955,S,F,sydney59@adventure-works.com,"$80,000 ",2,Partial High School,Skilled Manual,Y
13457,MR.,ERIC,HENDERSON,2/5/1955,M,M,eric13@adventure-works.com,"$60,000 ",2,High School,Professional,N
13459,MR.,DEVIN,FOSTER,7/17/1955,M,M,devin54@adventure-works.com,"$60,000 ",2,High School,Professional,N
13460,MRS.,JASMINE,WALKER,9/21/1954,S,F,jasmine20@adventure-works.com,"$80,000 ",2,Partial High School,Skilled Manual,N
13461,MR.,ANTHONY,JONES,3/2/1935,S,M,anthony12@adventure-works.com,"$130,000 ",2,Graduate Degree,Management,N
13462,MR.,JAY,SARA,11/10/1936,S,M,jay17@adventure-works.com,"$50,000 ",2,Graduate Degree,Management,Y
13463,MRS.,TAMMY,SARA,8/4/1936,M,F,tammy11@adventure-works.com,"$60,000 ",2,Graduate Degree,Management,Y
13464,MRS.,MARTHA,HU,11/8/1936,M,F,martha20@adventure-works.com,"$70,000 ",4,Graduate Degree,Management,Y
13465,MRS.,SYDNEY,CAMPBELL,1/5/1936,M,F,sydney49@adventure-works.com,"$100,000 ",2,Graduate Degree,Management,Y
13466,MR.,BRYCE,JAMES,6/20/1960,M,M,bryce0@adventure-works.com,"$80,000 ",5,Partial College,Professional,Y
13467,MR.,KRISTOPHER,MARTINEZ,7/5/1960,S,M,kristopher16@adventure-works.com,"$90,000 ",4,High School,Professional,N
13468,MRS.,MARIAH,SANDERS,9/2/1960,S,F,mariah3@adventure-works.com,"$100,000 ",3,Partial College,Professional,Y
13469,MR.,BRYCE,BAILEY,10/10/1960,S,M,bryce15@adventure-works.com,"$100,000 ",0,Partial College,Professional,Y
13470,MS.,JACLYN,JAI,12/17/1960,S,F,jaclyn35@adventure-works.com,"$100,000 ",0,Partial College,Professional,Y
13471,MR.,ERIC,BRYANT,4/2/1960,M,M,eric25@adventure-works.com,"$120,000 ",1,High School,Professional,Y
13472,MR.,SIMON,PEARSON,8/11/1954,M,M,simon3@adventure-works.com,"$80,000 ",2,Partial High School,Skilled Manual,Y
13473,MR.,LOGAN,HILL,3/5/1954,M,M,logan39@adventure-works.com,"$80,000 ",3,Partial High School,Skilled Manual,N
13474,MRS.,ELIZABETH,HALL,6/24/1954,M,F,elizabeth28@adventure-works.com,"$60,000 ",2,Partial High School,Skilled Manual,N
13475,MR.,CHARLES,ALLEN,5/5/1954,M,M,charles29@adventure-works.com,"$60,000 ",2,Partial High School,Skilled Manual,Y
13476,MR.,TIMOTHY,HALL,8/21/1954,M,M,timothy46@adventure-works.com,"$60,000 ",2,Partial High School,Skilled Manual,N
13477,MRS.,KATHERINE,WOOD,6/28/1954,M,F,katherine27@adventure-works.com,"$70,000 ",3,High School,Professional,Y
13478,MRS.,ALEXIA,COLEMAN,5/7/1954,S,F,alexia6@adventure-works.com,"$70,000 ",3,High School,Professional,Y
13479,MRS.,KATELYN,ROGERS,4/23/1953,S,F,katelyn19@adventure-works.com,"$70,000 ",3,Graduate Degree,Management,Y
13480,MRS.,ANNA,RODRIGUEZ,2/10/1953,S,F,anna58@adventure-works.com,"$70,000 ",3,Graduate Degree,Management,Y
13481,MR.,HUNTER,HERNANDEZ,7/6/1953,M,M,hunter44@adventure-works.com,"$70,000 ",3,Graduate Degree,Management,Y
13482,MRS.,HALEY,BRYANT,9/19/1952,M,F,haley37@adventure-works.com,"$40,000 ",3,Partial College,Professional,N
13483,MR.,CHRISTIAN,LAL,9/8/1952,M,M,christian15@adventure-works.com,"$40,000 ",3,Partial College,Professional,N
13484,MR.,MARCUS,MARTINEZ,6/8/1937,S,M,marcus18@adventure-works.com,"$110,000 ",2,Graduate Degree,Management,Y
13485,MR.,THOMAS,ALLEN,10/25/1937,M,M,thomas83@adventure-works.com,"$130,000 ",2,Graduate Degree,Management,Y
13486,MRS.,REBEKAH,GOMEZ,7/12/1937,S,F,rebekah21@adventure-works.com,"$130,000 ",2,Bachelors,Management,N
13487,MRS.,EMILY,MARTIN,8/9/1937,M,F,emily15@adventure-works.com,"$150,000 ",1,Graduate Degree,Management,Y
13488,MRS.,LAURA,GUO,6/15/1938,M,F,laura23@adventure-works.com,"$120,000 ",2,Graduate Degree,Management,Y
13489,MRS.,JENNIFER,WALKER,8/14/1939,M,F,jennifer50@adventure-works.com,"$90,000 ",5,Bachelors,Management,Y
13490,MR.,EDWARD,RODRIGUEZ,4/18/1939,M,M,edward42@adventure-works.com,"$120,000 ",2,Graduate Degree,Management,Y
13491,MRS.,NATALIE,HOWARD,6/5/1939,M,F,natalie14@adventure-works.com,"$120,000 ",2,Graduate Degree,Management,Y
13492,MR.,CHRISTIAN,FOSTER,3/4/1940,M,M,christian3@adventure-works.com,"$130,000 ",2,Bachelors,Management,Y
13494,MR.,BYRON,GUTIERREZ,3/5/1962,S,M,byron7@adventure-works.com,"$10,000 ",1,Graduate Degree,Manual,Y
13496,MR.,LUCAS,MORRIS,5/23/1962,M,M,lucas89@adventure-works.com,"$20,000 ",1,Graduate Degree,Clerical,Y
13497,MRS.,DEBORAH,SHARMA,3/26/1961,M,F,deborah14@adventure-works.com,"$20,000 ",1,Graduate Degree,Clerical,Y
13498,MR.,JOEL,MEHTA,4/9/1962,S,M,joel13@adventure-works.com,"$30,000 ",4,Graduate Degree,Clerical,Y
13499,MRS.,OLIVIA,COX,3/5/1962,S,F,olivia36@adventure-works.com,"$30,000 ",4,Graduate Degree,Clerical,Y
13500,MRS.,MOLLY,VANCE,7/27/1958,M,F,molly4@adventure-works.com,"$10,000 ",1,Bachelors,Manual,Y
13501,MR.,CLAYTON,ZHU,4/5/1958,M,M,clayton13@adventure-works.com,"$10,000 ",1,Bachelors,Manual,Y
13502,MRS.,DEBORAH,NARA,2/17/1958,S,F,deborah20@adventure-works.com,"$10,000 ",1,Bachelors,Manual,Y
13503,MR.,THEODORE,GOMEZ,10/18/1957,M,M,theodore1@adventure-works.com,"$10,000 ",1,Partial College,Manual,Y
13504,MRS.,BETH,ALONSO,3/17/1956,M,F,beth10@adventure-works.com,"$10,000 ",2,Partial College,Manual,Y
13505,MRS.,JAMIE,CAI,1/16/1956,M,F,jamie25@adventure-works.com,"$10,000 ",2,Partial College,Manual,Y
13506,MR.,WILLIE,GUO,8/12/1955,S,M,willie16@adventure-works.com,"$10,000 ",2,Partial College,Manual,Y
13507,MRS.,MARGARET,PATTERSON,10/15/1955,M,F,margaret4@adventure-works.com,"$10,000 ",2,Partial College,Manual,Y
13508,MRS.,CASSANDRA,SANCHEZ,8/9/1937,M,F,cassandra21@adventure-works.com,"$20,000 ",1,Graduate Degree,Clerical,Y
13509,MR.,LUCAS,JOHNSON,9/4/1937,M,M,lucas14@adventure-works.com,"$30,000 ",1,Graduate Degree,Clerical,Y
13510,MR.,JON,SHEN,5/15/1940,M,M,jon43@adventure-works.com,"$10,000 ",2,Partial College,Manual,Y
13511,MR.,ERNEST,LIU,5/4/1941,S,M,ernest4@adventure-works.com,"$10,000 ",2,Partial College,Manual,Y
13512,MRS.,KEN,SÁNCHEZ,9/28/1941,M,F,ken3@adventure-works.com,"$10,000 ",2,Partial College,Manual,Y
13513,MRS.,ABIGAIL,HENDERSON,9/8/1941,M,F,abigail73@adventure-works.com,"$30,000 ",1,Bachelors,Clerical,Y
13514,MRS.,LINDSAY,LUO,2/11/1942,S,F,lindsay6@adventure-works.com,"$10,000 ",3,Partial College,Manual,Y
13515,MRS.,CARA,LIANG,7/4/1942,M,F,cara12@adventure-works.com,"$20,000 ",1,Partial College,Manual,Y
13516,MR.,HAROLD,RAY,2/16/1942,M,M,harold8@adventure-works.com,"$30,000 ",1,Bachelors,Clerical,Y
13517,,NICOLAS,SHARMA,5/10/1942,S,NA,nicolas7@adventure-works.com,"$30,000 ",1,Bachelors,Clerical,Y
13518,MR.,BRENDAN,GOLDSTEIN,7/15/1979,S,M,brendan17@adventure-works.com,"$10,000 ",0,Partial College,Manual,N
13519,MR.,LUCAS,FOSTER,10/3/1978,S,M,lucas64@adventure-works.com,"$10,000 ",0,Partial College,Manual,Y
13520,MS.,CAROL,NELSON,2/8/1978,S,F,carol13@adventure-works.com,"$10,000 ",0,Partial College,Manual,Y
13521,MS.,SANDRA,LU,1/25/1978,S,F,sandra18@adventure-works.com,"$10,000 ",0,Partial College,Manual,Y
13522,MR.,LOGAN,TAYLOR,11/23/1977,S,M,logan60@adventure-works.com,"$10,000 ",0,High School,Manual,Y
13523,MS.,ADRIENNE,RUIZ,11/3/1976,S,F,adrienne2@adventure-works.com,"$10,000 ",0,High School,Manual,Y
13524,MS.,CHERYL,BLANCO,8/11/1978,M,F,cheryl18@adventure-works.com,"$20,000 ",0,Bachelors,Clerical,N
13525,MS.,CASSANDRA,VAN,2/9/1978,M,F,cassandra4@adventure-works.com,"$20,000 ",0,Bachelors,Clerical,Y
13526,MS.,KRYSTAL,LIU,7/24/1978,M,F,krystal4@adventure-works.com,"$20,000 ",0,Bachelors,Clerical,Y
13527,MS.,TONYA,ANDERSEN,7/18/1977,M,F,tonya12@adventure-works.com,"$20,000 ",0,Partial College,Manual,Y
13528,MS.,CARMEN,LOPEZ,9/10/1977,M,F,carmen1@adventure-works.com,"$20,000 ",0,Partial College,Manual,Y
13529,MS.,PAMELA,MARTINEZ,6/2/1977,S,F,pamela21@adventure-works.com,"$20,000 ",0,Partial College,Manual,N
13530,MRS.,KRYSTAL,CHEN,9/25/1943,M,F,krystal2@adventure-works.com,"$40,000 ",1,Graduate Degree,Clerical,Y
13531,MR.,TYRONE,GUTIERREZ,3/13/1961,M,M,tyrone10@adventure-works.com,"$30,000 ",4,Graduate Degree,Clerical,Y
13532,MRS.,MELODY,GILL,4/16/1961,M,F,melody14@adventure-works.com,"$30,000 ",4,Graduate Degree,Clerical,Y
13533,MR.,EDUARDO,BUTLER,11/22/1961,S,M,eduardo58@adventure-works.com,"$30,000 ",4,Graduate Degree,Clerical,Y
13534,MRS.,BETH,NAVARRO,7/17/1961,M,F,beth12@adventure-works.com,"$30,000 ",3,Graduate Degree,Clerical,Y
13535,MR.,OMAR,NARA,6/11/1960,S,M,omar37@adventure-works.com,"$20,000 ",1,Partial College,Manual,N
13536,MRS.,ARIANNA,WARD,5/17/1959,S,F,arianna34@adventure-works.com,"$10,000 ",1,High School,Manual,N
13537,MRS.,JILL,MORENO,10/10/1959,S,F,jill14@adventure-works.com,"$10,000 ",1,High School,Manual,N
13538,MRS.,VANESSA,HENDERSON,8/27/1959,S,F,vanessa5@adventure-works.com,"$20,000 ",2,Partial College,Manual,Y
13539,MR.,ROGER,GUO,4/14/1959,S,M,roger22@adventure-works.com,"$30,000 ",3,Graduate Degree,Clerical,Y
13540,MRS.,PAULA,ORTEGA,3/6/1960,M,F,paula23@adventure-works.com,"$40,000 ",3,Graduate Degree,Clerical,Y
13541,MRS.,ASHLEE,XU,8/12/1960,M,F,ashlee12@adventure-works.com,"$40,000 ",3,Graduate Degree,Clerical,Y
13542,MRS.,SHARON,KUMAR,5/27/1958,M,F,sharon14@adventure-works.com,"$30,000 ",1,Bachelors,Clerical,Y
13543,MR.,PHILLIP,RANA,8/2/1958,S,M,phillip12@adventure-works.com,"$30,000 ",1,Bachelors,Clerical,Y
13544,MS.,JOY,MARTIN,12/7/1970,S,F,joy1@adventure-works.com,"$20,000 ",0,Partial College,Manual,Y
13545,MR.,BRAD,SHARMA,6/16/1970,M,M,brad9@adventure-works.com,"$30,000 ",0,Bachelors,Clerical,Y
13546,MR.,MITCHELL,JAI,7/22/1970,M,M,mitchell10@adventure-works.com,"$30,000 ",0,Bachelors,Clerical,Y
13547,MRS.,MICHELE,JIMENEZ,2/10/1969,S,F,michele40@adventure-works.com,"$10,000 ",2,High School,Manual,Y
13548,MS.,BRIDGET,JAI,9/26/1970,M,F,bridget13@adventure-works.com,"$30,000 ",0,Bachelors,Clerical,Y
13549,MR.,RICHARD,KING,4/17/1969,S,M,richard21@adventure-works.com,"$10,000 ",2,High School,Manual,Y
13550,MR.,JOE,MALHOTRA,6/1/1969,S,M,joe9@adventure-works.com,"$20,000 ",0,Partial College,Manual,N
13551,MR.,JACOB,LEE,12/4/1969,M,M,jacob18@adventure-works.com,"$30,000 ",0,Bachelors,Clerical,Y
13552,MR.,TREVOR,HUGHES,3/2/1969,S,M,trevor11@adventure-works.com,"$30,000 ",0,Bachelors,Clerical,Y
13553,MRS.,JESSICA,COLEMAN,10/18/1969,M,F,jessica30@adventure-works.com,"$30,000 ",1,Bachelors,Clerical,Y
13554,MRS.,PAULA,MORENO,11/14/1969,M,F,paula9@adventure-works.com,"$30,000 ",1,Bachelors,Clerical,Y
13555,MS.,TAMMY,SMITH,9/13/1969,M,F,tammy9@adventure-works.com,"$40,000 ",0,Graduate Degree,Clerical,Y
13556,MS.,ALISHA,NATH,11/13/1969,S,F,alisha43@adventure-works.com,"$40,000 ",0,Graduate Degree,Clerical,Y
13557,MS.,STACEY,LIU,7/25/1969,M,F,stacey4@adventure-works.com,"$40,000 ",0,Graduate Degree,Clerical,Y
13558,MS.,KAREN,LU,6/22/1969,M,F,karen21@adventure-works.com,"$40,000 ",0,Graduate Degree,Clerical,Y
13559,MS.,LORI,RAMOS,6/17/1969,S,F,lori18@adventure-works.com,"$50,000 ",0,Graduate Degree,Skilled Manual,Y
13560,MR.,ANDRES,SHAN,8/16/1969,M,M,andres7@adventure-works.com,"$50,000 ",0,Graduate Degree,Skilled Manual,Y
13561,MR.,GARY,NAVARRO,8/7/1969,M,M,gary21@adventure-works.com,"$50,000 ",0,Graduate Degree,Skilled Manual,Y
13562,MR.,BRYANT,VAN,7/15/1969,S,M,bryant4@adventure-works.com,"$50,000 ",0,Graduate Degree,Skilled Manual,Y
13563,MR.,PHILLIP,SAI,8/1/1969,M,M,phillip6@adventure-works.com,"$50,000 ",0,Graduate Degree,Skilled Manual,N
13564,MRS.,SABRINA,BLANCO,3/25/1952,M,F,sabrina9@adventure-works.com,"$10,000 ",3,Partial College,Manual,N
13565,MRS.,TIFFANY,ZHAO,9/20/1951,M,F,tiffany10@adventure-works.com,"$10,000 ",3,Partial College,Manual,N
13566,MRS.,MIKAEL,SANDBERG,6/26/1951,S,F,mikael1@adventure-works.com,"$10,000 ",3,High School,Manual,Y
13567,MRS.,ANNE,RUBIO,9/25/1951,M,F,anne21@adventure-works.com,"$10,000 ",4,High School,Manual,N
13568,MR.,MAX,JIMENEZ,5/5/1951,M,M,max6@adventure-works.com,"$10,000 ",4,High School,Manual,N
13569,MR.,MARCUS,HALL,8/13/1968,S,M,marcus25@adventure-works.com,"$10,000 ",2,High School,Manual,Y
13570,,BENJAMIN,JACKSON,6/25/1968,S,NA,benjamin48@adventure-works.com,"$10,000 ",2,High School,Manual,Y
13571,MR.,ALLEN,MEHTA,9/7/1968,M,M,allen12@adventure-works.com,"$10,000 ",2,High School,Manual,N
13572,MR.,SHAUN,DENG,9/11/1968,S,M,shaun3@adventure-works.com,"$10,000 ",3,High School,Manual,Y
13573,MR.,EDWIN,PAL,12/4/1968,M,M,edwin35@adventure-works.com,"$20,000 ",1,Partial College,Manual,Y
13574,MRS.,BRENDA,GARCIA,3/3/1968,S,F,brenda18@adventure-works.com,"$20,000 ",1,Partial College,Manual,N
13575,MRS.,ALICIA,SHEN,8/25/1944,M,F,alicia1@adventure-works.com,"$70,000 ",5,High School,Professional,Y
13576,MRS.,TAMARA,LAL,12/22/1944,S,F,tamara20@adventure-works.com,"$160,000 ",3,Bachelors,Management,N
13577,MR.,THEODORE,TORRES,8/14/1945,M,M,theodore12@adventure-works.com,"$70,000 ",5,High School,Professional,Y
13578,MR.,KARL,NATH,4/24/1945,M,M,karl19@adventure-works.com,"$70,000 ",5,High School,Professional,Y
13579,MR.,ALAN,CHEN,2/26/1946,M,M,alan6@adventure-works.com,"$110,000 ",3,Bachelors,Management,Y
13580,MRS.,CAROL,XU,7/18/1946,M,F,carol24@adventure-works.com,"$110,000 ",3,Bachelors,Management,N
13581,MR.,ALBERT,BLANCO,10/19/1946,M,M,albert15@adventure-works.com,"$130,000 ",4,Partial College,Professional,Y
13582,MRS.,MARTHA,GAO,9/22/1946,M,F,martha14@adventure-works.com,"$130,000 ",4,Partial College,Professional,Y
13583,MR.,BLAKE,BUTLER,11/12/1954,S,M,blake62@adventure-works.com,"$90,000 ",3,High School,Professional,Y
13584,MR.,ISAIAH,COX,8/17/1953,S,M,isaiah9@adventure-works.com,"$70,000 ",4,High School,Professional,Y
13585,MRS.,SAVANNAH,MORRIS,5/17/1953,M,F,savannah17@adventure-works.com,"$80,000 ",4,Partial College,Professional,N
13586,MR.,LARRY,ALONSO,5/21/1953,M,M,larry10@adventure-works.com,"$80,000 ",4,Partial College,Professional,Y
13587,MRS.,KRISTINA,SUBRAM,11/24/1954,S,F,kristina13@adventure-works.com,"$100,000 ",3,High School,Professional,Y
13588,MRS.,DEB,DOMINGUEZ,3/3/1954,M,F,deb5@adventure-works.com,"$130,000 ",3,Partial College,Professional,Y
13589,MR.,CAMERON,SMITH,10/17/1953,S,M,cameron42@adventure-works.com,"$90,000 ",4,Partial College,Professional,Y
13590,MR.,LOUIS,XIE,5/18/1953,M,M,louis20@adventure-works.com,"$170,000 ",0,Bachelors,Management,N
13591,MS.,LATASHA,ALONSO,5/25/1953,M,F,latasha8@adventure-works.com,"$170,000 ",0,Bachelors,Management,Y
13592,MRS.,GABRIELLA,COLLINS,6/7/1952,M,F,gabriella23@adventure-works.com,"$70,000 ",5,Partial High School,Skilled Manual,Y
13593,MRS.,DEANNA,NAVARRO,8/18/1952,S,F,deanna36@adventure-works.com,"$100,000 ",3,Partial College,Professional,Y
13594,MRS.,JESSICA,WILLIAMS,1/18/1952,M,F,jessica49@adventure-works.com,"$100,000 ",3,Partial College,Professional,Y
13595,MR.,COLE,STEWART,6/2/1951,S,M,cole23@adventure-works.com,"$70,000 ",5,Partial High School,Skilled Manual,Y
13596,MR.,BILLY,GOMEZ,6/16/1951,M,M,billy2@adventure-works.com,"$80,000 ",4,High School,Professional,N
13597,MR.,LANCE,GUTIERREZ,8/5/1951,M,M,lance11@adventure-works.com,"$90,000 ",4,High School,Professional,Y
13598,MR.,KEITH,LUO,8/16/1951,M,M,keith8@adventure-works.com,"$120,000 ",4,Partial College,Professional,Y
13599,MRS.,VALERIE,ZHU,1/15/1951,M,F,valerie16@adventure-works.com,"$120,000 ",4,Partial College,Professional,Y
13600,MRS.,MARIE,SANZ,2/19/1951,M,F,marie44@adventure-works.com,"$170,000 ",4,Partial College,Professional,N
13601,MRS.,TANYA,DOMINGUEZ,5/6/1950,M,F,tanya9@adventure-works.com,"$100,000 ",3,Partial College,Management,Y
13602,MRS.,VIRGINIA,MEHTA,5/17/1950,M,F,virginia16@adventure-works.com,"$110,000 ",4,Partial College,Management,Y
13603,MRS.,MOLLY,MARTINEZ,6/1/1950,M,F,molly16@adventure-works.com,"$120,000 ",4,Partial College,Management,Y
13604,MR.,NUAN,ZHENG,9/11/1950,M,M,nuan3@adventure-works.com,"$130,000 ",4,High School,Management,N
13605,MR.,GERRIT,STRAATSMA,11/18/1949,M,M,gerrit0@adventure-works.com,"$80,000 ",5,High School,Management,N
13606,MR.,DREW,SHARMA,7/1/1949,M,M,drew10@adventure-works.com,"$100,000 ",3,Partial College,Management,Y
13607,MR.,LEVI,RANA,4/5/1949,S,M,levi10@adventure-works.com,"$110,000 ",4,High School,Management,Y
13608,MRS.,KARLA,KUMAR,4/21/1949,M,F,karla8@adventure-works.com,"$120,000 ",4,High School,Management,Y
13609,MR.,RAMON,YANG,4/15/1949,M,M,ramon4@adventure-works.com,"$150,000 ",5,High School,Management,Y
13610,MR.,OMAR,SHARMA,11/28/1948,M,M,omar29@adventure-works.com,"$80,000 ",5,High School,Management,Y
13611,MR.,MARSHALL,HUANG,3/23/1948,M,M,marshall5@adventure-works.com,"$90,000 ",4,High School,Management,Y
13612,MRS.,HAILEY,ROSS,2/21/1947,M,F,hailey25@adventure-works.com,"$130,000 ",5,Partial High School,Professional,N
13613,MR.,DEREK,JAI,12/24/1975,M,M,derek10@adventure-works.com,"$60,000 ",0,Bachelors,Professional,Y
13614,MS.,JULIE,BECKER,4/25/1975,S,F,julie22@adventure-works.com,"$60,000 ",0,Bachelors,Professional,Y
13615,MS.,JACQUELYN,ROWE,3/27/1975,S,F,jacquelyn22@adventure-works.com,"$60,000 ",0,Bachelors,Professional,N
13616,MR.,COLE,RAMIREZ,3/27/1976,M,M,cole9@adventure-works.com,"$70,000 ",0,Bachelors,Professional,Y
13617,MR.,GERALD,SURI,3/17/1976,M,M,gerald29@adventure-works.com,"$70,000 ",0,Bachelors,Professional,Y
13618,MR.,JAY,RAMAN,11/14/1976,S,M,jay19@adventure-works.com,"$70,000 ",0,Bachelors,Professional,N
13619,MR.,ARTURO,XU,5/11/1976,M,M,arturo13@adventure-works.com,"$70,000 ",0,Bachelors,Professional,Y
13620,MR.,DAMIEN,YE,2/1/1976,S,M,damien7@adventure-works.com,"$70,000 ",0,Bachelors,Professional,N
13621,MS.,MELODY,RUIZ,2/1/1974,M,F,melody2@adventure-works.com,"$60,000 ",0,Bachelors,Professional,Y
13622,MR.,ALAN,WANG,5/7/1974,M,M,alan29@adventure-works.com,"$70,000 ",0,Partial High School,Professional,Y
13623,MR.,MITCHELL,CARSON,3/15/1973,M,M,mitchell13@adventure-works.com,"$80,000 ",0,Bachelors,Professional,Y
13624,MS.,NICOLE,LONG,3/9/1974,S,F,nicole58@adventure-works.com,"$80,000 ",0,Bachelors,Professional,Y
13625,MR.,JASON,CAMPBELL,11/2/1973,M,M,jason36@adventure-works.com,"$90,000 ",0,Bachelors,Professional,Y
13626,MR.,JOHNATHAN,MADAN,9/20/1973,M,M,johnathan9@adventure-works.com,"$90,000 ",0,Bachelors,Professional,N
13627,MS.,NATASHA,RUBIO,7/7/1972,M,F,natasha21@adventure-works.com,"$80,000 ",0,Bachelors,Professional,Y
13628,MS.,KAITLIN,SCHMIDT,12/21/1973,M,F,kaitlin10@adventure-works.com,"$110,000 ",0,Partial College,Management,Y
13629,MS.,KARLA,YUAN,7/21/1972,M,F,karla7@adventure-works.com,"$90,000 ",0,Bachelors,Professional,Y
13630,MS.,BRENDA,ARUN,3/16/1972,S,F,brenda10@adventure-works.com,"$90,000 ",0,Bachelors,Professional,N
13631,MR.,JOE,SUBRAM,11/3/1972,M,M,joe16@adventure-works.com,"$90,000 ",0,Bachelors,Professional,Y
13632,MS.,CHERYL,MUNOZ,2/7/1972,S,F,cheryl9@adventure-works.com,"$90,000 ",0,Bachelors,Professional,N
13633,MR.,JUAN,RAMOS,3/12/1972,S,M,juan5@adventure-works.com,"$90,000 ",0,Bachelors,Professional,Y
13634,MS.,ALEXIS,RUSSELL,2/17/1972,M,F,alexis43@adventure-works.com,"$100,000 ",0,High School,Management,Y
13635,MR.,KURT,DENG,2/23/1971,M,M,kurt1@adventure-works.com,"$80,000 ",0,Bachelors,Professional,Y
13636,MR.,JARROD,RODRIGUEZ,1/2/1971,M,M,jarrod18@adventure-works.com,"$90,000 ",0,Bachelors,Professional,N
13638,MS.,DIANA,ALVAREZ,7/12/1972,S,F,diana3@adventure-works.com,"$110,000 ",0,High School,Management,Y
13639,MR.,COLIN,LIANG,8/7/1971,M,M,colin18@adventure-works.com,"$100,000 ",0,High School,Management,Y
13640,MS.,RACHAEL,PATEL,4/17/1971,M,F,rachael3@adventure-works.com,"$100,000 ",0,High School,Management,N
13641,MR.,ADRIAN,WATSON,5/18/1970,S,M,adrian2@adventure-works.com,"$90,000 ",0,Bachelors,Professional,N
13642,MS.,CASSIE,NARA,10/10/1970,M,F,cassie15@adventure-works.com,"$100,000 ",0,High School,Management,N
13643,MR.,RONALD,SAI,10/6/1970,S,M,ronald7@adventure-works.com,"$100,000 ",0,Partial High School,Professional,Y
13644,MS.,KRISTI,DOMINGUEZ,4/2/1970,M,F,kristi8@adventure-works.com,"$100,000 ",0,Partial High School,Professional,Y
13645,MR.,EUGENE,HE,9/16/1970,S,M,eugene23@adventure-works.com,"$100,000 ",0,Partial High School,Professional,Y
13646,MR.,TERRY,YUAN,10/9/1970,M,M,terry10@adventure-works.com,"$110,000 ",0,High School,Management,Y
13647,MR.,ARMANDO,ALONSO,6/13/1970,S,M,armando8@adventure-works.com,"$120,000 ",0,Partial High School,Professional,Y
13648,MR.,ARTURO,SHARMA,10/9/1970,S,M,arturo34@adventure-works.com,"$120,000 ",0,Partial High School,Professional,Y
13649,MS.,REBEKAH,SUAREZ,5/8/1971,M,F,rebekah39@adventure-works.com,"$110,000 ",0,Partial High School,Professional,Y
13650,MR.,JESSIE,SHE,1/8/1971,M,M,jessie29@adventure-works.com,"$110,000 ",0,Partial High School,Management,Y
13651,MR.,JERRY,SHARMA,9/6/1971,M,M,jerry10@adventure-works.com,"$120,000 ",0,Partial High School,Management,Y
13652,MRS.,TAMARA,ZENG,8/25/1941,M,F,tamara11@adventure-works.com,"$90,000 ",5,Bachelors,Management,Y
13653,MR.,TONY,CHANDER,3/25/1941,M,M,tony18@adventure-works.com,"$90,000 ",5,Bachelors,Management,Y
13654,MR.,SHAWN,ANDERSEN,2/5/1941,M,M,shawn15@adventure-works.com,"$100,000 ",2,Graduate Degree,Management,Y
13655,MR.,CHRISTOPHER,WALKER,1/3/1941,M,M,christopher23@adventure-works.com,"$100,000 ",2,Graduate Degree,Management,Y
13656,MRS.,FAITH,HOWARD,4/25/1941,M,F,faith30@adventure-works.com,"$110,000 ",2,Graduate Degree,Management,Y
13657,MRS.,KAYLEE,COLLINS,3/15/1941,S,F,kaylee22@adventure-works.com,"$110,000 ",2,Graduate Degree,Management,Y
13658,MR.,WYATT,BENNETT,3/13/1941,M,M,wyatt53@adventure-works.com,"$130,000 ",2,Bachelors,Management,Y
13659,MR.,CLAYTON,SHAN,10/18/1941,M,M,clayton28@adventure-works.com,"$130,000 ",2,Bachelors,Management,Y
13660,MR.,ETHAN,DAVIS,3/9/1942,M,M,ethan37@adventure-works.com,"$70,000 ",5,Bachelors,Management,Y
13661,MR.,ANDRE,SARA,11/7/1975,M,M,andre10@adventure-works.com,"$40,000 ",1,Bachelors,Skilled Manual,Y
13662,MR.,MIGUEL,ROBERTS,11/24/1974,S,M,miguel39@adventure-works.com,"$20,000 ",0,Partial High School,Manual,Y
13663,MR.,MELVIN,TANG,8/6/1973,S,M,melvin4@adventure-works.com,"$10,000 ",0,Partial High School,Manual,N
13664,MR.,LARRY,DIAZ,2/10/1973,S,M,larry4@adventure-works.com,"$10,000 ",0,Partial High School,Manual,N
13665,MS.,KRISTI,RANDALL,2/18/1973,M,F,kristi28@adventure-works.com,"$10,000 ",0,Partial High School,Manual,N
13666,MS.,TERESA,RUIZ,7/17/1973,S,F,teresa3@adventure-works.com,"$20,000 ",0,Partial High School,Manual,N
13667,MR.,ANDRES,DENG,5/11/1973,S,M,andres0@adventure-works.com,"$20,000 ",0,Partial High School,Manual,N
13668,MR.,STANLEY,MARTINEZ,10/7/1963,M,M,stanley19@adventure-works.com,"$60,000 ",5,Bachelors,Professional,Y
13669,MRS.,KRISTY,GILL,3/3/1963,M,F,kristy12@adventure-works.com,"$60,000 ",3,Bachelors,Professional,Y
13670,MRS.,BRITTNEY,ZENG,9/27/1963,S,F,brittney21@adventure-works.com,"$60,000 ",3,Bachelors,Professional,N
13671,MR.,FRANK,RAMOS,2/7/1974,S,M,frank25@adventure-works.com,"$30,000 ",0,Partial College,Clerical,N
13672,MR.,BENJAMIN,DAVIS,6/7/1980,S,M,benjamin39@adventure-works.com,"$20,000 ",0,Partial High School,Manual,N
13673,MS.,SANDRA,HE,11/13/1980,S,F,sandra26@adventure-works.com,"$20,000 ",0,Partial High School,Manual,N
13674,MR.,DREW,SHEN,1/13/1980,S,M,drew2@adventure-works.com,"$20,000 ",0,Partial High School,Manual,Y
13675,MR.,STANLEY,SAI,4/9/1980,S,M,stanley6@adventure-works.com,"$20,000 ",0,Partial High School,Manual,N
13676,MR.,GEORGE,KAPOOR,7/17/1980,M,M,george7@adventure-works.com,"$20,000 ",0,Partial High School,Manual,N
13677,MS.,BRIAN,ALBRECHT,3/28/1978,S,F,brian35@adventure-works.com,"$30,000 ",0,High School,Manual,N
13678,MR.,WARREN,GOEL,6/25/1974,M,M,warren9@adventure-works.com,"$40,000 ",1,Bachelors,Skilled Manual,Y
13679,MRS.,SANDRA,LI,2/3/1974,M,F,sandra9@adventure-works.com,"$40,000 ",1,Bachelors,Skilled Manual,Y
13680,MRS.,JAN,WATSON,11/17/1974,M,F,jan4@adventure-works.com,"$40,000 ",1,Bachelors,Skilled Manual,Y
13681,MR.,ADAM,HALL,11/18/1973,S,M,adam51@adventure-works.com,"$30,000 ",0,High School,Manual,Y
13682,MR.,FERNANDO,LOPEZ,4/25/1973,S,M,fernando27@adventure-works.com,"$30,000 ",0,High School,Manual,N
13683,MS.,SHEILA,TORRES,12/3/1973,S,F,sheila12@adventure-works.com,"$30,000 ",0,High School,Manual,N
13684,MR.,FRANCIS,DOMINGUEZ,5/14/1972,S,M,francis10@adventure-works.com,"$10,000 ",0,Partial High School,Manual,N
13685,MRS.,BRIANA,TORRES,2/16/1973,M,F,briana11@adventure-works.com,"$40,000 ",1,Bachelors,Skilled Manual,Y
13686,MR.,PETER,JAI,10/14/1973,M,M,peter17@adventure-works.com,"$40,000 ",1,Bachelors,Skilled Manual,Y
13687,MR.,MARIO,XIE,8/18/1973,M,M,mario2@adventure-works.com,"$40,000 ",1,Bachelors,Skilled Manual,Y
13688,MR.,RUBEN,SANCHEZ,6/19/1973,S,M,ruben21@adventure-works.com,"$50,000 ",0,Graduate Degree,Skilled Manual,N
13689,MS.,TERESA,RAMOS,4/21/1973,S,F,teresa18@adventure-works.com,"$50,000 ",0,Graduate Degree,Skilled Manual,N
13690,MS.,CLAUDIA,GAO,2/17/1972,S,F,claudia13@adventure-works.com,"$20,000 ",0,Partial High School,Manual,N
13691,MRS.,ARIANA,BAILEY,10/22/1972,S,F,ariana14@adventure-works.com,"$40,000 ",2,Partial College,Clerical,Y
13692,MR.,CURTIS,LI,10/21/1972,M,M,curtis3@adventure-works.com,"$40,000 ",2,Partial College,Clerical,N
13693,MR.,DOMINIC,GONZALEZ,2/6/1971,S,M,dominic19@adventure-works.com,"$20,000 ",0,Partial High School,Manual,N
13694,MS.,SAVANNAH,GRAY,12/14/1971,S,F,savannah4@adventure-works.com,"$30,000 ",0,High School,Manual,Y
13695,MR.,CHRISTIAN,CLARK,4/23/1971,S,M,christian38@adventure-works.com,"$30,000 ",0,High School,Manual,N
13696,MRS.,KATHERINE,EDWARDS,11/15/1971,S,F,katherine50@adventure-works.com,"$40,000 ",2,Partial College,Clerical,Y
13697,MR.,JÉSUS,MUNOZ,6/24/1971,S,M,jésus6@adventure-works.com,"$40,000 ",2,Partial College,Clerical,Y
13698,MRS.,CATHERINE,SANCHEZ,10/2/1970,S,F,catherine21@adventure-works.com,"$40,000 ",2,Partial College,Clerical,Y
13699,MRS.,RACHEL,ALEXANDER,1/22/1975,S,F,rachel67@adventure-works.com,"$40,000 ",3,Partial College,Clerical,Y
13700,MR.,EVAN,HOWARD,3/3/1975,S,M,evan12@adventure-works.com,"$40,000 ",3,Partial College,Clerical,Y
13701,MRS.,HALEY,SCOTT,11/23/1974,S,F,haley51@adventure-works.com,"$40,000 ",3,Partial College,Clerical,Y
13702,MRS.,JESSIE,SUAREZ,6/16/1974,S,F,jessie38@adventure-works.com,"$40,000 ",3,Partial College,Clerical,Y
13703,MS.,MACKENZIE,SANDERS,6/4/1974,S,F,mackenzie2@adventure-works.com,"$30,000 ",0,Graduate Degree,Skilled Manual,Y
13704,MS.,VICTORIA,DAVIS,9/10/1974,S,F,victoria6@adventure-works.com,"$30,000 ",0,Graduate Degree,Skilled Manual,Y
13705,MR.,BLAKE,MITCHELL,8/12/1974,S,M,blake38@adventure-works.com,"$30,000 ",0,Graduate Degree,Skilled Manual,Y
13706,MRS.,KAITLYN,PETERSON,6/16/1975,S,F,kaitlyn61@adventure-works.com,"$40,000 ",3,Partial College,Clerical,Y
13707,MR.,AUSTIN,SMITH,11/19/1975,M,M,austin39@adventure-works.com,"$40,000 ",4,Partial College,Clerical,N
13708,MS.,JENNIFER,BENNETT,4/3/1966,S,F,jennifer76@adventure-works.com,"$60,000 ",0,Graduate Degree,Skilled Manual,N
13709,MR.,ZACHARY,ROBINSON,8/14/1966,S,M,zachary49@adventure-works.com,"$60,000 ",0,Graduate Degree,Skilled Manual,N
13710,MS.,DESTINY,HARRIS,7/14/1966,S,F,destiny13@adventure-works.com,"$60,000 ",0,Graduate Degree,Skilled Manual,Y
13711,MR.,THOMAS,MITCHELL,8/1/1966,S,M,thomas48@adventure-works.com,"$60,000 ",0,Graduate Degree,Skilled Manual,N
13712,MS.,NANCY,MARTINEZ,7/2/1966,S,F,nancy21@adventure-works.com,"$60,000 ",0,Graduate Degree,Skilled Manual,Y
13713,MR.,ALEXANDER,WALKER,2/6/1966,S,M,alexander10@adventure-works.com,"$60,000 ",0,Graduate Degree,Skilled Manual,N
13714,MRS.,AMANDA,WARD,7/18/1953,M,F,amanda12@adventure-works.com,"$20,000 ",2,High School,Manual,N
13715,MR.,EDUARDO,SANCHEZ,6/25/1953,M,M,eduardo84@adventure-works.com,"$30,000 ",1,Bachelors,Skilled Manual,Y
13716,MR.,BRANDON,JAI,6/13/1953,M,M,brandon28@adventure-works.com,"$30,000 ",1,Bachelors,Skilled Manual,Y
13717,MRS.,AUDREY,GILL,7/13/1953,M,F,audrey15@adventure-works.com,"$30,000 ",1,Bachelors,Skilled Manual,Y
13718,MR.,MARCUS,BARNES,8/24/1953,M,M,marcus52@adventure-works.com,"$30,000 ",1,Bachelors,Skilled Manual,Y
13719,MR.,ISAAC,CARTER,11/27/1954,M,M,isaac32@adventure-works.com,"$20,000 ",2,Partial High School,Manual,N
13720,MR.,CAMERON,JOHNSON,9/19/1954,M,M,cameron43@adventure-works.com,"$20,000 ",3,Partial High School,Manual,N
13721,MR.,LUCAS,HOWARD,4/12/1954,S,M,lucas83@adventure-works.com,"$20,000 ",3,Partial High School,Clerical,Y
13722,MR.,LUKE,CAMPBELL,12/24/1954,M,M,luke38@adventure-works.com,"$30,000 ",1,High School,Manual,Y
13724,MR.,CHARLES,THOMPSON,2/11/1954,M,M,charles19@adventure-works.com,"$40,000 ",1,Partial College,Clerical,Y
13725,MR.,NATHAN,HENDERSON,10/8/1954,M,M,nathan1@adventure-works.com,"$40,000 ",1,Partial College,Clerical,Y
13726,MR.,AUSTIN,LEWIS,7/4/1954,M,M,austin36@adventure-works.com,"$40,000 ",1,Partial College,Clerical,Y
13727,MRS.,PAULA,RUBIO,4/8/1955,M,F,paula22@adventure-works.com,"$40,000 ",1,Partial College,Clerical,Y
13728,MRS.,TAYLOR,STEWART,8/26/1955,M,F,taylor1@adventure-works.com,"$40,000 ",1,Partial College,Clerical,Y
13729,MR.,JASON,LI,10/10/1955,M,M,jason24@adventure-works.com,"$40,000 ",1,Partial College,Clerical,Y
13730,MR.,WALTER,SUAREZ,12/25/1955,M,M,walter12@adventure-works.com,"$40,000 ",1,Partial College,Clerical,Y
13731,MRS.,JAN,JAMES,4/18/1955,S,F,jan6@adventure-works.com,"$80,000 ",5,Graduate Degree,Skilled Manual,Y
13732,MRS.,JULIAN,ISLA,4/8/1955,S,F,julian0@adventure-works.com,"$80,000 ",5,Graduate Degree,Skilled Manual,Y
13733,MRS.,SYDNEY,COLLINS,9/21/1956,M,F,sydney46@adventure-works.com,"$40,000 ",1,Partial College,Clerical,Y
13734,MRS.,KRISTI,GONZALEZ,7/9/1956,M,F,kristi36@adventure-works.com,"$40,000 ",1,Partial College,Clerical,Y
13735,MR.,DENNIS,GUO,5/7/1956,M,M,dennis19@adventure-works.com,"$40,000 ",1,Partial College,Clerical,Y
13736,MR.,COLE,RIVERA,1/24/1956,M,M,cole17@adventure-works.com,"$40,000 ",1,Partial College,Clerical,Y
13737,MR.,GARRETT,SANDERS,11/24/1956,M,M,garrett7@adventure-works.com,"$40,000 ",1,Partial College,Clerical,Y
13738,MR.,JOSE,YOUNG,3/25/1956,M,M,jose53@adventure-works.com,"$40,000 ",1,Partial College,Clerical,Y
13739,MR.,JASON,COLEMAN,8/15/1956,M,M,jason3@adventure-works.com,"$40,000 ",1,Partial College,Clerical,Y
13740,MRS.,JADA,RAMIREZ,10/7/1957,M,F,jada3@adventure-works.com,"$40,000 ",1,Partial College,Clerical,Y
13741,MRS.,HALEY,MORGAN,10/19/1957,M,F,haley4@adventure-works.com,"$40,000 ",1,Partial College,Clerical,Y
13742,MR.,BENJAMIN,ROSS,10/20/1957,M,M,benjamin5@adventure-works.com,"$40,000 ",1,Partial College,Clerical,Y
13743,MRS.,ISABELLA,ANDERSON,10/22/1957,M,F,isabella65@adventure-works.com,"$40,000 ",1,Partial College,Clerical,Y
13744,MR.,ALVIN,ANDERSEN,10/12/1957,M,M,alvin35@adventure-works.com,"$40,000 ",1,Partial College,Clerical,Y
13745,MR.,ANDREW,ROBINSON,1/28/1957,M,M,andrew25@adventure-works.com,"$40,000 ",1,Partial College,Clerical,Y
13746,MRS.,JANELLE,MADAN,2/24/1957,M,F,janelle7@adventure-works.com,"$40,000 ",1,Partial College,Clerical,Y
13747,MR.,BRIAN,TORRES,10/11/1957,M,M,brian16@adventure-works.com,"$40,000 ",1,Partial College,Clerical,Y
13748,MR.,JOSÉ,MARTINEZ,4/10/1958,M,M,josé79@adventure-works.com,"$80,000 ",4,Graduate Degree,Skilled Manual,Y
13749,MR.,JULIO,ALONSO,9/22/1958,M,M,julio8@adventure-works.com,"$80,000 ",4,Graduate Degree,Skilled Manual,Y
13750,MR.,RAYMOND,SAI,6/3/1958,M,M,raymond7@adventure-works.com,"$80,000 ",4,Graduate Degree,Skilled Manual,N
13751,MRS.,ALLISON,RIVERA,9/19/1958,S,F,allison16@adventure-works.com,"$80,000 ",4,Graduate Degree,Skilled Manual,Y
13752,MRS.,ISABELLA,PARKER,3/12/1958,S,F,isabella38@adventure-works.com,"$80,000 ",4,Graduate Degree,Skilled Manual,Y
13753,MRS.,REBECCA,NICHOLLS,3/2/1958,S,F,rebecca12@adventure-works.com,"$80,000 ",4,Graduate Degree,Skilled Manual,Y
13755,MR.,LUKE,ROBERTS,1/19/1959,S,M,luke35@adventure-works.com,"$60,000 ",4,Graduate Degree,Skilled Manual,Y
13756,MRS.,KAYLEE,YOUNG,6/1/1959,S,F,kaylee40@adventure-works.com,"$60,000 ",4,Graduate Degree,Skilled Manual,Y
13757,MRS.,JORDYN,GRIFFIN,7/6/1959,S,F,jordyn19@adventure-works.com,"$60,000 ",4,Graduate Degree,Skilled Manual,N
13758,MRS.,ALEXANDRIA,BELL,5/22/1959,S,F,alexandria36@adventure-works.com,"$60,000 ",4,Graduate Degree,Skilled Manual,Y
13759,MR.,JACKSON,SCOTT,7/17/1959,M,M,jackson44@adventure-works.com,"$60,000 ",4,Graduate Degree,Skilled Manual,Y
13760,MR.,BRIAN,COOPER,6/24/1959,M,M,brian20@adventure-works.com,"$60,000 ",4,Graduate Degree,Skilled Manual,N
13761,MR.,LOGAN,POWELL,9/2/1959,M,M,logan11@adventure-works.com,"$60,000 ",4,Graduate Degree,Skilled Manual,N
13762,MR.,GAVIN,LONG,2/21/1959,M,M,gavin9@adventure-works.com,"$60,000 ",4,Graduate Degree,Skilled Manual,Y
13763,MRS.,STEPHANIE,RICHARDSON,10/11/1959,S,F,stephanie15@adventure-works.com,"$60,000 ",4,Graduate Degree,Skilled Manual,Y
13764,MRS.,STEPHANIE,PARKER,6/17/1968,M,F,stephanie55@adventure-works.com,"$20,000 ",1,Partial College,Manual,Y
13765,MR.,JAIME,SHEN,8/11/1968,M,M,jaime26@adventure-works.com,"$30,000 ",1,Bachelors,Clerical,Y
13766,MR.,JOE,GILL,2/4/1968,M,M,joe37@adventure-works.com,"$30,000 ",1,Bachelors,Clerical,Y
13767,MRS.,LINDA,JIMENEZ,11/16/1968,S,F,linda20@adventure-works.com,"$30,000 ",1,Bachelors,Clerical,N
13768,MR.,ROSS,MUNOZ,4/20/1968,M,M,ross27@adventure-works.com,"$40,000 ",0,Graduate Degree,Clerical,Y
13769,MR.,BRENDAN,KUMAR,9/2/1968,M,M,brendan6@adventure-works.com,"$40,000 ",0,Graduate Degree,Clerical,Y
13770,MR.,GERALD,MORENO,7/26/1968,M,M,gerald14@adventure-works.com,"$40,000 ",0,Graduate Degree,Clerical,Y
13771,MR.,VICTOR,MORENO,12/24/1968,S,M,victor8@adventure-works.com,"$40,000 ",0,Graduate Degree,Clerical,Y
13772,MS.,MICHELE,PEREZ,10/24/1968,M,F,michele34@adventure-works.com,"$40,000 ",0,Bachelors,Clerical,Y
13773,MRS.,DANA,BLANCO,4/22/1967,M,F,dana8@adventure-works.com,"$10,000 ",3,Partial High School,Manual,N
13774,MR.,STEVE,GUO,7/11/1967,S,M,steve20@adventure-works.com,"$10,000 ",3,Partial High School,Manual,Y
13775,MRS.,PATRICIA,SUBRAM,3/16/1967,S,F,patricia16@adventure-works.com,"$10,000 ",4,Partial High School,Manual,Y
13776,MR.,MIGUEL,CARTER,2/13/1926,M,M,miguel36@adventure-works.com,"$30,000 ",1,Bachelors,Clerical,Y
13777,MR.,MANUEL,PEREZ,11/13/1967,M,M,manuel19@adventure-works.com,"$30,000 ",1,Bachelors,Clerical,Y
13778,MR.,ROGER,HUANG,11/12/1967,M,M,roger10@adventure-works.com,"$30,000 ",1,Bachelors,Clerical,Y
13779,MR.,MANUEL,GARCIA,11/10/1966,S,M,manuel13@adventure-works.com,"$10,000 ",4,Partial High School,Manual,Y
13780,MRS.,MONICA,PEREZ,7/20/1966,M,F,monica20@adventure-works.com,"$20,000 ",1,High School,Manual,Y
13781,MS.,DOMINIQUE,PATEL,3/25/1967,M,F,dominique3@adventure-works.com,"$40,000 ",0,Bachelors,Clerical,Y
13782,MS.,KELLI,LU,7/21/1967,M,F,kelli12@adventure-works.com,"$40,000 ",0,Bachelors,Clerical,Y
13783,MR.,LOGAN,WRIGHT,6/2/1967,M,M,logan47@adventure-works.com,"$40,000 ",0,Bachelors,Clerical,Y
13784,MR.,SPENCER,GRIFFIN,1/2/1966,S,M,spencer23@adventure-works.com,"$20,000 ",2,High School,Manual,Y
13785,MR.,CLAYTON,SHE,2/25/1966,S,M,clayton20@adventure-works.com,"$30,000 ",1,Bachelors,Clerical,N
13786,MR.,JON,CHAVEZ,10/5/1966,S,M,jon11@adventure-works.com,"$30,000 ",1,Bachelors,Clerical,N
13787,MR.,GLENN,CAI,7/14/1966,M,M,glenn22@adventure-works.com,"$30,000 ",1,Bachelors,Clerical,Y
13788,MRS.,KARI,FERNANDEZ,5/15/1966,M,F,kari16@adventure-works.com,"$30,000 ",1,Bachelors,Clerical,Y
13789,MRS.,JULIE,SHAN,5/20/1965,S,F,julie15@adventure-works.com,"$10,000 ",4,Partial High School,Manual,Y
13790,,NINA,DENG,6/19/1965,S,NA,nina1@adventure-works.com,"$20,000 ",2,High School,Manual,Y
13791,MRS.,AUDREY,MARTIN,10/26/1965,S,F,audrey1@adventure-works.com,"$20,000 ",2,High School,Manual,Y
13792,MR.,CHARLES,TAYLOR,4/14/1965,S,M,charles12@adventure-works.com,"$20,000 ",2,High School,Manual,Y
13793,MR.,JASON,GONZALES,10/19/1965,M,M,jason14@adventure-works.com,"$30,000 ",1,Bachelors,Skilled Manual,Y
13794,MRS.,MALLORY,MARTIN,8/26/1964,S,F,mallory8@adventure-works.com,"$20,000 ",2,High School,Manual,Y
13795,MR.,CARL,RAJE,2/2/1964,S,M,carl13@adventure-works.com,"$20,000 ",3,High School,Manual,Y
13796,MRS.,MARTHA,ZHENG,9/4/1963,M,F,martha19@adventure-works.com,"$10,000 ",3,Partial High School,Manual,N
13797,MR.,FRANKLIN,GAO,6/7/1963,M,M,franklin14@adventure-works.com,"$20,000 ",3,High School,Manual,N
13798,MRS.,TAMMY,RANDALL,3/19/1963,S,F,tammy12@adventure-works.com,"$20,000 ",3,High School,Manual,Y
13799,MR.,BRYAN,BAILEY,8/20/1966,S,M,bryan16@adventure-works.com,"$30,000 ",2,Partial College,Manual,Y
13800,MR.,LOGAN,LI,8/2/1963,M,M,logan26@adventure-works.com,"$30,000 ",2,Partial College,Manual,N
13801,MRS.,COLLEEN,ANDERSEN,11/10/1963,S,F,colleen36@adventure-works.com,"$30,000 ",2,Partial College,Clerical,Y
13802,MRS.,TINA,SUBRAM,4/27/1934,M,F,tina14@adventure-works.com,"$20,000 ",2,Partial College,Clerical,Y
13803,MRS.,KRYSTAL,ZHENG,8/3/1934,M,F,krystal19@adventure-works.com,"$40,000 ",1,Graduate Degree,Skilled Manual,Y
13804,MRS.,DAWN,LUO,1/13/1965,M,F,dawn29@adventure-works.com,"$40,000 ",1,Bachelors,Skilled Manual,Y
13805,MR.,GABRIEL,HERNANDEZ,6/4/1965,M,M,gabriel49@adventure-works.com,"$40,000 ",1,Bachelors,Skilled Manual,Y
13806,MR.,BRYANT,MEHTA,6/5/1964,M,M,bryant13@adventure-works.com,"$30,000 ",2,Partial College,Clerical,N
13807,MR.,FREDERICK,RANA,10/12/1964,S,M,frederick10@adventure-works.com,"$30,000 ",2,Partial College,Clerical,Y
13808,MR.,RICHARD,PEREZ,11/3/1964,S,M,richard31@adventure-works.com,"$30,000 ",2,Partial College,Clerical,Y
13809,MRS.,LISA,ZHOU,1/5/1964,M,F,lisa12@adventure-works.com,"$40,000 ",1,Bachelors,Skilled Manual,Y
13810,MRS.,VANESSA,BARNES,4/8/1964,M,F,vanessa3@adventure-works.com,"$40,000 ",1,Bachelors,Skilled Manual,Y
13811,MRS.,SANDRA,CHEN,4/18/1963,S,F,sandra8@adventure-works.com,"$30,000 ",2,Partial College,Clerical,Y
13812,MRS.,JOANNA,MUNOZ,5/26/1963,S,F,joanna6@adventure-works.com,"$30,000 ",2,Partial College,Clerical,Y
13813,MRS.,KRISTEN,SUN,11/23/1963,M,F,kristen12@adventure-works.com,"$30,000 ",3,Partial College,Clerical,N
13814,MRS.,SARAH,WALKER,3/8/1979,S,F,sarah0@adventure-works.com,"$30,000 ",3,Partial College,Clerical,Y
13815,MRS.,LACEY,LIN,11/2/1979,S,F,lacey20@adventure-works.com,"$30,000 ",3,Partial College,Clerical,Y
13816,MRS.,MARISSA,HENDERSON,9/16/1979,S,F,marissa3@adventure-works.com,"$30,000 ",3,Partial College,Clerical,Y
13817,MRS.,JENNY,HUANG,10/6/1978,S,F,jenny8@adventure-works.com,"$20,000 ",5,High School,Manual,Y
13818,MS.,DAWN,CHANDER,8/20/1978,S,F,dawn40@adventure-works.com,"$20,000 ",0,High School,Manual,Y
13819,MR.,MAX,GILL,4/1/1978,S,M,max13@adventure-works.com,"$20,000 ",0,High School,Manual,N
13820,MR.,DANNY,ALVAREZ,10/8/1963,M,M,danny5@adventure-works.com,"$40,000 ",1,Bachelors,Skilled Manual,Y
13821,MR.,ALLEN,LOPEZ,5/15/1963,M,M,allen15@adventure-works.com,"$40,000 ",1,Bachelors,Skilled Manual,Y
13822,MR.,JAY,MOYER,6/8/1962,M,M,jay36@adventure-works.com,"$40,000 ",1,Bachelors,Skilled Manual,Y
13823,MRS.,MARGARET,ZHENG,5/6/1962,M,F,margaret26@adventure-works.com,"$40,000 ",1,Bachelors,Skilled Manual,Y
13824,MRS.,DESTINY,WOOD,8/6/1978,S,F,destiny50@adventure-works.com,"$30,000 ",4,Partial College,Clerical,Y
13825,MR.,KELVIN,MA,11/13/1977,S,M,kelvin34@adventure-works.com,"$30,000 ",5,Partial College,Clerical,Y
13826,MS.,CANDICE,HE,11/25/1977,S,F,candice2@adventure-works.com,"$30,000 ",0,Partial College,Clerical,N
13827,MR.,NATHAN,HARRIS,10/1/1977,M,M,nathan71@adventure-works.com,"$30,000 ",0,Partial College,Clerical,N
13828,MS.,JESSIE,TRAVERS,7/5/1977,S,F,jessie31@adventure-works.com,"$30,000 ",0,Partial College,Clerical,Y
13829,MR.,RANDALL,CARLSON,3/11/1977,S,M,randall20@adventure-works.com,"$30,000 ",0,Partial College,Clerical,N
13830,MS.,ANDREA,COX,8/3/1977,S,F,andrea11@adventure-works.com,"$30,000 ",0,Partial College,Clerical,N
13831,MR.,EDDIE,ALVAREZ,11/20/1975,S,M,eddie5@adventure-works.com,"$20,000 ",0,High School,Manual,Y
13832,MS.,PRISCILLA,RAJI,4/27/1976,S,F,priscilla20@adventure-works.com,"$20,000 ",0,High School,Manual,N
13833,MR.,NOAH,LEWIS,4/7/1976,S,M,noah68@adventure-works.com,"$20,000 ",0,High School,Manual,N
13834,MS.,NAOMI,SUAREZ,6/27/1976,S,F,naomi19@adventure-works.com,"$20,000 ",0,High School,Manual,N
13835,MS.,HAILEY,BROOKS,3/4/1976,S,F,hailey19@adventure-works.com,"$20,000 ",0,High School,Manual,N
13836,MR.,DOMINIC,SARA,4/7/1976,S,M,dominic10@adventure-works.com,"$30,000 ",0,Partial College,Clerical,N
13837,MS.,ALYSSA,LEE,8/13/1976,S,F,alyssa22@adventure-works.com,"$30,000 ",0,Partial College,Clerical,Y
13838,MS.,JILL,RUBIO,6/27/1976,S,F,jill29@adventure-works.com,"$30,000 ",0,Partial College,Clerical,N
13839,MR.,MANUEL,MADAN,3/8/1974,S,M,manuel6@adventure-works.com,"$10,000 ",0,Partial High School,Manual,N
13840,MR.,TOMMY,PAL,4/3/1974,M,M,tommy9@adventure-works.com,"$10,000 ",0,Partial High School,Manual,Y
13841,MR.,CLAYTON,KUMAR,1/4/1974,S,M,clayton26@adventure-works.com,"$20,000 ",0,Partial High School,Manual,N
13842,MR.,KENNETH,XIE,7/16/1974,S,M,kenneth3@adventure-works.com,"$20,000 ",0,Partial High School,Manual,N
13843,MR.,WARREN,XIE,6/22/1975,S,M,warren38@adventure-works.com,"$30,000 ",0,Partial College,Clerical,N
13844,MR.,PHILLIP,MEHTA,8/10/1975,S,M,phillip15@adventure-works.com,"$30,000 ",0,Partial College,Clerical,N
13845,MR.,SHAWN,NARA,10/26/1975,M,M,shawn18@adventure-works.com,"$40,000 ",1,Bachelors,Skilled Manual,Y
13846,MRS.,LISA,ZHENG,6/11/1975,M,F,lisa22@adventure-works.com,"$40,000 ",1,Bachelors,Skilled Manual,Y
13847,MR.,KURT,TANG,7/25/1975,M,M,kurt3@adventure-works.com,"$40,000 ",1,Bachelors,Skilled Manual,Y
13849,MR.,PRESTON,RODRIGUEZ,3/3/1972,S,M,preston17@adventure-works.com,"$40,000 ",4,Partial College,Clerical,Y
13850,MR.,ANTHONY,THOMPSON,8/16/1972,S,M,anthony1@adventure-works.com,"$40,000 ",0,Graduate Degree,Skilled Manual,N
13851,MR.,SETH,MOORE,7/8/1972,S,M,seth8@adventure-works.com,"$40,000 ",0,Graduate Degree,Skilled Manual,N
13852,MR.,IAN,ROBINSON,2/1/1973,S,M,ian16@adventure-works.com,"$50,000 ",0,Graduate Degree,Skilled Manual,Y
13853,MR.,CONNOR,ZHANG,10/18/1973,S,M,connor18@adventure-works.com,"$50,000 ",0,Graduate Degree,Skilled Manual,N
13854,MR.,KYLE,PARKER,11/9/1973,M,M,kyle29@adventure-works.com,"$50,000 ",1,Graduate Degree,Skilled Manual,Y
13855,MRS.,SARAH,WASHINGTON,8/6/1973,S,F,sarah38@adventure-works.com,"$50,000 ",1,Graduate Degree,Skilled Manual,Y
13856,MR.,IAN,SCOTT,3/24/1971,S,M,ian28@adventure-works.com,"$40,000 ",4,High School,Skilled Manual,Y
13857,MRS.,VICTORIA,THOMPSON,6/5/1971,M,F,victoria16@adventure-works.com,"$60,000 ",1,Graduate Degree,Skilled Manual,Y
13858,MRS.,MELANIE,RICHARDSON,3/18/1971,M,F,melanie35@adventure-works.com,"$60,000 ",1,Graduate Degree,Skilled Manual,Y
13859,MRS.,KRISTIN,DENG,3/3/1971,M,F,kristin3@adventure-works.com,"$60,000 ",1,Graduate Degree,Skilled Manual,Y
13860,MRS.,OLIVIA,WATSON,11/9/1972,M,F,olivia44@adventure-works.com,"$40,000 ",1,Graduate Degree,Skilled Manual,Y
13861,MRS.,HAILEY,ROGERS,9/11/1972,M,F,hailey2@adventure-works.com,"$60,000 ",1,Graduate Degree,Skilled Manual,Y
13862,MR.,ANDREW,WALKER,12/4/1972,M,M,andrew30@adventure-works.com,"$60,000 ",1,Graduate Degree,Skilled Manual,Y
13863,MR.,KEVIN,LONG,1/19/1972,M,M,kevin12@adventure-works.com,"$60,000 ",1,Graduate Degree,Skilled Manual,Y
13864,MRS.,ROBIN,TORRES,10/22/1972,M,F,robin8@adventure-works.com,"$60,000 ",1,Graduate Degree,Skilled Manual,Y
13865,MRS.,MARIAH,FOSTER,6/23/1972,M,F,mariah21@adventure-works.com,"$70,000 ",2,Graduate Degree,Professional,Y
13866,MRS.,MYA,BUTLER,8/16/1972,M,F,mya14@adventure-works.com,"$70,000 ",2,Graduate Degree,Professional,Y
13867,MR.,LUKE,GRIFFIN,9/26/1970,M,M,luke10@adventure-works.com,"$50,000 ",1,Bachelors,Skilled Manual,Y
13868,MRS.,SHELBY,MORRIS,7/13/1970,S,F,shelby18@adventure-works.com,"$60,000 ",1,Graduate Degree,Professional,Y
13869,MRS.,ANNA,MORGAN,2/9/1969,M,F,anna8@adventure-works.com,"$50,000 ",1,Bachelors,Skilled Manual,Y
13870,MR.,JONATHAN,CLARK,7/21/1969,M,M,jonathan73@adventure-works.com,"$50,000 ",2,Bachelors,Skilled Manual,Y
13871,MRS.,SARAH,GONZALES,10/2/1969,S,F,sarah41@adventure-works.com,"$50,000 ",2,Bachelors,Skilled Manual,Y
13872,MRS.,ALYSSA,HENDERSON,6/25/1969,M,F,alyssa51@adventure-works.com,"$60,000 ",1,Graduate Degree,Professional,Y
13873,MR.,RUSSELL,JAI,8/11/1971,M,M,russell14@adventure-works.com,"$70,000 ",3,Graduate Degree,Professional,Y
13874,MRS.,ALYSSA,BRYANT,11/26/1969,M,F,alyssa63@adventure-works.com,"$60,000 ",1,Graduate Degree,Professional,Y
13875,MRS.,SAMANTHA,WILLIAMS,11/20/1969,M,F,samantha3@adventure-works.com,"$60,000 ",1,Graduate Degree,Professional,Y
13876,MR.,SEBASTIAN,MURPHY,8/11/1969,M,M,sebastian15@adventure-works.com,"$60,000 ",1,Graduate Degree,Professional,Y
13877,MR.,ADAM,LAL,8/19/1968,M,M,adam25@adventure-works.com,"$60,000 ",2,Bachelors,Skilled Manual,Y
13878,MR.,SEBASTIAN,GRAY,7/4/1968,M,M,sebastian7@adventure-works.com,"$60,000 ",2,Bachelors,Skilled Manual,Y
13879,MR.,DERRICK,HERNANDEZ,9/8/1968,S,M,derrick4@adventure-works.com,"$60,000 ",2,Bachelors,Skilled Manual,N
13880,MR.,MARSHALL,KUMAR,3/15/1968,S,M,marshall29@adventure-works.com,"$60,000 ",2,Bachelors,Skilled Manual,Y
13881,MRS.,JASMINE,WOOD,5/7/1968,S,F,jasmine42@adventure-works.com,"$60,000 ",2,Bachelors,Skilled Manual,Y
13883,MR.,BRANDON,LAL,4/17/1967,S,M,brandon26@adventure-works.com,"$40,000 ",0,Bachelors,Professional,Y
13884,MS.,JADA,ROGERS,6/1/1967,S,F,jada11@adventure-works.com,"$40,000 ",0,Bachelors,Professional,N
13885,MR.,BRIAN,HOWARD,5/8/1970,S,M,brian23@adventure-works.com,"$70,000 ",3,Graduate Degree,Professional,Y
13887,MR.,NATHAN,SCOTT,10/12/1970,M,M,nathan43@adventure-works.com,"$80,000 ",2,Graduate Degree,Professional,Y
13888,MR.,IAN,BROWN,11/6/1967,S,M,ian5@adventure-works.com,"$70,000 ",2,Bachelors,Skilled Manual,Y
13889,MR.,ROBERT,MARTIN,8/10/1966,S,M,robert73@adventure-works.com,"$60,000 ",0,Graduate Degree,Professional,Y
13890,MS.,JENNIFER,CARTER,9/16/1966,S,F,jennifer12@adventure-works.com,"$60,000 ",0,Graduate Degree,Professional,Y
13891,MR.,AARON,SIMMONS,12/7/1966,M,M,aaron14@adventure-works.com,"$60,000 ",0,Graduate Degree,Professional,Y
13892,MR.,SPENCER,DIAZ,11/25/1966,S,M,spencer24@adventure-works.com,"$60,000 ",0,Graduate Degree,Professional,Y
13893,MR.,DALTON,CARTER,8/14/1966,M,M,dalton35@adventure-works.com,"$70,000 ",4,Graduate Degree,Professional,Y
13894,MRS.,ROBYN,RUIZ,2/25/1969,M,F,robyn1@adventure-works.com,"$70,000 ",5,Graduate Degree,Professional,Y
13895,MRS.,ISABELLA,BROOKS,12/25/1969,S,F,isabella8@adventure-works.com,"$70,000 ",5,Graduate Degree,Professional,Y
13896,MRS.,HAILEY,MITCHELL,10/10/1969,S,F,hailey52@adventure-works.com,"$70,000 ",5,Graduate Degree,Professional,Y
13897,MR.,CAROL,WASHINGTON,11/24/1969,M,M,carol19@adventure-works.com,"$70,000 ",5,Graduate Degree,Professional,Y
13898,MR.,RICHARD,BAKER,10/11/1969,S,M,richard27@adventure-works.com,"$70,000 ",5,Graduate Degree,Professional,Y
13899,MR.,CAMERON,JONES,8/17/1969,M,M,cameron44@adventure-works.com,"$70,000 ",5,Graduate Degree,Professional,Y
13900,MR.,ISAAC,CAMPBELL,4/13/1969,M,M,isaac29@adventure-works.com,"$70,000 ",5,Graduate Degree,Professional,N
13901,MR.,OSCAR,FOSTER,10/21/1969,M,M,oscar2@adventure-works.com,"$70,000 ",5,Graduate Degree,Professional,N
13902,MR.,JEREMIAH,SIMMONS,3/18/1969,M,M,jeremiah33@adventure-works.com,"$70,000 ",5,Graduate Degree,Professional,Y
13903,MR.,ELIJAH,HERNANDEZ,11/27/1969,S,M,elijah45@adventure-works.com,"$80,000 ",2,Graduate Degree,Professional,Y
13904,MRS.,NATALIE,THOMPSON,3/9/1969,M,F,natalie83@adventure-works.com,"$80,000 ",2,Graduate Degree,Professional,Y
13905,MR.,CHRISTIAN,HENDERSON,3/7/1969,M,M,christian19@adventure-works.com,"$80,000 ",3,Graduate Degree,Professional,Y
13906,MS.,COURTNEY,EVANS,6/25/1965,S,F,courtney0@adventure-works.com,"$40,000 ",0,Bachelors,Professional,N
13907,MRS.,MISTY,XIE,2/22/1965,S,F,misty4@adventure-works.com,"$80,000 ",3,Bachelors,Skilled Manual,Y
13908,MRS.,ALYSSA,DIAZ,7/20/1965,S,F,alyssa66@adventure-works.com,"$80,000 ",3,Bachelors,Skilled Manual,N
13909,MRS.,RILEY,PRICE,1/21/1965,S,F,riley0@adventure-works.com,"$80,000 ",3,Bachelors,Skilled Manual,Y
13910,MRS.,ISABELLE,BUTLER,3/9/1965,S,F,isabelle13@adventure-works.com,"$80,000 ",3,Bachelors,Skilled Manual,Y
13911,MRS.,ANDREA,KELLY,5/26/1965,S,F,andrea3@adventure-works.com,"$80,000 ",3,Bachelors,Skilled Manual,Y
13912,MRS.,CAROLINE,SIMMONS,3/20/1965,S,F,caroline16@adventure-works.com,"$80,000 ",3,Bachelors,Skilled Manual,Y
13913,MRS.,ANGELA,ROGERS,9/18/1965,S,F,angela45@adventure-works.com,"$80,000 ",4,Bachelors,Skilled Manual,Y
13914,MS.,ABIGAIL,BELL,10/23/1964,M,F,abigail9@adventure-works.com,"$40,000 ",0,Bachelors,Professional,N
13915,MRS.,ALLISON,KING,10/21/1964,S,F,allison42@adventure-works.com,"$50,000 ",4,Bachelors,Skilled Manual,Y
13916,MR.,EDUARDO,WARD,11/28/1964,S,M,eduardo71@adventure-works.com,"$50,000 ",4,Bachelors,Skilled Manual,N
13917,MR.,SAMUEL,ALLEN,2/17/1964,S,M,samuel52@adventure-works.com,"$50,000 ",4,Bachelors,Skilled Manual,N
13918,MR.,ARMANDO,BLANCO,7/5/1964,S,M,armando16@adventure-works.com,"$50,000 ",4,Bachelors,Skilled Manual,Y
13919,MRS.,GRACE,SMITH,4/23/1924,M,F,grace24@adventure-works.com,"$70,000 ",1,Bachelors,Skilled Manual,Y
13920,MRS.,AMANDA,ROGERS,3/21/1964,S,F,amanda2@adventure-works.com,"$50,000 ",4,Bachelors,Skilled Manual,Y
13921,MR.,JOSEPH,JONES,5/11/1963,M,M,joseph9@adventure-works.com,"$60,000 ",4,Bachelors,Professional,Y
13922,MR.,JACKSON,FOSTER,5/7/1963,M,M,jackson18@adventure-works.com,"$60,000 ",4,Bachelors,Professional,Y
13923,MR.,STEVEN,HOWARD,3/25/1968,S,M,steven21@adventure-works.com,"$60,000 ",0,Bachelors,Professional,N
13924,MS.,HANNAH,HALL,3/13/1968,S,F,hannah22@adventure-works.com,"$60,000 ",0,Bachelors,Professional,Y
13925,MR.,WYATT,BARNES,10/12/1963,S,M,wyatt54@adventure-works.com,"$60,000 ",0,Bachelors,Professional,Y
13926,MR.,DALTON,HILL,7/24/1963,S,M,dalton28@adventure-works.com,"$60,000 ",0,Bachelors,Professional,N
13927,MR.,GABRIEL,GONZALES,12/8/1963,S,M,gabriel14@adventure-works.com,"$60,000 ",0,Bachelors,Professional,N
13928,MR.,NATHANIEL,MORRIS,7/22/1963,M,M,nathaniel20@adventure-works.com,"$60,000 ",3,Graduate Degree,Professional,Y
13929,MR.,ROBERT,HAYES,3/6/1962,S,M,robert34@adventure-works.com,"$40,000 ",3,High School,Skilled Manual,Y
13930,MRS.,SAMANTHA,COLEMAN,2/18/1962,M,F,samantha31@adventure-works.com,"$70,000 ",1,Partial College,Skilled Manual,Y
13931,MR.,LUKE,HERNANDEZ,7/5/1962,M,M,luke47@adventure-works.com,"$70,000 ",1,Partial College,Skilled Manual,Y
13932,MR.,TIMOTHY,SANCHEZ,12/13/1961,M,M,timothy19@adventure-works.com,"$40,000 ",4,High School,Skilled Manual,Y
13933,MRS.,ISABELLA,RICHARDSON,6/12/1961,M,F,isabella91@adventure-works.com,"$60,000 ",1,Partial College,Skilled Manual,Y
13934,MR.,LUIS,YOUNG,4/19/1960,M,M,luis49@adventure-works.com,"$40,000 ",4,High School,Skilled Manual,Y
13935,MRS.,KIMBERLY,SANCHEZ,12/24/1960,M,F,kimberly25@adventure-works.com,"$40,000 ",4,High School,Skilled Manual,Y
13936,MR.,NATHAN,WILSON,7/12/1967,M,M,nathan65@adventure-works.com,"$70,000 ",0,Partial College,Skilled Manual,N
13937,MS.,VICTORIA,WARE,9/24/1967,S,F,victoria39@adventure-works.com,"$70,000 ",0,Partial College,Skilled Manual,Y
13938,MR.,ALEJANDRO,CAI,8/7/1967,M,M,alejandro24@adventure-works.com,"$60,000 ",0,Graduate Degree,Professional,N
13939,MR.,EDUARDO,RAMIREZ,3/20/1967,S,M,eduardo75@adventure-works.com,"$60,000 ",0,Graduate Degree,Professional,N
13940,MS.,EMMA,SIMMONS,8/17/1967,S,F,emma61@adventure-works.com,"$60,000 ",0,Graduate Degree,Professional,N
13941,MRS.,BRITTANY,HAYES,11/28/1960,M,F,brittany21@adventure-works.com,"$60,000 ",1,Partial College,Skilled Manual,Y
13942,MR.,SETH,LONG,4/8/1960,M,M,seth57@adventure-works.com,"$60,000 ",1,Partial College,Skilled Manual,Y
13943,MRS.,KELLY,BRYANT,10/3/1960,M,F,kelly22@adventure-works.com,"$60,000 ",1,Partial College,Skilled Manual,Y
13944,MR.,ANDREW,MOORE,8/1/1960,M,M,andrew17@adventure-works.com,"$60,000 ",1,Partial College,Skilled Manual,Y
13945,MRS.,YOLANDA,LUO,8/14/1960,M,F,yolanda5@adventure-works.com,"$60,000 ",1,Partial College,Skilled Manual,Y
13946,MR.,JASON,POWELL,7/26/1959,M,M,jason6@adventure-works.com,"$60,000 ",4,Bachelors,Professional,Y
13947,MRS.,MEGAN,HUGHES,11/15/1959,M,F,megan60@adventure-works.com,"$70,000 ",1,Graduate Degree,Professional,Y
13948,MRS.,SUSAN,MA,3/1/1959,S,F,susan26@adventure-works.com,"$80,000 ",2,Graduate Degree,Professional,Y
13949,MR.,DWAYNE,RAMOS,9/13/1959,M,M,dwayne16@adventure-works.com,"$80,000 ",2,Graduate Degree,Professional,Y
13950,MRS.,MEREDITH,HERNANDEZ,3/19/1958,M,F,meredith26@adventure-works.com,"$70,000 ",5,Graduate Degree,Professional,Y
13951,MR.,DYLAN,HUGHES,10/6/1929,S,M,dylan10@adventure-works.com,"$60,000 ",1,Graduate Degree,Management,Y
13952,MR.,FRANKLIN,YE,7/9/1969,M,M,franklin9@adventure-works.com,"$90,000 ",1,Graduate Degree,Management,Y
13953,MRS.,THERESA,MUNOZ,3/21/1969,M,F,theresa4@adventure-works.com,"$100,000 ",1,Graduate Degree,Management,Y
13954,MR.,EDDIE,RAMOS,3/23/1968,M,M,eddie17@adventure-works.com,"$60,000 ",2,Bachelors,Professional,Y
13955,MR.,ANDRES,RAJI,2/8/1970,M,M,andres17@adventure-works.com,"$90,000 ",2,Bachelors,Professional,Y
13956,MRS.,DAWN,MA,10/12/1968,S,F,dawn18@adventure-works.com,"$70,000 ",5,Bachelors,Professional,Y
13957,MRS.,MEREDITH,MUNOZ,11/28/1967,S,F,meredith30@adventure-works.com,"$60,000 ",2,Bachelors,Professional,Y
13958,MRS.,DIANE,MARTIN,10/15/1967,M,F,diane6@adventure-works.com,"$70,000 ",5,Bachelors,Professional,Y
13959,MRS.,EBONY,CARLSON,5/23/1969,M,F,ebony39@adventure-works.com,"$120,000 ",1,Graduate Degree,Management,Y
13960,MRS.,LACEY,KUMAR,7/5/1967,S,F,lacey42@adventure-works.com,"$70,000 ",5,Bachelors,Professional,Y
13961,MRS.,SHAWNA,RAJI,5/8/1966,M,F,shawna20@adventure-works.com,"$80,000 ",5,Graduate Degree,Management,Y
13962,MRS.,DAWN,LI,5/9/1966,M,F,dawn4@adventure-works.com,"$80,000 ",5,Graduate Degree,Management,Y
13963,MRS.,VERONICA,PATEL,11/28/1966,M,F,veronica3@adventure-works.com,"$80,000 ",5,Graduate Degree,Management,Y
13964,MS.,JASMINE,LEWIS,2/18/1966,S,F,jasmine18@adventure-works.com,"$90,000 ",0,Bachelors,Professional,N
13965,MR.,BARRY,SARA,2/26/1966,M,M,barry11@adventure-works.com,"$90,000 ",0,Bachelors,Professional,Y
13966,MR.,DARREN,DOMINGUEZ,4/4/1966,M,M,darren35@adventure-works.com,"$90,000 ",0,Bachelors,Professional,Y
13967,MR.,GLENN,ZHANG,1/23/1965,S,M,glenn1@adventure-works.com,"$60,000 ",3,Bachelors,Professional,Y
13968,MRS.,LYDIA,SAI,4/25/1965,S,F,lydia5@adventure-works.com,"$60,000 ",3,Bachelors,Professional,N
13969,MR.,ROY,MARTINEZ,2/11/1968,S,M,roy18@adventure-works.com,"$70,000 ",0,Bachelors,Professional,N
13970,MR.,PEDRO,RANA,4/17/1968,S,M,pedro11@adventure-works.com,"$70,000 ",0,Bachelors,Professional,N
13971,MS.,BIANCA,ZHAO,6/7/1968,S,F,bianca8@adventure-works.com,"$70,000 ",0,Bachelors,Professional,Y
13972,MR.,EUGENE,LIANG,4/2/1965,S,M,eugene21@adventure-works.com,"$70,000 ",0,Bachelors,Professional,N
13973,MRS.,BETHANY,SHAN,6/2/1964,S,F,bethany13@adventure-works.com,"$60,000 ",3,Bachelors,Professional,Y
13974,MRS.,TINA,CHANDRA,9/25/1964,M,F,tina4@adventure-works.com,"$60,000 ",4,Bachelors,Professional,Y
13975,MR.,JOHNNY,RAJE,3/27/1964,S,M,johnny15@adventure-works.com,"$60,000 ",4,Bachelors,Professional,Y
13976,MR.,EMMANUEL,SMITH,5/16/1968,M,M,emmanuel8@adventure-works.com,"$100,000 ",2,Bachelors,Management,Y
13977,MRS.,ALEXANDRA,BROWN,1/19/1968,M,F,alexandra67@adventure-works.com,"$100,000 ",2,Bachelors,Management,Y
13978,MRS.,ZOE,PETERSON,5/11/1968,M,F,zoe4@adventure-works.com,"$100,000 ",3,Bachelors,Management,Y
13979,MS.,CHLOE,JENKINS,4/3/1979,S,F,chloe73@adventure-works.com,"$40,000 ",0,High School,Skilled Manual,N
13980,MS.,MARGARET,LIU,9/18/1979,S,F,margaret11@adventure-works.com,"$30,000 ",0,Partial College,Skilled Manual,Y
13981,MRS.,JOY,CARLSON,6/12/1944,M,F,joy17@adventure-works.com,"$10,000 ",5,High School,Skilled Manual,N
13982,MR.,CLARENCE,CHANDER,3/21/1944,M,M,clarence30@adventure-works.com,"$20,000 ",3,High School,Skilled Manual,Y
13983,MR.,LOGAN,COLLINS,6/5/1944,M,M,logan29@adventure-works.com,"$20,000 ",4,High School,Skilled Manual,Y
13984,MR.,ADRIAN,RICHARDSON,3/8/1979,S,M,adrian11@adventure-works.com,"$60,000 ",0,Partial College,Skilled Manual,N
13985,MS.,ALEXIS,WOOD,4/24/1979,M,F,alexis24@adventure-works.com,"$60,000 ",0,Partial College,Skilled Manual,N
13986,MS.,CHLOE,ANDERSON,10/25/1979,M,F,chloe43@adventure-works.com,"$60,000 ",0,Partial College,Skilled Manual,Y
13987,MR.,EDUARDO,COLLINS,11/5/1978,S,M,eduardo43@adventure-works.com,"$40,000 ",0,High School,Skilled Manual,N
13988,MR.,MIGUEL,WHITE,11/10/1978,S,M,miguel12@adventure-works.com,"$40,000 ",0,Partial High School,Clerical,Y
13989,MS.,CHLOE,BRADLEY,1/17/1978,S,F,chloe69@adventure-works.com,"$40,000 ",0,Partial College,Skilled Manual,Y
13990,MS.,STEPHANIE,WOOD,3/26/1978,S,F,stephanie29@adventure-works.com,"$40,000 ",0,Partial College,Skilled Manual,N
13991,MR.,JACK,HAYES,3/8/1978,M,M,jack23@adventure-works.com,"$40,000 ",0,Partial College,Skilled Manual,Y
13992,MR.,GREGORY,XIE,6/6/1978,S,M,gregory7@adventure-works.com,"$60,000 ",0,Partial College,Skilled Manual,N
13993,MR.,ZACHARY,PATTERSON,8/24/1978,M,M,zachary9@adventure-works.com,"$60,000 ",0,Partial College,Skilled Manual,Y
13994,MR.,ISAAC,COOK,7/17/1946,M,M,isaac21@adventure-works.com,"$30,000 ",2,Partial College,Clerical,N
13995,MRS.,MICHELE,BLACK,6/10/1947,M,F,michele21@adventure-works.com,"$20,000 ",4,High School,Skilled Manual,N
13996,MRS.,MARIE,PEREZ,9/8/1947,M,F,marie23@adventure-works.com,"$20,000 ",4,High School,Skilled Manual,Y
13997,MRS.,RAQUEL,HERNANDEZ,5/24/1947,M,F,raquel2@adventure-works.com,"$30,000 ",2,Partial College,Clerical,N
13998,MR.,ETHAN,MARTIN,10/23/1948,M,M,ethan48@adventure-works.com,"$10,000 ",2,Partial High School,Clerical,Y
13999,MR.,ELIJAH,GONZALES,8/17/1978,M,M,elijah19@adventure-works.com,"$70,000 ",0,Partial College,Skilled Manual,Y
14000,MR.,TERRY,SHARMA,4/26/1977,S,M,terry13@adventure-works.com,"$40,000 ",0,Partial High School,Clerical,N
14001,MR.,HUNTER,HILL,7/26/1977,S,M,hunter39@adventure-works.com,"$40,000 ",0,Partial High School,Clerical,N
14002,MS.,JACQUELINE,REED,10/27/1977,S,F,jacqueline45@adventure-works.com,"$30,000 ",0,Partial College,Skilled Manual,Y
14003,MR.,ANGEL,RAMIREZ,10/5/1977,S,M,angel6@adventure-works.com,"$30,000 ",0,Partial College,Skilled Manual,N
14004,MS.,CAITLIN,KELLY,4/13/1977,M,F,caitlin2@adventure-works.com,"$60,000 ",0,Partial College,Skilled Manual,Y
14005,MR.,NOAH,HUGHES,5/13/1977,M,M,noah8@adventure-works.com,"$70,000 ",0,Partial College,Skilled Manual,N
14006,MS.,BRIANNA,WALKER,9/27/1977,M,F,brianna22@adventure-works.com,"$70,000 ",0,Partial College,Skilled Manual,Y
14007,MRS.,REBEKAH,GARCIA,8/26/1949,M,F,rebekah14@adventure-works.com,"$10,000 ",2,Partial High School,Clerical,Y
14008,MRS.,KAREN,LIU,7/14/1949,M,F,karen13@adventure-works.com,"$10,000 ",2,Partial High School,Clerical,Y
14009,MRS.,BRANDY,PRASAD,9/5/1949,M,F,brandy5@adventure-works.com,"$20,000 ",2,Partial High School,Clerical,Y
14010,MR.,THOMAS,MOORE,8/5/1950,M,M,thomas69@adventure-works.com,"$30,000 ",3,Partial College,Clerical,N
14011,MR.,ROGER,SHEN,11/8/1950,S,M,roger29@adventure-works.com,"$30,000 ",3,Partial College,Clerical,Y
14012,MR.,EDDIE,VAZQUEZ,2/12/1950,M,M,eddie15@adventure-works.com,"$40,000 ",2,Bachelors,Management,Y
14013,MR.,JIMMY,BLANCO,8/11/1951,M,M,jimmy19@adventure-works.com,"$30,000 ",3,High School,Skilled Manual,Y
14014,MRS.,LESLIE,SERRANO,9/27/1951,M,F,leslie17@adventure-works.com,"$30,000 ",3,High School,Skilled Manual,N
14015,MR.,KURT,LAL,4/19/1951,M,M,kurt8@adventure-works.com,"$30,000 ",3,High School,Skilled Manual,Y
14016,MR.,MARY,SANDIDGE,1/14/1951,M,M,mary9@adventure-works.com,"$30,000 ",3,High School,Skilled Manual,N
14017,MS.,CHLOE,RODRIGUEZ,11/22/1980,S,F,chloe30@adventure-works.com,"$60,000 ",0,Partial College,Skilled Manual,N
14018,MRS.,NINA,RAI,1/2/1952,M,F,nina17@adventure-works.com,"$30,000 ",3,High School,Skilled Manual,Y
14019,MRS.,KATHLEEN,ROMERO,7/21/1952,M,F,kathleen11@adventure-works.com,"$30,000 ",3,High School,Skilled Manual,Y
14020,MRS.,KRISTINE,DOMINGUEZ,6/20/1954,S,F,kristine13@adventure-works.com,"$80,000 ",2,Partial College,Skilled Manual,N
14021,MS.,MICHELLE,RICHARDSON,11/2/1975,S,F,michelle10@adventure-works.com,"$30,000 ",0,Partial College,Skilled Manual,Y
14022,MS.,TAYLOR,LEE,6/5/1975,S,F,taylor68@adventure-works.com,"$30,000 ",0,High School,Skilled Manual,Y
14023,MS.,BETH,CARLSON,10/15/1975,S,F,beth20@adventure-works.com,"$30,000 ",0,High School,Skilled Manual,Y
14024,MS.,HANNAH,MOORE,12/23/1975,S,F,hannah8@adventure-works.com,"$60,000 ",0,Partial College,Skilled Manual,N
14025,MR.,ROBERT,ALEXANDER,3/18/1974,M,M,robert30@adventure-works.com,"$30,000 ",0,High School,Skilled Manual,Y
14026,MS.,CHLOE,BUTLER,5/1/1974,S,F,chloe81@adventure-works.com,"$30,000 ",0,High School,Skilled Manual,Y
14027,MR.,CARLOS,PEREZ,5/13/1973,M,M,carlos30@adventure-works.com,"$70,000 ",0,Partial College,Professional,N
14028,MS.,PATRICIA,SRINI,7/12/1973,S,F,patricia12@adventure-works.com,"$70,000 ",0,Partial College,Professional,N
14029,MS.,CHRISTINA,MORRIS,8/22/1976,M,F,christina17@adventure-works.com,"$60,000 ",0,Partial College,Professional,Y
14030,MR.,LAWRENCE,SANZ,10/21/1955,S,M,lawrence19@adventure-works.com,"$80,000 ",2,High School,Skilled Manual,N
14031,MR.,RUBEN,SUAREZ,2/17/1955,M,M,ruben42@adventure-works.com,"$80,000 ",2,High School,Skilled Manual,Y
14032,MR.,ARTHUR,CHANDRA,1/7/1956,M,M,arthur4@adventure-works.com,"$70,000 ",2,High School,Skilled Manual,N
14033,MRS.,MELINDA,TORRES,2/19/1957,S,F,melinda7@adventure-works.com,"$80,000 ",2,High School,Professional,N
14034,MR.,DENNIS,LIANG,4/8/1958,S,M,dennis18@adventure-works.com,"$130,000 ",0,Graduate Degree,Management,N
14035,MR.,HUNTER,HUGHES,8/2/1973,S,M,hunter8@adventure-works.com,"$80,000 ",0,Bachelors,Management,Y
14036,MS.,AMANDA,TORRES,6/27/1974,M,F,amanda13@adventure-works.com,"$60,000 ",0,Partial College,Professional,Y
14037,MS.,LYDIA,SARA,4/22/1974,M,F,lydia9@adventure-works.com,"$60,000 ",0,Partial College,Professional,Y
14038,MS.,MADISON,FOSTER,11/22/1959,M,F,madison28@adventure-works.com,"$130,000 ",0,Graduate Degree,Management,Y
14039,MR.,NATHAN,WANG,9/19/1959,S,M,nathan21@adventure-works.com,"$160,000 ",0,Graduate Degree,Management,N
14040,MRS.,STEPHANIE,MORRIS,5/12/1957,S,F,stephanie5@adventure-works.com,"$80,000 ",2,Partial High School,Skilled Manual,N
14041,MRS.,DANIELLE,BELL,4/3/1957,S,F,danielle16@adventure-works.com,"$80,000 ",2,Partial High School,Skilled Manual,Y
14042,MRS.,STEPHANIE,ADAMS,1/1/1957,M,F,stephanie60@adventure-works.com,"$60,000 ",2,High School,Professional,N
14043,MRS.,MARY,GONZALEZ,2/28/1957,S,F,mary21@adventure-works.com,"$60,000 ",2,High School,Professional,Y
14044,MR.,THOMAS,WRIGHT,7/14/1957,M,M,thomas56@adventure-works.com,"$70,000 ",2,Partial College,Professional,Y
14045,MRS.,TANYA,RAMOS,4/5/1967,M,F,tanya14@adventure-works.com,"$80,000 ",5,Bachelors,Professional,Y
14046,MRS.,CHERYL,SANZ,6/4/1967,M,F,cheryl23@adventure-works.com,"$90,000 ",4,Bachelors,Professional,Y
14047,MRS.,LINDA,ALVAREZ,10/15/1962,S,F,linda19@adventure-works.com,"$70,000 ",1,Partial College,Skilled Manual,N
14048,MR.,WYATT,MITCHELL,4/3/1962,M,M,wyatt40@adventure-works.com,"$60,000 ",1,Bachelors,Professional,Y
14049,MRS.,GINA,HERNANDEZ,9/7/1962,M,F,gina4@adventure-works.com,"$60,000 ",1,Bachelors,Professional,Y
14050,MR.,MANUEL,LOPEZ,5/16/1966,S,M,manuel15@adventure-works.com,"$100,000 ",0,Graduate Degree,Management,N
14051,MR.,NATHANIEL,RIVERA,4/14/1966,S,M,nathaniel18@adventure-works.com,"$100,000 ",0,Bachelors,Professional,Y
14052,MR.,JORGE,MA,6/26/1966,S,M,jorge18@adventure-works.com,"$110,000 ",0,Graduate Degree,Management,Y
14053,MS.,TAMARA,HUANG,9/17/1966,S,F,tamara36@adventure-works.com,"$110,000 ",0,Graduate Degree,Management,N
14054,MR.,REGINALD,MARTIN,4/10/1960,M,M,reginald8@adventure-works.com,"$60,000 ",1,Partial College,Skilled Manual,Y
14055,MR.,ALEJANDRO,KUMAR,7/3/1960,M,M,alejandro34@adventure-works.com,"$60,000 ",1,Partial College,Skilled Manual,Y
14056,MR.,NELSON,SANZ,4/27/1960,M,M,nelson19@adventure-works.com,"$60,000 ",1,Partial College,Skilled Manual,Y
14057,MR.,LANCE,ALONSO,11/24/1959,M,M,lance8@adventure-works.com,"$90,000 ",1,Bachelors,Professional,Y
14058,MR.,JOHNNY,ANAND,6/14/1965,S,M,johnny23@adventure-works.com,"$70,000 ",0,Bachelors,Professional,N
14059,MR.,RODNEY,RAMOS,12/22/1965,M,M,rodney13@adventure-works.com,"$80,000 ",5,Bachelors,Professional,Y
14060,MR.,CEDRIC,SHARMA,11/27/1965,M,M,cedric30@adventure-works.com,"$80,000 ",5,Bachelors,Professional,Y
14061,MRS.,NAOMI,TORRES,7/2/1965,M,F,naomi12@adventure-works.com,"$80,000 ",5,Bachelors,Professional,Y
14062,MS.,MADISON,CLARK,7/18/1964,S,F,madison20@adventure-works.com,"$70,000 ",0,Bachelors,Professional,Y
14063,MS.,PATRICK,SANDS,8/8/1964,S,F,patrick4@adventure-works.com,"$70,000 ",0,Bachelors,Professional,N
14064,MS.,STACEY,LI,6/9/1964,S,F,stacey3@adventure-works.com,"$70,000 ",0,Bachelors,Professional,N
14065,MR.,SAMUEL,DIAZ,7/27/1963,S,M,samuel21@adventure-works.com,"$70,000 ",0,Bachelors,Professional,Y
14066,MRS.,MELODY,JIMENEZ,11/23/1962,S,F,melody6@adventure-works.com,"$60,000 ",1,Partial College,Skilled Manual,Y
14067,MR.,LARRY,SANZ,4/20/1962,S,M,larry22@adventure-works.com,"$70,000 ",5,Bachelors,Professional,Y
14068,MR.,BRENT,MCDONALD,6/4/1962,M,M,brent16@adventure-works.com,"$70,000 ",5,Bachelors,Professional,Y
14069,MRS.,JOY,SERRANO,2/21/1962,M,F,joy15@adventure-works.com,"$70,000 ",5,Bachelors,Professional,Y
14070,MR.,RICKY,ALONSO,11/10/1958,S,M,ricky8@adventure-works.com,"$90,000 ",2,Bachelors,Professional,Y
14071,MR.,JACK,LI,11/27/1958,S,M,jack27@adventure-works.com,"$90,000 ",2,Bachelors,Management,N
14072,MR.,ALLEN,SMITH,3/24/1957,M,M,allen7@adventure-works.com,"$80,000 ",1,Partial College,Skilled Manual,Y
14073,MR.,GABRIEL,ALEXANDER,4/27/1935,M,M,gabriel16@adventure-works.com,"$30,000 ",2,Partial College,Clerical,N
14074,MRS.,BARBARA,XU,6/7/1949,M,F,barbara36@adventure-works.com,"$10,000 ",2,High School,Skilled Manual,Y
14075,MR.,ROBERT,HARRIS,11/20/1976,S,M,robert72@adventure-works.com,"$30,000 ",0,High School,Skilled Manual,Y
14076,MR.,JUSTIN,ROSS,2/27/1976,M,M,justin0@adventure-works.com,"$30,000 ",0,High School,Skilled Manual,Y
14077,MR.,BRYAN,TOWNSEND,4/13/1976,S,M,bryan7@adventure-works.com,"$30,000 ",0,High School,Skilled Manual,Y
14078,MR.,RYAN,ALEXANDER,11/23/1975,M,M,ryan22@adventure-works.com,"$40,000 ",0,High School,Skilled Manual,Y
14079,MS.,LAUREN,PRICE,3/14/1976,S,F,lauren47@adventure-works.com,"$40,000 ",0,High School,Skilled Manual,N
14080,MS.,CYNTHIA,SRINI,5/19/1976,S,F,cynthia13@adventure-works.com,"$40,000 ",0,High School,Skilled Manual,Y
14081,MS.,NICOLE,BUTLER,4/6/1980,M,F,nicole63@adventure-works.com,"$30,000 ",0,High School,Skilled Manual,Y
14082,MR.,JOHNNY,JAI,5/6/1980,S,M,johnny12@adventure-works.com,"$30,000 ",0,High School,Skilled Manual,N
14083,MR.,NATHAN,LOPEZ,11/3/1980,M,M,nathan49@adventure-works.com,"$30,000 ",0,High School,Skilled Manual,Y
14084,MR.,ROBERT,LAL,5/6/1980,S,M,robert41@adventure-works.com,"$30,000 ",0,High School,Skilled Manual,N
14085,MR.,NATHAN,GARCIA,3/2/1980,M,M,nathan74@adventure-works.com,"$30,000 ",0,High School,Skilled Manual,N
14086,MR.,MAURICE,CHANDER,2/20/1946,M,M,maurice16@adventure-works.com,"$10,000 ",5,High School,Skilled Manual,N
14087,MR.,HAROLD,GARCIA,5/5/1937,S,M,harold12@adventure-works.com,"$40,000 ",2,Bachelors,Management,Y
14088,MS.,ALEXANDRA,LOPEZ,5/25/1978,S,F,alexandra62@adventure-works.com,"$30,000 ",0,Partial High School,Clerical,Y
14089,MS.,KAITLYN,GRAY,10/9/1978,S,F,kaitlyn62@adventure-works.com,"$40,000 ",0,High School,Skilled Manual,N
14090,MS.,JENNIFER,LEWIS,10/16/1977,M,F,jennifer48@adventure-works.com,"$30,000 ",0,Partial High School,Clerical,N
14092,MR.,MAURICE,NATH,11/24/1977,S,M,maurice19@adventure-works.com,"$30,000 ",0,Partial High School,Clerical,Y
14093,MS.,JILLIAN,ARTHUR,4/19/1977,S,F,jillian7@adventure-works.com,"$30,000 ",0,Partial High School,Clerical,Y
14094,MS.,AMANDA,RUSSELL,5/10/1977,S,F,amanda41@adventure-works.com,"$40,000 ",0,High School,Skilled Manual,N
14095,MS.,PAIGE,GRIFFIN,9/10/1976,M,F,paige20@adventure-works.com,"$40,000 ",0,High School,Skilled Manual,Y
14096,MR.,SAMUEL,GREEN,8/20/1979,S,M,samuel45@adventure-works.com,"$30,000 ",0,Partial High School,Clerical,N
14097,MR.,JOHNATHAN,SRINI,9/26/1979,M,M,johnathan10@adventure-works.com,"$40,000 ",0,High School,Skilled Manual,Y
14098,MS.,ALLISON,LOPEZ,4/24/1979,M,F,allison44@adventure-works.com,"$40,000 ",0,High School,Skilled Manual,Y
14099,MR.,RAFAEL,LIN,11/24/1939,M,M,rafael8@adventure-works.com,"$40,000 ",2,Bachelors,Management,Y
14100,MRS.,ALISHA,XU,5/19/1941,M,F,alisha29@adventure-works.com,"$40,000 ",2,Bachelors,Management,Y
14101,MR.,FRANKLIN,LAL,9/11/1942,M,M,franklin26@adventure-works.com,"$40,000 ",2,Bachelors,Management,Y
14102,MRS.,LISA,HUANG,2/27/1942,S,F,lisa9@adventure-works.com,"$60,000 ",2,Graduate Degree,Management,Y
14103,MRS.,MONIQUE,BLANCO,10/6/1943,S,F,monique12@adventure-works.com,"$40,000 ",2,Bachelors,Management,Y
14105,MR.,JACKSON,ZHANG,12/4/1976,S,M,jackson25@adventure-works.com,"$40,000 ",0,Partial College,Skilled Manual,N
14106,MS.,MELISSA,HUGHES,1/13/1976,S,F,melissa6@adventure-works.com,"$40,000 ",0,Partial College,Skilled Manual,N
14107,MS.,ALEXANDRA,GARCIA,7/24/1975,S,F,alexandra80@adventure-works.com,"$40,000 ",0,High School,Skilled Manual,Y
14108,MR.,THOMAS,YANG,4/7/1975,S,M,thomas30@adventure-works.com,"$40,000 ",0,High School,Skilled Manual,Y
14109,MR.,AIDAN,GONZALES,8/23/1974,M,M,aidan18@adventure-works.com,"$30,000 ",0,Partial College,Skilled Manual,N
14110,MR.,DAKOTA,SIMMONS,6/11/1973,S,M,dakota12@adventure-works.com,"$60,000 ",0,Partial College,Skilled Manual,N
14111,MR.,MICHAEL,ANDERSON,11/22/1972,S,M,michael42@adventure-works.com,"$70,000 ",0,Partial College,Skilled Manual,N
14112,MR.,CHARLES,SANCHEZ,11/6/1972,S,M,charles65@adventure-works.com,"$70,000 ",0,Partial College,Skilled Manual,N
14113,MS.,NATALIE,LOPEZ,4/22/1972,S,F,natalie64@adventure-works.com,"$70,000 ",0,Partial College,Skilled Manual,N
14114,MS.,CHLOE,MARTIN,1/7/1972,M,F,chloe25@adventure-works.com,"$70,000 ",0,Partial College,Skilled Manual,N
14115,MS.,SAMANTHA,GONZALES,6/4/1972,S,F,samantha39@adventure-works.com,"$80,000 ",0,Bachelors,Management,N
14116,MS.,BRIANNA,TORRES,2/18/1968,S,F,brianna40@adventure-works.com,"$80,000 ",0,Bachelors,Management,N
14117,MS.,EMMA,COOK,10/23/1968,S,F,emma29@adventure-works.com,"$80,000 ",0,Bachelors,Management,N
14118,MRS.,ELIZABETH,ROSS,7/14/1967,S,F,elizabeth33@adventure-works.com,"$100,000 ",1,Bachelors,Management,Y
14119,MS.,PAIGE,COOPER,6/11/1967,S,F,paige32@adventure-works.com,"$110,000 ",0,Graduate Degree,Management,Y
14120,MS.,GABRIELLE,COOPER,6/17/1967,M,F,gabrielle9@adventure-works.com,"$120,000 ",0,Bachelors,Management,Y
14121,MR.,DEVON,GOEL,7/13/1967,S,M,devon16@adventure-works.com,"$130,000 ",0,Graduate Degree,Management,N
14122,MRS.,KAITLYN,MILLER,2/13/1942,M,F,kaitlyn28@adventure-works.com,"$80,000 ",5,Bachelors,Management,Y
14123,MR.,ERICK,MEHTA,12/11/1979,M,M,erick13@adventure-works.com,"$10,000 ",0,Partial College,Manual,Y
14124,MR.,JUSTIN,LI,9/11/1980,M,M,justin23@adventure-works.com,"$10,000 ",0,Partial College,Manual,N
14125,MR.,SHANE,GONZALEZ,5/19/1978,S,M,shane21@adventure-works.com,"$10,000 ",0,Partial College,Manual,Y
14126,MR.,ANDY,DOMINGUEZ,10/13/1978,M,M,andy17@adventure-works.com,"$10,000 ",0,Partial College,Manual,N
14127,MS.,LACEY,ZHANG,2/8/1976,M,F,lacey12@adventure-works.com,"$10,000 ",0,High School,Manual,Y
14128,MR.,IAN,HARRIS,1/20/1979,S,M,ian13@adventure-works.com,"$10,000 ",1,High School,Manual,N
14129,MS.,MONICA,MARTINEZ,10/18/1979,M,F,monica17@adventure-works.com,"$20,000 ",0,Bachelors,Clerical,Y
14130,MS.,REBEKAH,SERRANO,3/14/1979,M,F,rebekah36@adventure-works.com,"$20,000 ",0,Bachelors,Clerical,N
14132,MR.,BRANDON,ROSS,1/20/1977,S,M,brandon1@adventure-works.com,"$10,000 ",1,High School,Manual,N
14133,MR.,RICARDO,KUMAR,11/16/1977,S,M,ricardo7@adventure-works.com,"$20,000 ",0,Bachelors,Clerical,Y
14134,MS.,CASSANDRA,FERNANDEZ,6/13/1977,S,F,cassandra17@adventure-works.com,"$20,000 ",0,Partial College,Manual,N
14135,MR.,CLAYTON,XIE,8/10/1943,M,M,clayton23@adventure-works.com,"$20,000 ",1,Partial College,Manual,Y
14136,MR.,LOUIS,SHE,4/5/1943,M,M,louis17@adventure-works.com,"$20,000 ",2,Partial College,Manual,Y
14137,MRS.,JOY,RUIZ,10/6/1943,M,F,joy3@adventure-works.com,"$20,000 ",2,Partial College,Manual,Y
14138,MR.,VINCENT,HE,10/16/1943,S,M,vincent18@adventure-works.com,"$20,000 ",2,Partial College,Manual,Y
14139,MRS.,MEREDITH,SAI,3/25/1961,M,F,meredith4@adventure-works.com,"$30,000 ",4,Graduate Degree,Clerical,Y
14140,MRS.,MEAGAN,SAI,7/8/1961,M,F,meagan6@adventure-works.com,"$30,000 ",4,Graduate Degree,Clerical,Y
14141,MRS.,ANA,BRYANT,6/11/1960,S,F,ana16@adventure-works.com,"$10,000 ",1,High School,Manual,N
14142,MR.,DAMIEN,ZHENG,9/13/1960,M,M,damien15@adventure-works.com,"$10,000 ",1,High School,Manual,Y
14143,MRS.,JILL,SANDOVAL,3/13/1960,S,F,jill28@adventure-works.com,"$20,000 ",1,Partial College,Manual,N
14144,MR.,LEE,GUTIERREZ,10/11/1959,M,M,lee9@adventure-works.com,"$10,000 ",1,High School,Manual,Y
14145,MR.,JESSIE,YE,2/15/1959,S,M,jessie14@adventure-works.com,"$10,000 ",1,High School,Manual,N
14146,MRS.,TONI,SARA,7/22/1959,M,F,toni10@adventure-works.com,"$20,000 ",2,Partial College,Manual,Y
14147,MR.,MARCUS,RIVERA,3/17/1958,M,M,marcus83@adventure-works.com,"$30,000 ",1,Graduate Degree,Clerical,Y
14148,MR.,SHAUN,SHARMA,3/12/1958,M,M,shaun10@adventure-works.com,"$30,000 ",1,Graduate Degree,Clerical,Y
14149,MR.,DONALD,SRINI,10/27/1960,M,M,donald10@adventure-works.com,"$30,000 ",3,Bachelors,Clerical,Y
14150,MR.,BILLY,MUNOZ,2/21/1959,M,M,billy9@adventure-works.com,"$30,000 ",3,Bachelors,Clerical,Y
14151,MRS.,MARIE,MARTIN,10/26/1970,S,F,marie24@adventure-works.com,"$10,000 ",2,High School,Manual,Y
14152,MR.,LUKE,TURNER,3/10/1970,S,M,luke36@adventure-works.com,"$20,000 ",0,Partial College,Manual,N
14153,MR.,DYLAN,LEWIS,11/14/1970,S,M,dylan51@adventure-works.com,"$20,000 ",0,Partial College,Manual,N
14154,MR.,WILLIE,GAO,10/9/1970,M,M,willie13@adventure-works.com,"$30,000 ",0,Bachelors,Clerical,Y
14155,MS.,OLIVIA,MORRIS,9/10/1970,M,F,olivia26@adventure-works.com,"$40,000 ",0,Graduate Degree,Clerical,Y
14156,MR.,PRESTON,GONZALEZ,5/18/1969,S,M,preston16@adventure-works.com,"$20,000 ",0,Partial College,Manual,N
14157,MR.,WILLIE,XU,4/14/1969,S,M,willie10@adventure-works.com,"$30,000 ",0,Bachelors,Clerical,Y
14158,MR.,CRAIG,MORENO,2/4/1969,S,M,craig7@adventure-works.com,"$40,000 ",0,Graduate Degree,Clerical,Y
14159,MR.,JAY,MALHOTRA,11/12/1969,S,M,jay11@adventure-works.com,"$40,000 ",0,Graduate Degree,Clerical,Y
14160,MS.,BRITTNEY,HU,7/5/1969,M,F,brittney19@adventure-works.com,"$40,000 ",0,Graduate Degree,Clerical,Y
14161,MS.,CLAUDIA,LI,2/2/1969,S,F,claudia2@adventure-works.com,"$40,000 ",0,Graduate Degree,Clerical,Y
14162,MR.,BRETT,GARCIA,11/18/1969,M,M,brett14@adventure-works.com,"$40,000 ",0,Graduate Degree,Clerical,Y
14163,MS.,EBONY,GARCIA,10/23/1969,M,F,ebony15@adventure-works.com,"$40,000 ",0,Graduate Degree,Clerical,Y
14165,MS.,NATALIE,GRAY,4/28/1969,S,F,natalie18@adventure-works.com,"$50,000 ",0,Graduate Degree,Skilled Manual,Y
14166,MRS.,ELIZABETH,JENKINS,10/11/1922,M,F,elizabeth36@adventure-works.com,"$10,000 ",3,Bachelors,Clerical,N
14167,MRS.,PAMELA,SUBRAM,4/2/1951,S,F,pamela16@adventure-works.com,"$10,000 ",3,Partial College,Manual,Y
14168,MR.,EDWIN,GUO,9/25/1951,M,M,edwin18@adventure-works.com,"$20,000 ",2,Partial College,Manual,Y
14169,MRS.,CARMEN,MARTINEZ,4/16/1968,S,F,carmen2@adventure-works.com,"$10,000 ",3,High School,Manual,Y
14170,MRS.,REBEKAH,MORENO,11/2/1968,S,F,rebekah26@adventure-works.com,"$10,000 ",3,High School,Manual,Y
14171,MRS.,MICHELE,LAL,9/5/1944,S,F,michele9@adventure-works.com,"$90,000 ",5,Partial College,Professional,N
14172,MRS.,CARLA,GARCIA,4/21/1944,S,F,carla17@adventure-works.com,"$130,000 ",3,Bachelors,Management,N
14173,MRS.,TONYA,SHAN,4/21/1945,M,F,tonya10@adventure-works.com,"$70,000 ",5,High School,Professional,Y
14174,MR.,ALBERTO,DIAZ,9/8/1945,M,M,alberto4@adventure-works.com,"$70,000 ",5,High School,Professional,Y
14175,MRS.,CYNTHIA,MEHTA,5/20/1945,M,F,cynthia19@adventure-works.com,"$110,000 ",3,Bachelors,Management,Y
14176,,MINDY,RAI,3/8/1946,M,NA,mindy22@adventure-works.com,"$80,000 ",5,Partial College,Professional,N
14177,MR.,KENNETH,NARA,5/22/1946,M,M,kenneth13@adventure-works.com,"$80,000 ",5,Partial College,Professional,N
14178,MRS.,KATIE,RAJE,9/15/1946,S,F,katie16@adventure-works.com,"$90,000 ",5,Partial College,Professional,N
14179,MRS.,CLAUDIA,XU,4/26/1946,S,F,claudia11@adventure-works.com,"$100,000 ",2,Bachelors,Management,Y
14180,MR.,HENRY,PATEL,5/5/1946,M,M,henry5@adventure-works.com,"$100,000 ",2,Bachelors,Management,Y
14181,MRS.,ADRIANA,CHANDRA,12/2/1946,M,F,adriana2@adventure-works.com,"$100,000 ",3,Bachelors,Management,Y
14182,MR.,STEVE,LIN,9/20/1954,M,M,steve11@adventure-works.com,"$110,000 ",3,Partial College,Professional,Y
14184,MR.,CALEB,JENKINS,10/27/1953,M,M,caleb3@adventure-works.com,"$170,000 ",0,Bachelors,Management,Y
14185,MR.,FRANK,VAZQUEZ,11/19/1952,S,M,frank22@adventure-works.com,"$80,000 ",4,Partial College,Professional,Y
14186,MRS.,KATRINA,TANG,6/26/1952,M,F,katrina3@adventure-works.com,"$80,000 ",4,Partial College,Professional,Y
14187,MR.,EUGENE,LU,9/24/1952,M,M,eugene15@adventure-works.com,"$100,000 ",3,Partial College,Professional,Y
14188,MRS.,MEAGAN,SANCHEZ,11/7/1951,M,F,meagan18@adventure-works.com,"$80,000 ",4,High School,Professional,Y
14189,MRS.,KRISTA,MARTIN,9/1/1951,M,F,krista0@adventure-works.com,"$90,000 ",4,High School,Professional,N
14190,MRS.,CANDACE,PATEL,5/23/1951,M,F,candace2@adventure-works.com,"$90,000 ",4,High School,Professional,Y
14191,MR.,DERRICK,MARTIN,1/15/1951,M,M,derrick0@adventure-works.com,"$160,000 ",4,Partial College,Professional,N
14192,MR.,RONALD,KAPOOR,8/23/1950,M,M,ronald3@adventure-works.com,"$90,000 ",4,High School,Management,Y
14194,MRS.,CASSIE,RAI,1/26/1950,M,F,cassie16@adventure-works.com,"$120,000 ",4,Partial College,Management,N
14198,MRS.,DAISY,ROMERO,11/12/1949,M,F,daisy5@adventure-works.com,"$110,000 ",4,High School,Management,Y
14199,MR.,SAMUEL,ANDERSON,7/2/1949,M,M,samuel66@adventure-works.com,"$130,000 ",4,High School,Management,Y
14200,MRS.,COLLEEN,GOEL,10/7/1948,M,F,colleen42@adventure-works.com,"$70,000 ",5,Partial High School,Skilled Manual,Y
14201,MRS.,MARIE,SERRANO,4/10/1948,M,F,marie40@adventure-works.com,"$80,000 ",5,High School,Management,Y
14202,MR.,CLAYTON,ZENG,7/19/1948,S,M,clayton19@adventure-works.com,"$90,000 ",4,Partial High School,Skilled Manual,Y
14203,MR.,SETH,RODRIGUEZ,5/14/1947,S,M,seth19@adventure-works.com,"$80,000 ",5,High School,Management,Y
14204,MRS.,CHELSEA,SARA,8/9/1947,M,F,chelsea11@adventure-works.com,"$80,000 ",5,Partial High School,Skilled Manual,N
14205,MR.,WESLEY,WU,4/23/1947,S,M,wesley7@adventure-works.com,"$90,000 ",5,Partial High School,Skilled Manual,Y
14206,MR.,EDWIN,WEST,7/6/1947,M,M,edwin1@adventure-works.com,"$100,000 ",4,Partial High School,Professional,N
14207,MR.,JOSÉ,SARAIVA,9/21/1947,M,M,josé5@adventure-works.com,"$110,000 ",4,Partial High School,Professional,Y
14208,MR.,EUGENE,XU,8/22/1947,S,M,eugene16@adventure-works.com,"$120,000 ",5,High School,Management,Y
14209,MR.,CRAIG,RAMOS,4/9/1975,M,M,craig16@adventure-works.com,"$60,000 ",0,Bachelors,Professional,Y
14210,MS.,JENNY,TANG,10/27/1976,M,F,jenny27@adventure-works.com,"$80,000 ",0,Bachelors,Professional,Y
14211,MS.,EMMA,BRADLEY,3/15/1975,S,F,emma31@adventure-works.com,"$70,000 ",0,Bachelors,Professional,N
14212,MR.,ERICK,MADAN,5/3/1975,S,M,erick7@adventure-works.com,"$80,000 ",0,Bachelors,Professional,N
14213,MS.,AUTUMN,GUO,11/11/1975,M,F,autumn17@adventure-works.com,"$80,000 ",0,Bachelors,Professional,Y
14214,MS.,ROBYN,MUNOZ,6/26/1975,S,F,robyn5@adventure-works.com,"$90,000 ",0,Bachelors,Professional,Y
14215,MS.,STACEY,YANG,6/5/1975,S,F,stacey5@adventure-works.com,"$90,000 ",0,Bachelors,Professional,N
14216,MR.,EDWIN,ZHENG,11/6/1974,S,M,edwin20@adventure-works.com,"$70,000 ",0,Bachelors,Professional,N
14217,MR.,TERRANCE,LOPEZ,4/25/1974,S,M,terrance14@adventure-works.com,"$80,000 ",0,Bachelors,Professional,N
14218,MR.,KARL,KUMAR,2/8/1974,S,M,karl8@adventure-works.com,"$90,000 ",0,Bachelors,Professional,N
14219,MS.,CHRISTY,YE,11/1/1974,S,F,christy9@adventure-works.com,"$90,000 ",0,Bachelors,Professional,N
14220,MS.,LATASHA,ROMERO,7/20/1974,M,F,latasha9@adventure-works.com,"$100,000 ",0,High School,Management,Y
14221,MR.,GLENN,ZHAO,4/5/1972,S,M,glenn11@adventure-works.com,"$80,000 ",0,Bachelors,Professional,N
14222,MS.,DAWN,ZHANG,7/27/1972,S,F,dawn1@adventure-works.com,"$80,000 ",0,Bachelors,Professional,Y
14223,MR.,LARRY,RUBIO,5/28/1972,M,M,larry23@adventure-works.com,"$80,000 ",0,Bachelors,Professional,N
14224,MS.,TAMARA,SHE,9/21/1973,S,F,tamara12@adventure-works.com,"$110,000 ",0,Partial College,Management,Y
14225,MS.,ALISHA,CHEN,5/27/1972,M,F,alisha2@adventure-works.com,"$90,000 ",0,Bachelors,Professional,N
14226,MS.,HEIDI,MEHTA,7/26/1972,S,F,heidi16@adventure-works.com,"$90,000 ",0,Bachelors,Professional,N
14227,MS.,ALISON,XU,10/21/1972,M,F,alison4@adventure-works.com,"$100,000 ",0,High School,Management,Y
14228,MR.,ARTURO,RAJE,8/21/1971,S,M,arturo39@adventure-works.com,"$80,000 ",0,Bachelors,Professional,Y
14229,MR.,ALLEN,PEREZ,7/6/1971,S,M,allen19@adventure-works.com,"$80,000 ",0,Bachelors,Professional,Y
14230,MR.,LUIS,COLEMAN,7/11/1971,S,M,luis4@adventure-works.com,"$90,000 ",0,Bachelors,Professional,N
14231,MS.,KARI,SAI,8/5/1972,M,F,kari7@adventure-works.com,"$120,000 ",0,Partial High School,Professional,Y
14232,MR.,OMAR,HUANG,3/18/1971,M,M,omar6@adventure-works.com,"$100,000 ",0,High School,Management,Y
14233,MR.,RICARDO,SHE,6/27/1971,S,M,ricardo0@adventure-works.com,"$100,000 ",0,High School,Management,Y
14234,MS.,GINA,ROMERO,6/17/1970,S,F,gina9@adventure-works.com,"$100,000 ",0,High School,Management,Y
14235,MR.,LARRY,ALVAREZ,5/21/1970,M,M,larry6@adventure-works.com,"$100,000 ",0,Partial High School,Professional,N
14236,MS.,ABIGAIL,RICHARDSON,11/26/1970,M,F,abigail14@adventure-works.com,"$110,000 ",0,High School,Management,Y
14237,MS.,KATE,ANDERSEN,4/11/1970,M,F,kate10@adventure-works.com,"$120,000 ",0,Partial High School,Professional,Y
14238,MR.,JAY,GONZALEZ,6/4/1970,M,M,jay25@adventure-works.com,"$120,000 ",0,Partial High School,Professional,Y
14239,MRS.,MARIA,PETERSON,6/19/1941,M,F,maria17@adventure-works.com,"$70,000 ",5,Bachelors,Management,Y
14240,MRS.,CAROLINE,FOSTER,6/18/1941,M,F,caroline17@adventure-works.com,"$80,000 ",4,Bachelors,Management,N
14241,MRS.,GRACE,WOOD,10/27/1941,M,F,grace49@adventure-works.com,"$110,000 ",2,Graduate Degree,Management,Y
14242,MR.,RAFAEL,YE,6/2/1942,M,M,rafael10@adventure-works.com,"$70,000 ",5,Bachelors,Management,Y
14243,MRS.,GREGORY,WINSTON,4/4/1942,S,F,gregory27@adventure-works.com,"$90,000 ",5,Bachelors,Management,Y
14244,MRS.,JENNIFER,GRIFFIN,3/11/1942,M,F,jennifer94@adventure-works.com,"$90,000 ",5,Bachelors,Management,Y
14245,MRS.,ANA,RUSSELL,11/2/1942,M,F,ana18@adventure-works.com,"$90,000 ",5,Bachelors,Management,Y
14246,MR.,DEVIN,GARCIA,3/7/1942,S,M,devin15@adventure-works.com,"$90,000 ",5,Bachelors,Management,Y
14247,MR.,HUNTER,ALLEN,2/27/1942,M,M,hunter57@adventure-works.com,"$90,000 ",5,Bachelors,Management,Y
14248,MRS.,MISTY,TANG,3/2/1942,M,F,misty5@adventure-works.com,"$100,000 ",2,Graduate Degree,Management,Y
14249,MR.,EDUARDO,THOMAS,1/9/1942,M,M,eduardo9@adventure-works.com,"$110,000 ",2,Graduate Degree,Management,Y
14250,MR.,ADAM,COLLINS,8/3/1942,S,M,adam32@adventure-works.com,"$130,000 ",2,Bachelors,Management,N
14251,MR.,ALEX,BROOKS,8/22/1942,M,M,alex4@adventure-works.com,"$170,000 ",2,Graduate Degree,Management,Y
14252,MRS.,DESTINY,COOK,6/4/1943,M,F,destiny28@adventure-works.com,"$100,000 ",2,Graduate Degree,Management,Y
14253,MR.,EDUARDO,SCOTT,10/20/1943,S,M,eduardo29@adventure-works.com,"$110,000 ",2,Bachelors,Management,Y
14254,MRS.,TABITHA,GILL,9/1/1943,M,F,tabitha34@adventure-works.com,"$110,000 ",2,Bachelors,Management,N
14255,MR.,JONATHAN,JACKSON,2/26/1943,S,M,jonathan65@adventure-works.com,"$110,000 ",2,Bachelors,Management,Y
14256,MRS.,ELIZABETH,ROBINSON,5/17/1943,S,F,elizabeth22@adventure-works.com,"$170,000 ",2,Graduate Degree,Management,N
14257,MR.,JAMES,CARTER,2/1/1943,M,M,james60@adventure-works.com,"$170,000 ",2,Graduate Degree,Management,Y
14258,MRS.,HALEY,FOSTER,7/18/1944,S,F,haley35@adventure-works.com,"$70,000 ",4,Bachelors,Management,Y
14259,MR.,ANTONIO,FLORES,3/3/1953,S,M,antonio12@adventure-works.com,"$40,000 ",3,Partial College,Skilled Manual,Y
14260,MR.,FRANK,RUIZ,12/10/1953,S,M,frank32@adventure-works.com,"$40,000 ",3,Partial College,Skilled Manual,Y
14262,MR.,JON,HE,11/11/1953,M,M,jon39@adventure-works.com,"$70,000 ",2,Graduate Degree,Management,Y
14263,MRS.,NINA,LAL,2/24/1954,S,F,nina9@adventure-works.com,"$80,000 ",2,Partial College,Skilled Manual,Y
14264,MR.,KARL,LAL,2/8/1954,S,M,karl9@adventure-works.com,"$80,000 ",2,Partial College,Skilled Manual,N
14265,MR.,GARRETT,BELL,3/17/1975,S,M,garrett18@adventure-works.com,"$30,000 ",0,Partial College,Skilled Manual,Y
14266,MR.,CORY,PATEL,5/27/1975,M,M,cory1@adventure-works.com,"$30,000 ",0,Partial College,Skilled Manual,Y
14267,MS.,LAUREN,WOOD,9/13/1975,S,F,lauren49@adventure-works.com,"$30,000 ",0,Partial College,Skilled Manual,N
14268,MS.,ISABELLA,ROBERTS,2/17/1975,S,F,isabella43@adventure-works.com,"$30,000 ",0,High School,Skilled Manual,Y
14269,MR.,TONY,SHE,11/19/1975,M,M,tony3@adventure-works.com,"$30,000 ",0,High School,Skilled Manual,Y
14270,MR.,JAMES,ROSS,1/25/1975,S,M,james19@adventure-works.com,"$60,000 ",0,Partial College,Skilled Manual,N
14271,MR.,LUCAS,WRIGHT,3/3/1974,M,M,lucas43@adventure-works.com,"$30,000 ",0,High School,Skilled Manual,Y
14272,MS.,SYDNEY,WARD,3/3/1974,S,F,sydney13@adventure-works.com,"$30,000 ",0,High School,Skilled Manual,N
14273,MR.,ANGEL,PARKER,5/5/1973,S,M,angel21@adventure-works.com,"$60,000 ",0,Partial College,Skilled Manual,N
14274,MR.,EDWARD,WILLIAMS,7/9/1976,M,M,edward24@adventure-works.com,"$60,000 ",0,Partial College,Professional,Y
14275,MR.,ARTHUR,PRASAD,2/2/1955,S,M,arthur11@adventure-works.com,"$80,000 ",2,High School,Skilled Manual,Y
14276,MRS.,MELODY,SUAREZ,7/10/1955,S,F,melody19@adventure-works.com,"$80,000 ",2,High School,Skilled Manual,Y
14277,MR.,JERRY,SHE,4/27/1956,S,M,jerry0@adventure-works.com,"$70,000 ",2,High School,Skilled Manual,N
14278,MS.,OLIVIA,SANCHEZ,7/21/1958,M,F,olivia25@adventure-works.com,"$130,000 ",0,Graduate Degree,Management,Y
14279,MS.,TAYLOR,BARNES,8/4/1958,M,F,taylor28@adventure-works.com,"$130,000 ",0,Graduate Degree,Management,Y
14281,MR.,DANIEL,WILSON,7/6/1973,S,M,daniel25@adventure-works.com,"$80,000 ",0,Bachelors,Management,N
14282,MS.,BRIANNA,LEWIS,3/23/1974,S,F,brianna20@adventure-works.com,"$30,000 ",0,High School,Professional,Y
14283,MR.,SETH,SIMMONS,10/8/1974,S,M,seth63@adventure-works.com,"$60,000 ",0,Partial College,Professional,N
14284,MR.,WYATT,ANDERSON,6/17/1974,S,M,wyatt10@adventure-works.com,"$60,000 ",0,Partial College,Professional,N
14285,MS.,TAYLOR,HUGHES,12/4/1974,S,F,taylor36@adventure-works.com,"$60,000 ",0,Partial College,Professional,N
14286,MRS.,KRISTINE,HERNANDEZ,4/12/1959,M,F,kristine5@adventure-works.com,"$120,000 ",1,Bachelors,Management,Y
14287,MR.,DEREK,XIE,8/27/1959,S,M,derek3@adventure-works.com,"$150,000 ",0,Graduate Degree,Management,Y
14288,MS.,CHRISTINA,RAMIREZ,3/9/1966,S,F,christina5@adventure-works.com,"$130,000 ",0,Graduate Degree,Management,N
14289,MS.,JESSICA,MARTINEZ,8/22/1966,S,F,jessica65@adventure-works.com,"$150,000 ",0,Bachelors,Management,N
14290,MR.,JONATHAN,WILSON,3/10/1957,S,M,jonathan57@adventure-works.com,"$70,000 ",2,Partial High School,Skilled Manual,Y
14291,MR.,TYLER,WHITE,8/20/1957,S,M,tyler1@adventure-works.com,"$70,000 ",2,Partial High School,Skilled Manual,N
14292,MRS.,ISABELLA,ROSS,9/28/1957,S,F,isabella15@adventure-works.com,"$70,000 ",2,Partial High School,Skilled Manual,Y
14293,MR.,KYLE,CAMPBELL,2/15/1957,M,M,kyle37@adventure-works.com,"$60,000 ",2,High School,Professional,N
14294,MR.,STEVEN,GRAY,11/22/1957,M,M,steven16@adventure-works.com,"$60,000 ",2,High School,Professional,N
14295,MRS.,HANNAH,THOMAS,7/14/1957,S,F,hannah10@adventure-works.com,"$60,000 ",2,High School,Professional,Y
14296,MR.,BENJAMIN,RUSSELL,5/17/1957,M,M,benjamin21@adventure-works.com,"$60,000 ",2,High School,Professional,N
14297,MRS.,KRISTIN,RAJI,1/12/1957,M,F,kristin18@adventure-works.com,"$70,000 ",3,Partial College,Professional,Y
14298,MRS.,KAITLYN,JENKINS,7/14/1957,M,F,kaitlyn74@adventure-works.com,"$70,000 ",3,Partial College,Professional,Y
14299,MR.,JERMAINE,CHANDRA,6/11/1967,M,M,jermaine1@adventure-works.com,"$90,000 ",2,Bachelors,Professional,N
14300,MR.,COLIN,HE,2/1/1967,S,M,colin19@adventure-works.com,"$90,000 ",4,Bachelors,Professional,Y
14301,MR.,RUBEN,VAZQUEZ,3/17/1962,M,M,ruben38@adventure-works.com,"$70,000 ",1,Partial College,Skilled Manual,Y
14302,MRS.,APRIL,BECK,7/15/1962,S,F,april16@adventure-works.com,"$70,000 ",1,Partial College,Skilled Manual,Y
14303,MRS.,BRIANA,RAMOS,6/20/1962,M,F,briana14@adventure-works.com,"$60,000 ",1,Bachelors,Professional,Y
14304,MRS.,JACQUELYN,JIMENEZ,2/15/1962,M,F,jacquelyn5@adventure-works.com,"$60,000 ",1,Bachelors,Professional,Y
14305,MR.,BRENDAN,SHEN,7/11/1962,M,M,brendan2@adventure-works.com,"$60,000 ",1,Bachelors,Professional,Y
14306,MR.,BYRON,RAMOS,5/8/1961,M,M,byron11@adventure-works.com,"$60,000 ",1,Partial College,Skilled Manual,Y
14307,MR.,ROSS,PEREZ,6/5/1961,M,M,ross20@adventure-works.com,"$60,000 ",1,Partial College,Skilled Manual,Y
14308,MS.,MARIE,RAMOS,8/27/1966,S,F,marie41@adventure-works.com,"$100,000 ",0,Bachelors,Professional,N
14309,MR.,ORLANDO,SANZ,5/9/1966,S,M,orlando20@adventure-works.com,"$110,000 ",0,Graduate Degree,Management,N
14310,MR.,JON,ZENG,7/22/1966,S,M,jon42@adventure-works.com,"$110,000 ",0,Graduate Degree,Management,N
14311,MR.,ERIK,ALVAREZ,4/14/1966,S,M,erik6@adventure-works.com,"$110,000 ",0,Graduate Degree,Management,N
14312,MRS.,CLAUDIA,LIN,10/26/1960,M,F,claudia6@adventure-works.com,"$60,000 ",1,Partial College,Skilled Manual,Y
14313,MR.,CHRISTIAN,SMITH,10/14/1960,M,M,christian30@adventure-works.com,"$60,000 ",1,Partial College,Skilled Manual,Y
14314,MRS.,KATHERINE,COOPER,1/16/1965,M,F,katherine12@adventure-works.com,"$80,000 ",5,Bachelors,Professional,Y
14315,MR.,CARL,CHANDER,7/4/1964,S,M,carl15@adventure-works.com,"$70,000 ",0,Bachelors,Professional,N
14316,MR.,LEONARD,ANAND,1/7/1962,M,M,leonard24@adventure-works.com,"$60,000 ",1,Partial College,Skilled Manual,Y
14317,MR.,STEVE,LIANG,8/22/1962,S,M,steve19@adventure-works.com,"$70,000 ",5,Bachelors,Professional,Y
14318,MR.,SETH,ROGERS,10/18/1962,M,M,seth90@adventure-works.com,"$70,000 ",5,Partial College,Skilled Manual,Y
14319,MRS.,RENEE,SANZ,12/25/1962,M,F,renee18@adventure-works.com,"$70,000 ",5,Partial College,Skilled Manual,Y
14320,MRS.,AMY,HU,2/4/1961,M,F,amy27@adventure-works.com,"$70,000 ",5,Partial College,Skilled Manual,Y
14321,MR.,JACKSON,EVANS,10/26/1958,M,M,jackson30@adventure-works.com,"$80,000 ",5,Bachelors,Professional,Y
14322,MRS.,SYDNEY,THOMAS,7/10/1958,S,F,sydney74@adventure-works.com,"$90,000 ",2,Bachelors,Management,Y
14323,MR.,COLIN,TANG,9/20/1957,S,M,colin27@adventure-works.com,"$70,000 ",1,Partial College,Skilled Manual,N
14324,MRS.,JESSIE,ALVAREZ,3/10/1957,S,F,jessie2@adventure-works.com,"$70,000 ",1,Partial College,Skilled Manual,Y
14325,MRS.,CRYSTAL,LI,7/5/1957,S,F,crystal5@adventure-works.com,"$70,000 ",1,Partial College,Skilled Manual,Y
14326,MR.,JOE,PEREZ,4/2/1957,S,M,joe23@adventure-works.com,"$70,000 ",1,Partial College,Skilled Manual,Y
14327,MR.,KYLE,BUTLER,2/19/1976,S,M,kyle9@adventure-works.com,"$30,000 ",0,High School,Skilled Manual,N
14328,MS.,ANDREA,ROGERS,8/8/1976,S,F,andrea19@adventure-works.com,"$30,000 ",0,High School,Skilled Manual,N
14329,MS.,HOLLY,SANCHEZ,1/20/1976,S,F,holly18@adventure-works.com,"$30,000 ",0,High School,Skilled Manual,N
14330,MR.,MATTHEW,HARRIS,10/5/1976,M,M,matthew19@adventure-works.com,"$40,000 ",0,High School,Skilled Manual,Y
14331,MR.,TIMOTHY,MURPHY,2/24/1980,S,M,timothy16@adventure-works.com,"$30,000 ",0,High School,Skilled Manual,Y
14332,MS.,JADE,ROGERS,4/21/1980,S,F,jade15@adventure-works.com,"$30,000 ",0,High School,Skilled Manual,N
14333,MR.,BOBBY,SURI,4/4/1980,S,M,bobby2@adventure-works.com,"$30,000 ",0,Partial High School,Clerical,N
14334,MR.,PATRICK,MURPHY,7/25/1980,M,M,patrick20@adventure-works.com,"$40,000 ",0,High School,Skilled Manual,N
14335,MS.,ALLISON,COX,9/13/1978,M,F,allison9@adventure-works.com,"$40,000 ",0,High School,Skilled Manual,Y
14336,MR.,GABRIEL,BAKER,8/7/1978,M,M,gabriel38@adventure-works.com,"$40,000 ",0,High School,Skilled Manual,Y
14337,MS.,OLIVIA,COLEMAN,3/1/1978,S,F,olivia51@adventure-works.com,"$40,000 ",0,High School,Skilled Manual,N
14338,MS.,NATALIE,TAYLOR,5/25/1978,M,F,natalie76@adventure-works.com,"$40,000 ",0,High School,Skilled Manual,N
14339,MS.,BRANDY,SURI,12/2/1977,S,F,brandy18@adventure-works.com,"$30,000 ",0,Partial High School,Clerical,N
14340,MS.,MIRANDA,BUTLER,4/1/1977,S,F,miranda14@adventure-works.com,"$40,000 ",0,High School,Skilled Manual,Y
14341,MR.,SEAN,SANDERS,10/23/1979,M,M,sean10@adventure-works.com,"$30,000 ",0,Partial High School,Clerical,N
14342,MS.,BETH,RUIZ,3/26/1979,S,F,beth4@adventure-works.com,"$40,000 ",0,High School,Skilled Manual,N
14343,MR.,XAVIER,TURNER,7/24/1979,M,M,xavier37@adventure-works.com,"$40,000 ",0,High School,Skilled Manual,Y
14344,MR.,KURT,XIE,9/21/1939,S,M,kurt2@adventure-works.com,"$30,000 ",2,Partial College,Clerical,Y
14345,MRS.,KRISTI,RODRIGUEZ,2/9/1940,M,F,kristi37@adventure-works.com,"$40,000 ",2,Bachelors,Management,N
14346,MRS.,EVELYN,PEREZ,6/1/1941,S,F,evelyn21@adventure-works.com,"$40,000 ",2,Bachelors,Management,Y
14347,MRS.,TARA,GOEL,5/17/1941,S,F,tara20@adventure-works.com,"$40,000 ",2,Bachelors,Management,Y
14348,MR.,ALEX,SCOTT,11/16/1942,M,M,alex44@adventure-works.com,"$60,000 ",2,Graduate Degree,Management,Y
14349,MS.,NICOLE,GRIFFIN,5/11/1976,M,F,nicole70@adventure-works.com,"$40,000 ",0,High School,Skilled Manual,Y
14350,MS.,EMILY,MOORE,6/8/1976,S,F,emily8@adventure-works.com,"$40,000 ",0,High School,Skilled Manual,N
14351,MS.,RILEY,GRAY,2/2/1976,S,F,riley25@adventure-works.com,"$40,000 ",0,Partial College,Skilled Manual,Y
14352,MS.,MELISSA,BUTLER,3/18/1975,S,F,melissa9@adventure-works.com,"$40,000 ",0,High School,Skilled Manual,N
14353,MS.,ERIN,REED,6/15/1975,S,F,erin24@adventure-works.com,"$40,000 ",0,High School,Skilled Manual,N
14354,MR.,SETH,GREEN,7/28/1974,S,M,seth32@adventure-works.com,"$30,000 ",0,Partial College,Skilled Manual,N
14355,MR.,IAN,KING,11/11/1973,M,M,ian25@adventure-works.com,"$60,000 ",0,Partial College,Skilled Manual,Y
14356,MS.,ISABELLA,BAKER,7/19/1967,S,F,isabella47@adventure-works.com,"$100,000 ",0,Bachelors,Management,Y
14357,MR.,DALTON,COLLINS,7/13/1967,M,M,dalton45@adventure-works.com,"$100,000 ",1,Bachelors,Management,Y
14358,MRS.,AMANDA,WATSON,12/22/1967,M,F,amanda18@adventure-works.com,"$100,000 ",1,Bachelors,Management,Y
14359,MR.,EDUARDO,HENDERSON,11/2/1968,M,M,eduardo49@adventure-works.com,"$90,000 ",4,Bachelors,Management,Y
14360,MRS.,SAMANTHA,PATTERSON,4/17/1959,S,F,samantha36@adventure-works.com,"$60,000 ",4,Graduate Degree,Skilled Manual,Y
14361,MR.,FRANKLIN,RAJE,1/24/1959,M,M,franklin31@adventure-works.com,"$60,000 ",4,Graduate Degree,Skilled Manual,Y
14362,MR.,ROBERTO,GILL,5/3/1972,S,M,roberto14@adventure-works.com,"$40,000 ",4,Partial College,Clerical,Y
14363,MS.,NATALIE,LONG,9/4/1973,S,F,natalie32@adventure-works.com,"$50,000 ",0,Graduate Degree,Skilled Manual,Y
14364,MR.,MARIO,RAI,3/9/1973,M,M,mario16@adventure-works.com,"$50,000 ",1,Graduate Degree,Skilled Manual,Y
14365,MR.,EVAN,WARD,5/19/1973,M,M,evan13@adventure-works.com,"$50,000 ",1,Graduate Degree,Skilled Manual,N
14366,MRS.,ANNA,BROOKS,1/22/1971,S,F,anna23@adventure-works.com,"$60,000 ",1,Graduate Degree,Skilled Manual,Y
14367,MRS.,COURTNEY,GREEN,3/1/1971,S,F,courtney11@adventure-works.com,"$60,000 ",1,Graduate Degree,Skilled Manual,Y
14368,MR.,RICHARD,THOMPSON,3/15/1971,M,M,richard9@adventure-works.com,"$60,000 ",1,Graduate Degree,Skilled Manual,Y
14369,MR.,DEVIN,SANCHEZ,8/20/1971,M,M,devin83@adventure-works.com,"$60,000 ",1,Graduate Degree,Skilled Manual,Y
14370,MRS.,MEGHAN,DOMINGUEZ,9/9/1972,M,F,meghan12@adventure-works.com,"$40,000 ",1,Graduate Degree,Skilled Manual,Y
14371,MR.,JEREMIAH,LEWIS,6/8/1972,M,M,jeremiah9@adventure-works.com,"$40,000 ",1,Graduate Degree,Skilled Manual,Y
14372,MRS.,KAITLYN,WASHINGTON,7/11/1972,M,F,kaitlyn80@adventure-works.com,"$60,000 ",1,Graduate Degree,Skilled Manual,Y
14373,MR.,RICARDO,JAI,6/14/1972,M,M,ricardo11@adventure-works.com,"$60,000 ",1,Graduate Degree,Skilled Manual,Y
14374,MR.,DAVID,YANG,9/18/1972,M,M,david59@adventure-works.com,"$70,000 ",1,Graduate Degree,Professional,Y
14375,MRS.,ALEXANDRA,MOORE,5/12/1970,M,F,alexandra71@adventure-works.com,"$50,000 ",1,Bachelors,Skilled Manual,Y
14376,MRS.,FAITH,TORRES,4/19/1944,S,F,faith25@adventure-works.com,"$70,000 ",4,Bachelors,Management,Y
14377,MRS.,PAULA,RUIZ,6/9/1944,S,F,paula4@adventure-works.com,"$70,000 ",4,Bachelors,Management,Y
14378,MR.,CORY,MEHTA,9/1/1944,S,M,cory12@adventure-works.com,"$60,000 ",4,Graduate Degree,Management,Y
14379,MR.,RICHARD,FOSTER,2/22/1944,M,M,richard71@adventure-works.com,"$60,000 ",4,Graduate Degree,Management,Y
14380,MRS.,KAYLEE,WATSON,7/11/1944,M,F,kaylee6@adventure-works.com,"$70,000 ",5,Bachelors,Management,Y
14381,MRS.,ALEXA,COOPER,12/22/1944,S,F,alexa16@adventure-works.com,"$70,000 ",5,Bachelors,Management,Y
14382,MR.,DARREN,BLANCO,11/6/1944,S,M,darren38@adventure-works.com,"$70,000 ",5,Bachelors,Management,Y
14383,MR.,MARVIN,FERRIER,5/21/1945,M,M,marvin9@adventure-works.com,"$70,000 ",5,Bachelors,Management,Y
14384,MRS.,RACHEL,MILLER,5/22/1945,M,F,rachel8@adventure-works.com,"$60,000 ",4,Bachelors,Management,Y
14385,MRS.,MARIA,HALL,10/20/1945,M,F,maria64@adventure-works.com,"$60,000 ",4,Bachelors,Management,Y
14386,MRS.,MARISSA,WOOD,7/20/1946,S,F,marissa0@adventure-works.com,"$60,000 ",5,Bachelors,Management,Y
14387,MRS.,BRITTANY,HUGHES,12/2/1946,M,F,brittany10@adventure-works.com,"$60,000 ",5,Bachelors,Management,Y
14388,MRS.,KAYLEE,ROGERS,7/15/1946,M,F,kaylee16@adventure-works.com,"$70,000 ",5,Bachelors,Management,Y
14389,MR.,RYAN,HARRIS,8/2/1947,M,M,ryan36@adventure-works.com,"$60,000 ",2,Bachelors,Management,Y
14390,MR.,LOGAN,KUMAR,11/22/1947,M,M,logan1@adventure-works.com,"$60,000 ",2,Bachelors,Management,N
14391,MR.,JASON,LONG,3/8/1947,M,M,jason7@adventure-works.com,"$70,000 ",4,Bachelors,Management,Y
14392,MR.,JUSTIN,JACKSON,8/24/1947,M,M,justin31@adventure-works.com,"$70,000 ",4,Bachelors,Management,Y
14393,MR.,JOSÉ,PEREZ,10/5/1947,S,M,josé41@adventure-works.com,"$70,000 ",4,Bachelors,Management,Y
14394,MR.,JACOB,RODRIGUEZ,10/7/1947,M,M,jacob16@adventure-works.com,"$70,000 ",4,Bachelors,Management,Y
14395,MR.,DEVIN,REED,3/23/1947,S,M,devin85@adventure-works.com,"$70,000 ",4,Bachelors,Management,Y
14396,MRS.,ZOE,SANCHEZ,4/17/1948,S,F,zoe22@adventure-works.com,"$60,000 ",2,Partial College,Professional,Y
14397,MRS.,SIERRA,EDWARDS,3/24/1948,S,F,sierra1@adventure-works.com,"$60,000 ",2,Partial College,Professional,Y
14399,MR.,JEREMY,PETERSON,5/6/1948,S,M,jeremy35@adventure-works.com,"$60,000 ",2,Bachelors,Management,Y
14400,MR.,BRANDON,BROWN,10/22/1948,S,M,brandon42@adventure-works.com,"$70,000 ",4,Bachelors,Management,Y
14401,MR.,JOSE,KUMAR,3/9/1949,M,M,jose22@adventure-works.com,"$60,000 ",2,Partial College,Professional,N
14402,MRS.,HAILEY,PARKER,5/21/1949,S,F,hailey50@adventure-works.com,"$60,000 ",2,Partial College,Professional,Y
14403,MRS.,ANGELICA,RUSSELL,3/19/1949,S,F,angelica19@adventure-works.com,"$60,000 ",2,Partial College,Professional,Y
14404,MRS.,RACHEL,DAVIS,9/27/1950,S,F,rachel7@adventure-works.com,"$60,000 ",2,Partial College,Professional,Y
14405,MR.,DYLAN,WALKER,6/1/1950,M,M,dylan53@adventure-works.com,"$60,000 ",2,Partial College,Professional,Y
14406,MRS.,CARRIE,SCHMIDT,8/15/1950,M,F,carrie17@adventure-works.com,"$60,000 ",2,Partial College,Professional,Y
14407,MR.,THOMAS,BRYANT,6/4/1950,M,M,thomas20@adventure-works.com,"$60,000 ",2,Partial College,Professional,Y
14408,MRS.,JASMINE,COOK,8/14/1950,S,F,jasmine25@adventure-works.com,"$70,000 ",4,Partial College,Professional,Y
14409,MR.,ERIC,WANG,4/26/1950,M,M,eric32@adventure-works.com,"$70,000 ",4,Partial College,Professional,Y
14410,MRS.,ARIANNA,BROOKS,6/26/1950,M,F,arianna22@adventure-works.com,"$70,000 ",4,Partial College,Professional,Y
14411,MRS.,ASHLEY,JOHNSON,2/4/1951,S,F,ashley1@adventure-works.com,"$70,000 ",2,High School,Professional,Y
14412,MRS.,NICOLE,BLUE,4/3/1951,S,F,nicole51@adventure-works.com,"$70,000 ",2,High School,Professional,Y
14413,MRS.,RACHEL,PATTERSON,2/15/1951,M,F,rachel58@adventure-works.com,"$60,000 ",2,Partial College,Professional,Y
14414,MRS.,RACHEL,WILSON,9/14/1951,M,F,rachel9@adventure-works.com,"$60,000 ",2,Partial College,Professional,N
14415,MR.,WILLIAM,DAVIS,11/16/1951,M,M,william21@adventure-works.com,"$60,000 ",2,Partial College,Professional,Y
14416,MRS.,MADISON,FLORES,4/28/1952,M,F,madison48@adventure-works.com,"$60,000 ",3,High School,Professional,Y
14417,MR.,ERNEST,LU,2/5/1952,S,M,ernest11@adventure-works.com,"$60,000 ",3,High School,Professional,Y
14418,MRS.,REBECCA,YOUNG,4/26/1952,M,F,rebecca25@adventure-works.com,"$60,000 ",3,High School,Professional,Y
14419,MRS.,ABIGAIL,WARD,5/13/1952,M,F,abigail17@adventure-works.com,"$70,000 ",4,Partial College,Professional,Y
14420,MRS.,CHLOE,WRIGHT,8/19/1952,S,F,chloe18@adventure-works.com,"$70,000 ",4,Partial College,Professional,Y
14421,MRS.,HANNAH,BARNES,7/28/1952,M,F,hannah26@adventure-works.com,"$70,000 ",5,Partial College,Professional,Y
14422,MRS.,CARA,LU,11/6/1958,S,F,cara7@adventure-works.com,"$130,000 ",2,Bachelors,Management,N
14423,MRS.,JILL,RUIZ,6/20/1958,M,F,jill9@adventure-works.com,"$130,000 ",2,Bachelors,Management,Y
14424,MRS.,STEFANIE,RAMAN,7/8/1957,S,F,stefanie9@adventure-works.com,"$110,000 ",2,Partial College,Professional,Y
14425,MR.,VICTOR,CARLSON,8/18/1957,M,M,victor18@adventure-works.com,"$120,000 ",2,High School,Professional,Y
14426,MRS.,MADISON,HUGHES,8/23/1957,M,F,madison47@adventure-works.com,"$130,000 ",2,Partial College,Professional,Y
14427,MR.,EMMANUEL,PATEL,5/8/1956,M,M,emmanuel3@adventure-works.com,"$130,000 ",3,Partial College,Professional,Y
14428,MRS.,CASSIE,ANDERSEN,10/12/1955,S,F,cassie11@adventure-works.com,"$130,000 ",3,Partial College,Professional,N
14429,MRS.,LACEY,HE,7/25/1955,S,F,lacey31@adventure-works.com,"$130,000 ",3,Partial College,Professional,N
14430,MRS.,SYDNEY,JONES,7/6/1957,M,F,sydney67@adventure-works.com,"$90,000 ",2,Partial College,Professional,Y
14431,MRS.,KAYLA,MOORE,11/21/1956,M,F,kayla8@adventure-works.com,"$70,000 ",3,Partial College,Professional,N
14432,MR.,ANTONIO,RUSSELL,8/24/1933,S,M,antonio20@adventure-works.com,"$90,000 ",4,Graduate Degree,Management,Y
14433,MRS.,JENNIFER,PETERSON,6/5/1933,M,F,jennifer68@adventure-works.com,"$110,000 ",1,Graduate Degree,Management,Y
14434,MRS.,SOPHIA,HILL,3/28/1933,S,F,sophia12@adventure-works.com,"$110,000 ",1,Graduate Degree,Management,Y
14435,MRS.,JENNIFER,WILSON,4/16/1933,M,F,jennifer35@adventure-works.com,"$110,000 ",1,Graduate Degree,Management,Y
14436,MR.,JOHN,MARTIN,9/4/1965,M,M,john52@adventure-works.com,"$90,000 ",4,Partial College,Professional,Y
14437,MR.,MITCHELL,ANAND,8/2/1965,M,M,mitchell18@adventure-works.com,"$90,000 ",5,Partial College,Professional,Y
14438,MRS.,GABRIELLE,GONZALES,4/16/1965,S,F,gabrielle39@adventure-works.com,"$100,000 ",3,Bachelors,Management,Y
14439,MR.,BRIAN,COX,8/2/1965,M,M,brian22@adventure-works.com,"$100,000 ",4,Partial College,Professional,Y
14440,MR.,JON,TANG,11/13/1965,M,M,jon44@adventure-works.com,"$100,000 ",4,Partial College,Professional,Y
14441,MR.,WILLIAM,LEWIS,11/7/1965,M,M,william27@adventure-works.com,"$110,000 ",2,Bachelors,Management,Y
14442,MRS.,SHELBY,PETERSON,6/24/1965,S,F,shelby5@adventure-works.com,"$120,000 ",3,Partial College,Professional,Y
14443,MR.,BENJAMIN,WILSON,11/4/1965,M,M,benjamin41@adventure-works.com,"$130,000 ",1,Graduate Degree,Management,Y
14444,MR.,PATRICK,SANDERS,3/11/1965,M,M,patrick9@adventure-works.com,"$130,000 ",1,Graduate Degree,Management,Y
14445,MR.,BENJAMIN,HENDERSON,10/23/1965,M,M,benjamin6@adventure-works.com,"$130,000 ",1,Graduate Degree,Management,Y
14446,MR.,JEREMIAH,JOHNSON,8/9/1964,M,M,jeremiah25@adventure-works.com,"$80,000 ",4,Bachelors,Management,Y
14447,MRS.,MADISON,ALEXANDER,1/5/1964,S,F,madison31@adventure-works.com,"$80,000 ",4,Partial College,Professional,Y
14448,MRS.,LAUREN,BUTLER,12/25/1964,M,F,lauren61@adventure-works.com,"$90,000 ",5,Partial College,Professional,Y
14449,MR.,LOGAN,JENKINS,5/10/1964,S,M,logan9@adventure-works.com,"$90,000 ",0,Partial College,Professional,N
14450,MR.,KEVIN,BUTLER,4/9/1964,M,M,kevin17@adventure-works.com,"$130,000 ",2,Graduate Degree,Management,Y
14451,MR.,TYLER,MOORE,6/1/1964,S,M,tyler14@adventure-works.com,"$130,000 ",2,Graduate Degree,Management,N
14452,MR.,ALEX,GONZALEZ,9/17/1956,M,M,alex37@adventure-works.com,"$70,000 ",3,Partial College,Professional,Y
14453,MR.,JESSE,SCOTT,8/12/1956,S,M,jesse37@adventure-works.com,"$90,000 ",2,Partial College,Professional,Y
14454,MRS.,KAYLA,ANDERSON,11/18/1934,M,F,kayla10@adventure-works.com,"$100,000 ",1,Graduate Degree,Management,Y
14455,MRS.,ALEXANDRA,MITCHELL,3/17/1963,M,F,alexandra53@adventure-works.com,"$80,000 ",4,Partial College,Professional,Y
14456,MR.,BENJAMIN,WALKER,3/11/1963,S,M,benjamin38@adventure-works.com,"$90,000 ",0,Partial College,Professional,N
14458,MR.,JORDAN,YANG,6/4/1962,M,M,jordan23@adventure-works.com,"$80,000 ",5,Partial College,Professional,Y
14459,MR.,CODY,GRAY,6/9/1962,S,M,cody6@adventure-works.com,"$80,000 ",5,Partial College,Professional,Y
14460,MR.,JOSE,LONG,10/8/1962,M,M,jose32@adventure-works.com,"$100,000 ",1,Partial College,Professional,Y
14461,MRS.,CHLOE,GONZALEZ,11/13/1962,M,F,chloe15@adventure-works.com,"$100,000 ",1,Partial College,Professional,Y
14462,MRS.,BETH,SANZ,7/2/1962,M,F,beth22@adventure-works.com,"$110,000 ",1,Bachelors,Management,Y
14463,MRS.,JULIA,PATTERSON,10/10/1962,M,F,julia76@adventure-works.com,"$120,000 ",1,Partial College,Professional,Y
14464,MRS.,ELIZABETH,PRICE,6/27/1962,M,F,elizabeth29@adventure-works.com,"$130,000 ",1,Bachelors,Management,Y
14465,MR.,DAKOTA,PATTERSON,2/21/1961,M,M,dakota9@adventure-works.com,"$90,000 ",4,High School,Professional,Y
14466,MR.,LOGAN,ADAMS,2/21/1961,M,M,logan42@adventure-works.com,"$90,000 ",4,High School,Professional,Y
14467,MR.,AIDAN,RUSSELL,5/4/1961,M,M,aidan21@adventure-works.com,"$90,000 ",4,High School,Professional,Y
14468,MRS.,GRACE,RIVERA,4/9/1961,S,F,grace33@adventure-works.com,"$90,000 ",4,High School,Professional,Y
14469,MRS.,ANGELA,BELL,4/22/1961,M,F,angela40@adventure-works.com,"$100,000 ",3,Partial College,Professional,Y
14470,MR.,JEREMY,ROBINSON,2/4/1961,M,M,jeremy4@adventure-works.com,"$130,000 ",1,Bachelors,Management,Y
14471,MR.,GABRIEL,GONZALEZ,7/17/1961,S,M,gabriel39@adventure-works.com,"$130,000 ",1,Bachelors,Management,N
14472,MRS.,NATALIE,DIAZ,6/3/1961,M,F,natalie44@adventure-works.com,"$130,000 ",3,Bachelors,Management,Y
14473,MR.,MIGUEL,KING,2/3/1961,M,M,miguel27@adventure-works.com,"$160,000 ",1,Bachelors,Management,Y
14474,MRS.,JACQUELINE,MURPHY,9/21/1955,M,F,jacqueline39@adventure-works.com,"$60,000 ",2,High School,Professional,N
14475,MRS.,ISABELLA,PERRY,8/13/1955,M,F,isabella18@adventure-works.com,"$60,000 ",2,High School,Professional,N
14476,MR.,BRYCE,REED,1/18/1955,M,M,bryce19@adventure-works.com,"$60,000 ",2,High School,Professional,N
14477,MRS.,LAUREN,LEE,8/7/1955,S,F,lauren40@adventure-works.com,"$70,000 ",4,High School,Professional,Y
14478,MRS.,ABIGAIL,PATTERSON,8/9/1954,S,F,abigail35@adventure-works.com,"$80,000 ",2,Partial High School,Skilled Manual,Y
14479,MRS.,SAMANTHA,SMITH,9/20/1936,S,F,samantha2@adventure-works.com,"$170,000 ",1,Graduate Degree,Management,N
14480,MR.,JACKSON,GONZALEZ,5/5/1960,M,M,jackson38@adventure-works.com,"$80,000 ",5,Partial College,Professional,Y
14481,MRS.,MARY,EDWARDS,8/1/1960,S,F,mary15@adventure-works.com,"$90,000 ",4,High School,Professional,Y
14482,MR.,NOAH,PEREZ,7/22/1960,M,M,noah30@adventure-works.com,"$90,000 ",4,High School,Professional,Y
14483,MRS.,NICOLE,HENDERSON,7/22/1960,M,F,nicole53@adventure-works.com,"$90,000 ",4,High School,Professional,Y
14485,MRS.,BAILEY,STEWART,6/11/1960,M,F,bailey23@adventure-works.com,"$160,000 ",1,Partial College,Professional,Y
14486,MR.,JONATHAN,COLEMAN,3/19/1960,M,M,jonathan5@adventure-works.com,"$170,000 ",1,Graduate Degree,Management,Y
14487,MR.,SETH,HALL,10/6/1954,M,M,seth23@adventure-works.com,"$60,000 ",2,Partial High School,Skilled Manual,Y
14488,MR.,CONNOR,HUGHES,3/5/1954,M,M,connor6@adventure-works.com,"$70,000 ",3,High School,Professional,Y
14489,MR.,JASON,WANG,6/14/1953,M,M,jason22@adventure-works.com,"$70,000 ",3,Graduate Degree,Management,Y
14490,MR.,AIDAN,BUTLER,10/17/1953,M,M,aidan15@adventure-works.com,"$70,000 ",3,Graduate Degree,Management,Y
14491,MR.,ISAAC,BAILEY,11/3/1953,S,M,isaac15@adventure-works.com,"$70,000 ",3,Graduate Degree,Management,Y
14492,MR.,JUSTIN,PATTERSON,5/26/1953,M,M,justin7@adventure-works.com,"$70,000 ",3,Graduate Degree,Management,Y
14493,MRS.,SARA,PARKER,7/25/1953,S,F,sara33@adventure-works.com,"$70,000 ",3,Graduate Degree,Management,N
14494,MR.,CAMERON,DIAZ,5/17/1953,M,M,cameron17@adventure-works.com,"$60,000 ",3,Graduate Degree,Management,Y
14495,MR.,NATHAN,DIAZ,6/23/1952,M,M,nathan18@adventure-works.com,"$40,000 ",3,Partial College,Professional,N
14496,MRS.,CINDY,STEWART,10/18/1952,M,F,cindy23@adventure-works.com,"$40,000 ",3,Partial College,Professional,N
14497,MRS.,ALLISON,SCOTT,10/3/1952,M,F,allison36@adventure-works.com,"$40,000 ",3,Partial College,Professional,N
14498,MRS.,KATIE,LUO,9/20/1937,M,F,katie8@adventure-works.com,"$70,000 ",4,Graduate Degree,Management,Y
14499,MR.,SAMUEL,FLORES,4/9/1937,M,M,samuel11@adventure-works.com,"$100,000 ",2,Graduate Degree,Management,Y
14500,MRS.,JASMINE,WARD,11/18/1937,S,F,jasmine31@adventure-works.com,"$130,000 ",2,Bachelors,Management,N
14501,MR.,RUBEN,PRASAD,5/13/1938,M,M,ruben10@adventure-works.com,"$80,000 ",4,Graduate Degree,Management,Y
14502,MRS.,KATELYN,WRIGHT,9/11/1938,M,F,katelyn44@adventure-works.com,"$90,000 ",5,Bachelors,Management,Y
14503,MRS.,BRIANNA,ALEXANDER,3/20/1938,M,F,brianna64@adventure-works.com,"$90,000 ",5,Bachelors,Management,Y
14504,MRS.,NICOLE,JONES,8/21/1938,M,F,nicole3@adventure-works.com,"$110,000 ",2,Graduate Degree,Management,Y
14505,MR.,ALEX,EDWARDS,5/25/1938,M,M,alex28@adventure-works.com,"$130,000 ",2,Bachelors,Management,Y
14506,MRS.,STACY,SUAREZ,5/20/1940,M,F,stacy20@adventure-works.com,"$90,000 ",5,Bachelors,Management,N
14507,MR.,ERIC,WRIGHT,9/1/1940,M,M,eric60@adventure-works.com,"$100,000 ",2,Graduate Degree,Management,Y
14508,MRS.,MADISON,HALL,10/3/1940,M,F,madison24@adventure-works.com,"$100,000 ",2,Graduate Degree,Management,Y
14509,MRS.,BRIDGET,DENG,3/2/1968,S,F,bridget2@adventure-works.com,"$90,000 ",4,Partial College,Skilled Manual,N
14511,MRS.,DANIELLE,ROGERS,11/23/1968,M,F,danielle22@adventure-works.com,"$100,000 ",2,Bachelors,Management,Y
14512,MR.,CHRISTOPHER,JONES,9/6/1968,M,M,christopher27@adventure-works.com,"$100,000 ",3,Bachelors,Management,Y
14513,MRS.,ALEXANDRA,TURNER,11/20/1968,M,F,alexandra48@adventure-works.com,"$130,000 ",1,Graduate Degree,Management,Y
14514,MS.,RACHEL,JONES,9/11/1979,S,F,rachel5@adventure-works.com,"$30,000 ",0,Partial College,Skilled Manual,Y
14515,MS.,ANNA,COOPER,8/10/1979,S,F,anna13@adventure-works.com,"$30,000 ",0,Partial College,Skilled Manual,Y
14516,MR.,TOMMY,LAL,11/25/1944,S,M,tommy5@adventure-works.com,"$10,000 ",5,High School,Skilled Manual,Y
14517,MRS.,EBONY,RODRIGUEZ,7/21/1944,M,F,ebony20@adventure-works.com,"$20,000 ",3,High School,Skilled Manual,N
14518,MRS.,ANN,MEHTA,11/8/1947,M,F,ann19@adventure-works.com,"$10,000 ",2,High School,Skilled Manual,Y
14519,MS.,DENISE,RANA,11/19/1978,S,F,denise12@adventure-works.com,"$40,000 ",0,Partial College,Skilled Manual,Y
14520,MS.,BONNIE,XU,12/18/1978,S,F,bonnie10@adventure-works.com,"$40,000 ",0,Partial College,Skilled Manual,N
14521,MR.,RODNEY,ROMERO,10/11/1947,M,M,rodney5@adventure-works.com,"$20,000 ",4,High School,Skilled Manual,N
14522,MR.,OMAR,ZHENG,8/20/1947,M,M,omar18@adventure-works.com,"$20,000 ",4,High School,Skilled Manual,Y
14523,MRS.,LYDIA,FERNANDEZ,11/26/1947,M,F,lydia14@adventure-works.com,"$30,000 ",2,Partial College,Clerical,N
14524,MS.,CARLA,PRASAD,5/19/1978,M,F,carla12@adventure-works.com,"$10,000 ",0,Graduate Degree,Manual,Y
14525,MS.,CLAUDIA,SUN,6/7/1977,M,F,claudia12@adventure-works.com,"$10,000 ",0,Graduate Degree,Manual,Y
14526,MRS.,EMILY,HALL,1/9/1962,M,F,emily24@adventure-works.com,"$10,000 ",1,Graduate Degree,Manual,Y
14527,MR.,KURT,RAJI,10/8/1962,M,M,kurt20@adventure-works.com,"$10,000 ",1,Graduate Degree,Manual,Y
14528,MR.,CASEY,RAMOS,12/3/1962,M,M,casey41@adventure-works.com,"$10,000 ",1,Graduate Degree,Manual,Y
14529,MRS.,KAITLIN,SAI,4/2/1962,S,F,kaitlin5@adventure-works.com,"$20,000 ",1,Graduate Degree,Clerical,Y
14530,MR.,ETHAN,SMITH,9/1/1962,M,M,ethan29@adventure-works.com,"$20,000 ",1,Graduate Degree,Clerical,Y
14531,MRS.,ABIGAIL,GARCIA,1/21/1962,M,F,abigail57@adventure-works.com,"$20,000 ",1,Graduate Degree,Clerical,Y
14532,MRS.,BARBARA,WU,11/21/1962,M,F,barbara16@adventure-works.com,"$20,000 ",1,Graduate Degree,Clerical,Y
14533,MR.,ROBERTO,ALONSO,10/12/1961,S,M,roberto8@adventure-works.com,"$10,000 ",1,Bachelors,Manual,Y
14534,,ABBY,RANA,4/24/1961,S,NA,abby8@adventure-works.com,"$10,000 ",1,Bachelors,Manual,Y
14535,MR.,DUSTIN,ANAND,5/16/1961,S,M,dustin22@adventure-works.com,"$20,000 ",1,Graduate Degree,Clerical,Y
14536,MRS.,KRYSTAL,WU,7/2/1961,S,F,krystal7@adventure-works.com,"$20,000 ",1,Graduate Degree,Clerical,Y
14537,MR.,CLAYTON,CAI,9/12/1935,M,M,clayton18@adventure-works.com,"$20,000 ",1,Graduate Degree,Clerical,Y
14538,MRS.,KATHERINE,BROWN,4/20/1962,S,F,katherine75@adventure-works.com,"$30,000 ",4,Graduate Degree,Clerical,Y
14539,MRS.,CARRIE,ALONSO,12/20/1962,S,F,carrie8@adventure-works.com,"$30,000 ",4,Graduate Degree,Clerical,Y
14540,MR.,RANDY,LIN,4/18/1958,M,M,randy9@adventure-works.com,"$10,000 ",1,Bachelors,Manual,Y
14541,MR.,DOUGLAS,KAPOOR,5/17/1958,S,M,douglas5@adventure-works.com,"$20,000 ",1,Graduate Degree,Clerical,Y
14542,MR.,ALEX,WARD,5/11/1957,M,M,alex16@adventure-works.com,"$10,000 ",1,Bachelors,Clerical,Y
14543,MRS.,HEATHER,LU,8/11/1957,M,F,heather10@adventure-works.com,"$10,000 ",1,Partial College,Manual,Y
14544,MR.,DARRYL,WEST,3/14/1957,S,M,darryl1@adventure-works.com,"$10,000 ",1,Partial College,Manual,Y
14545,MRS.,FAITH,HENDERSON,9/18/1956,M,F,faith4@adventure-works.com,"$10,000 ",2,Partial College,Manual,Y
14546,MRS.,CHRISTINA,SANCHEZ,3/10/1956,M,F,christina22@adventure-works.com,"$10,000 ",2,Partial College,Manual,Y
14547,MR.,NOAH,THOMPSON,7/5/1955,M,M,noah63@adventure-works.com,"$10,000 ",2,Partial College,Manual,Y
14548,MRS.,MARIA,TURNER,6/20/1955,M,F,maria48@adventure-works.com,"$10,000 ",2,Partial College,Manual,Y
14549,MR.,ARTURO,GOEL,11/27/1955,M,M,arturo44@adventure-works.com,"$10,000 ",2,Partial College,Manual,Y
14550,MRS.,KRISTY,VAZQUEZ,4/11/1937,M,F,kristy13@adventure-works.com,"$10,000 ",2,Bachelors,Clerical,Y
14551,MRS.,MICHELE,VANCE,10/24/1937,M,F,michele59@adventure-works.com,"$20,000 ",1,Bachelors,Clerical,Y
14552,MRS.,DAISY,RAMOS,10/16/1939,M,F,daisy12@adventure-works.com,"$20,000 ",1,Bachelors,Clerical,Y
14553,MRS.,LEAH,MA,10/3/1940,M,F,leah12@adventure-works.com,"$20,000 ",1,Bachelors,Clerical,Y
14554,MR.,ISAAC,MITCHELL,7/6/1940,M,M,isaac33@adventure-works.com,"$20,000 ",1,Bachelors,Clerical,Y
14555,MRS.,JODI,KUMAR,11/14/1942,S,F,jodi7@adventure-works.com,"$10,000 ",2,Partial College,Manual,Y
14556,MR.,RAFAEL,HE,3/25/1943,M,M,rafael19@adventure-works.com,"$10,000 ",3,Partial College,Manual,Y
14557,MR.,MATHEW,SANZ,9/22/1980,M,M,mathew16@adventure-works.com,"$10,000 ",0,Partial College,Manual,Y
14558,MRS.,MARCEL,TRUEMPY,11/12/1970,M,F,marcel0@adventure-works.com,"$50,000 ",1,Bachelors,Skilled Manual,Y
14559,MRS.,ASHLEY,WASHINGTON,9/21/1970,M,F,ashley40@adventure-works.com,"$50,000 ",1,Bachelors,Skilled Manual,Y
14560,MR.,KELVIN,HUANG,10/2/1970,M,M,kelvin25@adventure-works.com,"$50,000 ",1,Bachelors,Skilled Manual,Y
14561,MR.,EDUARDO,MILLER,5/28/1970,M,M,eduardo5@adventure-works.com,"$50,000 ",1,Bachelors,Skilled Manual,Y
14562,MR.,BRYCE,STEWART,4/9/1970,M,M,bryce21@adventure-works.com,"$50,000 ",1,Bachelors,Skilled Manual,Y
14563,MR.,FERNANDO,CARTER,9/24/1969,M,M,fernando35@adventure-works.com,"$50,000 ",1,Bachelors,Skilled Manual,Y
14564,MRS.,CHLOE,BAILEY,2/3/1969,M,F,chloe53@adventure-works.com,"$50,000 ",1,Bachelors,Skilled Manual,Y
14565,MRS.,NATALIE,HERNANDEZ,4/1/1969,S,F,natalie61@adventure-works.com,"$50,000 ",2,Bachelors,Skilled Manual,Y
14566,MRS.,KAYLEE,MITCHELL,10/4/1971,M,F,kaylee33@adventure-works.com,"$60,000 ",1,Graduate Degree,Professional,Y
14567,MR.,SETH,THOMAS,5/25/1971,M,M,seth11@adventure-works.com,"$60,000 ",1,Graduate Degree,Professional,Y
14568,MRS.,PRISCILLA,KUMAR,3/13/1971,S,F,priscilla7@adventure-works.com,"$60,000 ",1,Graduate Degree,Professional,Y
14570,MRS.,HANNAH,HENDERSON,4/22/1971,M,F,hannah28@adventure-works.com,"$60,000 ",1,Graduate Degree,Professional,Y
14571,MRS.,RACHEL,RICHARDSON,4/27/1971,M,F,rachel38@adventure-works.com,"$60,000 ",1,Graduate Degree,Professional,Y
14572,MRS.,MELANIE,FOSTER,4/16/1971,M,F,melanie3@adventure-works.com,"$70,000 ",3,Graduate Degree,Professional,Y
14573,MRS.,MADISON,WOOD,2/5/1969,M,F,madison37@adventure-works.com,"$60,000 ",1,Graduate Degree,Professional,Y
14574,MRS.,KATHERINE,POWELL,3/18/1969,S,F,katherine34@adventure-works.com,"$60,000 ",1,Graduate Degree,Professional,Y
14575,MRS.,RACHEL,LEE,5/11/1969,M,F,rachel25@adventure-works.com,"$60,000 ",1,Graduate Degree,Professional,Y
14576,MRS.,ANNA,PRICE,5/22/1968,S,F,anna25@adventure-works.com,"$60,000 ",2,Bachelors,Skilled Manual,N
14577,MRS.,NATALIE,ROGERS,6/12/1968,S,F,natalie3@adventure-works.com,"$60,000 ",2,Bachelors,Skilled Manual,Y
14578,MR.,JONATHAN,CARTER,1/9/1968,M,M,jonathan39@adventure-works.com,"$60,000 ",2,Bachelors,Skilled Manual,Y
14579,MR.,LUIS,HENDERSON,10/23/1968,S,M,luis3@adventure-works.com,"$60,000 ",2,Bachelors,Skilled Manual,Y
14580,MR.,KYLE,DIAZ,3/17/1967,S,M,kyle17@adventure-works.com,"$40,000 ",0,Bachelors,Professional,N
14581,MR.,KEVIN,ADAMS,10/21/1967,S,M,kevin54@adventure-works.com,"$40,000 ",0,Bachelors,Professional,N
14582,MR.,MARCUS,REED,2/3/1970,M,M,marcus95@adventure-works.com,"$60,000 ",1,Graduate Degree,Professional,Y
14583,MRS.,SYDNEY,MORRIS,5/13/1970,M,F,sydney2@adventure-works.com,"$60,000 ",2,Graduate Degree,Professional,Y
14584,MRS.,GABRIELLE,MITCHELL,10/7/1970,S,F,gabrielle54@adventure-works.com,"$80,000 ",2,Graduate Degree,Professional,Y
14585,MRS.,KIMBERLY,TORRES,4/23/1970,M,F,kimberly7@adventure-works.com,"$80,000 ",2,Graduate Degree,Professional,Y
14586,MRS.,TODD,ROWE,11/11/1967,S,F,todd21@adventure-works.com,"$70,000 ",2,Bachelors,Skilled Manual,Y
14587,MRS.,JADE,PETERSON,10/2/1967,S,F,jade4@adventure-works.com,"$50,000 ",2,Bachelors,Skilled Manual,Y
14588,MR.,ALEXANDER,TAYLOR,7/22/1967,S,M,alexander13@adventure-works.com,"$50,000 ",2,Bachelors,Skilled Manual,Y
14589,MRS.,MACKENZIE,COOK,2/2/1966,S,F,mackenzie20@adventure-works.com,"$60,000 ",3,Bachelors,Skilled Manual,N
14590,MRS.,MARISSA,BUTLER,4/26/1966,S,F,marissa11@adventure-works.com,"$60,000 ",3,Bachelors,Skilled Manual,Y
14591,MR.,CHARLES,HARRIS,4/8/1966,S,M,charles17@adventure-works.com,"$60,000 ",0,Graduate Degree,Professional,Y
14592,MS.,JESSICA,THOMPSON,7/26/1966,M,F,jessica63@adventure-works.com,"$60,000 ",0,Graduate Degree,Professional,Y
14593,MR.,JACK,WASHINGTON,1/13/1966,M,M,jack13@adventure-works.com,"$60,000 ",0,Graduate Degree,Professional,Y
14594,MS.,LAUREN,TAYLOR,8/21/1966,M,F,lauren27@adventure-works.com,"$60,000 ",0,Graduate Degree,Professional,Y
14595,MS.,ANDREA,WARD,4/10/1966,M,F,andrea13@adventure-works.com,"$60,000 ",0,Graduate Degree,Professional,Y
14596,MRS.,AMBER,HILL,11/14/1966,M,F,amber13@adventure-works.com,"$70,000 ",4,Graduate Degree,Professional,Y
14597,MR.,SEAN,REED,4/3/1966,M,M,sean28@adventure-works.com,"$70,000 ",4,Graduate Degree,Professional,Y
14598,MRS.,MIRANDA,ROSS,8/21/1969,M,F,miranda4@adventure-works.com,"$70,000 ",5,Graduate Degree,Professional,Y
14599,MR.,CHARLES,WILSON,3/27/1969,M,M,charles10@adventure-works.com,"$70,000 ",5,Graduate Degree,Professional,Y
14600,MRS.,ARIANA,RAMIREZ,10/18/1969,M,F,ariana6@adventure-works.com,"$70,000 ",5,Graduate Degree,Professional,Y
14601,MR.,NICOLAS,RAI,10/10/1969,M,M,nicolas16@adventure-works.com,"$80,000 ",2,Graduate Degree,Professional,Y
14602,MRS.,KAYLEE,KELLY,9/8/1969,M,F,kaylee1@adventure-works.com,"$80,000 ",3,Graduate Degree,Professional,Y
14603,MRS.,SARA,WARD,4/8/1965,S,F,sara13@adventure-works.com,"$80,000 ",3,Bachelors,Skilled Manual,Y
14604,MR.,NICHOLAS,RODRIGUEZ,10/2/1965,M,M,nicholas0@adventure-works.com,"$80,000 ",3,Bachelors,Skilled Manual,Y
14605,MRS.,ALLISON,BROOKS,9/25/1965,S,F,allison0@adventure-works.com,"$80,000 ",4,Bachelors,Skilled Manual,N
14606,MRS.,AMANDA,COOPER,8/14/1965,S,F,amanda8@adventure-works.com,"$80,000 ",4,Bachelors,Skilled Manual,N
14607,MR.,ISAIAH,NELSON,5/4/1964,M,M,isaiah33@adventure-works.com,"$50,000 ",4,Bachelors,Skilled Manual,Y
14608,MR.,WARREN,GAO,2/4/1964,M,M,warren29@adventure-works.com,"$50,000 ",4,Bachelors,Skilled Manual,Y
14609,MRS.,JULIA,PHILLIPS,7/6/1964,S,F,julia5@adventure-works.com,"$50,000 ",5,Bachelors,Skilled Manual,Y
14610,MRS.,LAUREN,JENKINS,3/24/1964,S,F,lauren54@adventure-works.com,"$50,000 ",5,Bachelors,Skilled Manual,Y
14611,MRS.,ZOE,JAMES,1/19/1964,S,F,zoe7@adventure-works.com,"$50,000 ",4,Bachelors,Skilled Manual,Y
14612,MR.,ERNEST,ZHANG,7/20/1963,M,M,ernest0@adventure-works.com,"$60,000 ",4,Bachelors,Professional,Y
14613,MR.,GLENN,HUANG,8/9/1963,M,M,glenn6@adventure-works.com,"$60,000 ",4,Bachelors,Professional,Y
14614,MR.,DYLAN,BRYANT,2/11/1968,S,M,dylan17@adventure-works.com,"$60,000 ",0,Bachelors,Professional,N
14615,MS.,AUDREY,DOMINGUEZ,7/13/1968,S,F,audrey14@adventure-works.com,"$60,000 ",0,Bachelors,Professional,N
14616,MS.,EMMA,SANDBERG,2/15/1968,S,F,emma47@adventure-works.com,"$60,000 ",0,Bachelors,Professional,Y
14617,MR.,AARON,FLORES,2/3/1963,S,M,aaron11@adventure-works.com,"$60,000 ",0,Bachelors,Professional,N
14618,MRS.,GABRIELLE,BAKER,9/9/1963,M,F,gabrielle59@adventure-works.com,"$60,000 ",3,Graduate Degree,Professional,Y
14619,MR.,NATHANIEL,SANDERS,2/26/1963,M,M,nathaniel4@adventure-works.com,"$60,000 ",3,Graduate Degree,Professional,Y
14620,MRS.,KAYLA,PATTERSON,4/22/1963,M,F,kayla34@adventure-works.com,"$60,000 ",3,Graduate Degree,Professional,Y
14621,MRS.,CHLOE,MORRIS,8/8/1962,S,F,chloe47@adventure-works.com,"$70,000 ",1,Bachelors,Professional,Y
14622,MR.,BRANDON,PATTERSON,2/24/1962,M,M,brandon8@adventure-works.com,"$70,000 ",1,Partial College,Skilled Manual,Y
14623,MR.,BENJAMIN,LI,10/6/1962,M,M,benjamin28@adventure-works.com,"$70,000 ",1,Partial College,Skilled Manual,Y
14624,MRS.,ANNA,THOMAS,5/10/1962,M,F,anna48@adventure-works.com,"$70,000 ",1,Partial College,Skilled Manual,Y
14625,MR.,BENJAMIN,SIMMONS,3/10/1962,M,M,benjamin16@adventure-works.com,"$70,000 ",1,Partial College,Skilled Manual,Y
14626,MR.,JESSE,GRAY,5/24/1961,M,M,jesse6@adventure-works.com,"$40,000 ",4,High School,Skilled Manual,Y
14627,MR.,ISAIAH,HILL,11/16/1961,M,M,isaiah37@adventure-works.com,"$60,000 ",1,Partial College,Skilled Manual,Y
14628,MR.,CARLOS,BROOKS,4/23/1961,M,M,carlos3@adventure-works.com,"$60,000 ",1,Partial College,Skilled Manual,N
14629,MR.,BLAKE,HERNANDEZ,7/24/1961,M,M,blake27@adventure-works.com,"$60,000 ",1,Partial College,Skilled Manual,Y
14630,MR.,ISAIAH,JAMES,8/7/1961,M,M,isaiah7@adventure-works.com,"$60,000 ",1,Partial College,Skilled Manual,Y
14631,MR.,LOGAN,FLORES,4/17/1961,M,M,logan15@adventure-works.com,"$60,000 ",1,Partial College,Skilled Manual,Y
14632,MR.,AUSTIN,WANG,3/15/1961,M,M,austin21@adventure-works.com,"$60,000 ",1,Partial College,Skilled Manual,Y
14633,MR.,TIMOTHY,MORGAN,10/7/1961,M,M,timothy14@adventure-works.com,"$60,000 ",1,Partial College,Skilled Manual,Y
14634,MRS.,AMBER,BAKER,11/19/1961,M,F,amber17@adventure-works.com,"$60,000 ",1,Partial College,Skilled Manual,Y
14635,MR.,LUKE,CARTER,4/12/1960,M,M,luke42@adventure-works.com,"$40,000 ",4,High School,Skilled Manual,Y
14636,MRS.,KELLY,POWELL,7/4/1960,M,F,kelly13@adventure-works.com,"$40,000 ",4,High School,Skilled Manual,Y
14637,MR.,DUSTIN,NATH,3/8/1960,M,M,dustin19@adventure-works.com,"$40,000 ",4,High School,Skilled Manual,N
14638,MR.,BLAKE,SCOTT,8/21/1960,S,M,blake31@adventure-works.com,"$40,000 ",0,Bachelors,Professional,N
14639,MR.,JEREMIAH,HOWARD,8/24/1960,M,M,jeremiah43@adventure-works.com,"$60,000 ",1,Partial College,Skilled Manual,Y
14640,MS.,MACKENZIE,ADAMS,9/4/1967,S,F,mackenzie36@adventure-works.com,"$50,000 ",0,Partial College,Skilled Manual,Y
14641,MR.,TIMOTHY,TURNER,7/19/1967,M,M,timothy30@adventure-works.com,"$50,000 ",0,Partial College,Skilled Manual,N
14642,MR.,JEFFERY,ZENG,5/14/1967,S,M,jeffery22@adventure-works.com,"$50,000 ",0,Partial College,Skilled Manual,N
14643,MR.,ERIC,SIMMONS,1/15/1967,S,M,eric22@adventure-works.com,"$50,000 ",0,Partial College,Skilled Manual,Y
14644,MS.,JENNIFER,LEE,12/14/1967,S,F,jennifer49@adventure-works.com,"$50,000 ",0,Partial College,Skilled Manual,N
14645,MR.,ISAAC,KELLY,2/21/1967,S,M,isaac2@adventure-works.com,"$60,000 ",0,Graduate Degree,Professional,N
14646,MR.,DYLAN,GARCIA,1/7/1967,S,M,dylan46@adventure-works.com,"$60,000 ",0,Graduate Degree,Professional,N
14647,MR.,SEAN,HOWARD,6/11/1967,M,M,sean19@adventure-works.com,"$60,000 ",0,Graduate Degree,Professional,N
14648,MR.,ERIC,EVANS,6/24/1928,S,M,eric42@adventure-works.com,"$90,000 ",5,Graduate Degree,Professional,Y
14649,MRS.,GRACE,COX,11/24/1960,M,F,grace36@adventure-works.com,"$60,000 ",1,Partial College,Skilled Manual,Y
14650,MR.,ADAM,PERRY,9/27/1960,M,M,adam5@adventure-works.com,"$60,000 ",1,Partial College,Skilled Manual,Y
14651,MRS.,AMBER,GREEN,5/14/1960,M,F,amber15@adventure-works.com,"$60,000 ",1,Partial College,Skilled Manual,Y
14652,MR.,RUSSELL,LUO,12/2/1960,M,M,russell10@adventure-works.com,"$60,000 ",1,Partial College,Skilled Manual,Y
14653,MR.,TROY,FERNANDEZ,1/7/1959,M,M,troy17@adventure-works.com,"$60,000 ",1,Partial College,Skilled Manual,Y
14654,MR.,KYLE,COLLINS,8/14/1959,M,M,kyle32@adventure-works.com,"$60,000 ",4,Bachelors,Professional,Y
14655,MRS.,KAYLA,WASHINGTON,1/28/1959,M,F,kayla37@adventure-works.com,"$70,000 ",5,Graduate Degree,Professional,Y
14656,MR.,BRYANT,FERNANDEZ,3/8/1959,M,M,bryant15@adventure-works.com,"$80,000 ",1,Graduate Degree,Professional,Y
14657,MR.,JOHN,THOMAS,11/11/1958,M,M,john48@adventure-works.com,"$80,000 ",1,Partial College,Skilled Manual,N
14658,MRS.,CHLOE,GREEN,5/26/1958,M,F,chloe12@adventure-works.com,"$60,000 ",1,Bachelors,Professional,Y
14659,MR.,ZACHARY,HARRIS,1/20/1958,M,M,zachary44@adventure-works.com,"$60,000 ",1,Bachelors,Professional,Y
14660,MRS.,GABRIELLE,HOWARD,3/6/1958,M,F,gabrielle11@adventure-works.com,"$60,000 ",1,Bachelors,Professional,Y
14661,MRS.,JADE,WARD,4/6/1958,M,F,jade9@adventure-works.com,"$60,000 ",1,Bachelors,Professional,Y
14662,MR.,JACK,ROSS,5/9/1958,M,M,jack4@adventure-works.com,"$60,000 ",1,Bachelors,Professional,Y
14663,MR.,ARTURO,HU,10/4/1958,M,M,arturo22@adventure-works.com,"$70,000 ",5,Bachelors,Professional,Y
14664,MRS.,KAYLA,ROSS,6/2/1958,S,F,kayla28@adventure-works.com,"$80,000 ",5,Graduate Degree,Management,Y
14665,MR.,JESSE,KING,7/17/1969,M,M,jesse43@adventure-works.com,"$80,000 ",4,Graduate Degree,Management,Y
14666,MR.,LOUIS,GAO,2/10/1969,M,M,louis9@adventure-works.com,"$90,000 ",1,Graduate Degree,Management,N
14667,MRS.,OLIVIA,ALEXANDER,7/20/1970,M,F,olivia64@adventure-works.com,"$80,000 ",4,Graduate Degree,Management,Y
14668,MR.,JOE,MARTIN,3/4/1970,M,M,joe24@adventure-works.com,"$80,000 ",4,Graduate Degree,Management,Y
14669,MRS.,ERIKA,BLANCO,7/9/1970,M,F,erika13@adventure-works.com,"$80,000 ",4,Graduate Degree,Management,Y
14670,MRS.,LESLIE,GILL,11/3/1968,S,F,leslie14@adventure-works.com,"$60,000 ",2,Bachelors,Professional,Y
14671,MRS.,CRISTINA,LAL,8/9/1967,M,F,cristina8@adventure-works.com,"$60,000 ",2,Bachelors,Professional,Y
14672,MR.,OMAR,NATH,4/9/1969,S,M,omar39@adventure-works.com,"$110,000 ",1,Graduate Degree,Management,Y
14673,MR.,WILLIE,RAI,6/23/1969,M,M,willie37@adventure-works.com,"$110,000 ",1,Graduate Degree,Management,Y
14674,MRS.,ALEXIS,WILLIAMS,10/1/1967,M,F,alexis2@adventure-works.com,"$70,000 ",5,Bachelors,Professional,Y
14675,MRS.,BRANDI,GOMEZ,8/6/1967,M,F,brandi1@adventure-works.com,"$70,000 ",5,Bachelors,Professional,N
14676,,MICAH,WANG,1/26/1967,S,NA,micah11@adventure-works.com,"$70,000 ",5,Bachelors,Professional,Y
14677,MR.,ROSS,HERNANDEZ,10/10/1966,S,M,ross24@adventure-works.com,"$80,000 ",5,Graduate Degree,Management,Y
14678,MRS.,SHANNON,ZHENG,7/1/1966,M,F,shannon18@adventure-works.com,"$80,000 ",5,Graduate Degree,Management,Y
14679,MRS.,NATASHA,SUAREZ,10/16/1966,S,F,natasha19@adventure-works.com,"$80,000 ",5,Bachelors,Professional,Y
14680,MR.,MARVIN,MUNOZ,11/19/1966,S,M,marvin8@adventure-works.com,"$80,000 ",5,Bachelors,Professional,Y
14681,MS.,VERONICA,CHANDRA,10/3/1968,S,F,veronica2@adventure-works.com,"$70,000 ",0,Bachelors,Professional,N
14682,MS.,GAIL,ALEXANDER,8/12/1968,S,F,gail5@adventure-works.com,"$70,000 ",0,Bachelors,Professional,N
14683,MRS.,MOLLY,SAI,11/26/1964,M,F,molly6@adventure-works.com,"$60,000 ",3,Bachelors,Professional,Y
14684,MR.,JAMES,ZHANG,12/14/1964,M,M,james39@adventure-works.com,"$60,000 ",3,Bachelors,Professional,Y
14685,MR.,LAWRENCE,ORTEGA,9/17/1963,S,M,lawrence21@adventure-works.com,"$60,000 ",3,Bachelors,Professional,N
14686,MRS.,CASEY,RAJE,12/14/1963,M,F,casey15@adventure-works.com,"$60,000 ",3,Bachelors,Professional,Y
14687,MS.,OLIVIA,PRICE,2/22/1974,S,F,olivia47@adventure-works.com,"$30,000 ",0,Partial College,Clerical,Y
14688,MS.,TABITHA,CARLSON,10/13/1980,S,F,tabitha39@adventure-works.com,"$20,000 ",0,Partial High School,Manual,N
14689,MS.,LLOYD,SAUNDERS,11/26/1980,S,F,lloyd0@adventure-works.com,"$20,000 ",0,Partial High School,Manual,N
14690,MR.,DREW,RAI,1/21/1980,S,M,drew19@adventure-works.com,"$20,000 ",0,Partial High School,Manual,N
14691,MR.,DERRICK,TORRES,11/13/1979,M,M,derrick11@adventure-works.com,"$30,000 ",0,Partial College,Clerical,N
14692,MS.,NICHOLE,SHARMA,3/12/1978,S,F,nichole9@adventure-works.com,"$30,000 ",0,Partial College,Clerical,N
14693,MR.,ROBERT,PARKER,2/25/1973,S,M,robert44@adventure-works.com,"$30,000 ",0,High School,Manual,N
14694,MS.,HALEY,PARKER,3/28/1973,S,F,haley47@adventure-works.com,"$30,000 ",0,High School,Manual,Y
14695,MR.,RUSSELL,ANDERSEN,9/19/1972,S,M,russell15@adventure-works.com,"$10,000 ",0,Partial High School,Manual,N
14696,MR.,SHAWN,ANAND,5/10/1972,S,M,shawn24@adventure-works.com,"$10,000 ",0,Partial High School,Manual,N
14697,MR.,NELSON,JIMENEZ,2/10/1972,S,M,nelson5@adventure-works.com,"$20,000 ",0,Partial High School,Manual,N
14698,MRS.,DIANE,NAVARRO,10/13/1973,M,F,diane15@adventure-works.com,"$40,000 ",1,Bachelors,Skilled Manual,Y
14700,MR.,EDWARD,EDWARDS,11/21/1973,M,M,edward20@adventure-works.com,"$40,000 ",1,Bachelors,Skilled Manual,Y
14701,MR.,MAURIZIO,MACAGNO,3/21/1972,S,M,maurizio0@adventure-works.com,"$20,000 ",0,Partial High School,Manual,N
14702,MR.,CURTIS,ZIMMERMAN,12/7/1972,M,M,curtis1@adventure-works.com,"$30,000 ",0,High School,Manual,N
14703,MR.,CLIFFORD,SRINI,6/2/1972,S,M,clifford8@adventure-works.com,"$30,000 ",0,High School,Manual,N
14704,MS.,KARA,ANDERSEN,7/21/1971,S,F,kara12@adventure-works.com,"$10,000 ",0,Partial High School,Manual,N
14705,MRS.,RILEY,WOOD,1/15/1972,S,F,riley2@adventure-works.com,"$40,000 ",2,Partial College,Clerical,Y
14706,MRS.,KATE,JAI,5/26/1972,S,F,kate9@adventure-works.com,"$40,000 ",2,Partial College,Clerical,Y
14707,MS.,TONYA,RAJE,10/27/1971,S,F,tonya13@adventure-works.com,"$10,000 ",0,Partial High School,Manual,N
14708,MS.,EVELYN,KAPOOR,4/5/1971,S,F,evelyn1@adventure-works.com,"$20,000 ",0,Partial High School,Manual,N
14709,MR.,IAN,MARTIN,3/14/1971,S,M,ian14@adventure-works.com,"$30,000 ",0,High School,Manual,N
14710,MS.,LISA,MA,2/24/1971,S,F,lisa19@adventure-works.com,"$30,000 ",0,High School,Manual,N
14711,MS.,DEBORAH,XU,11/1/1971,S,F,deborah9@adventure-works.com,"$30,000 ",0,High School,Manual,Y
14712,MR.,EUGENE,LIU,11/22/1971,S,M,eugene8@adventure-works.com,"$30,000 ",0,High School,Manual,N
14713,MR.,JON,YE,7/8/1970,S,M,jon29@adventure-works.com,"$40,000 ",2,Partial College,Clerical,Y
14714,MRS.,MEGHAN,DIAZ,8/11/1970,S,F,meghan2@adventure-works.com,"$40,000 ",2,Partial College,Clerical,Y
14715,MR.,ERIK,MUNOZ,11/20/1970,M,M,erik8@adventure-works.com,"$40,000 ",2,Partial College,Clerical,N
14716,MRS.,SHANNON,ZHOU,6/1/1971,S,F,shannon9@adventure-works.com,"$40,000 ",2,Partial College,Clerical,Y
14717,MRS.,ABIGAIL,RIVERA,3/5/1971,S,F,abigail12@adventure-works.com,"$40,000 ",2,Partial College,Clerical,Y
14718,MR.,GREGORY,RAJI,10/15/1971,S,M,gregory25@adventure-works.com,"$40,000 ",2,Partial College,Clerical,Y
14719,MR.,RONNIE,HE,4/8/1970,M,M,ronnie16@adventure-works.com,"$40,000 ",2,Partial College,Clerical,N
14720,MRS.,NAOMI,DOMINGUEZ,7/4/1970,S,F,naomi13@adventure-works.com,"$40,000 ",3,Partial College,Clerical,Y
14721,MR.,DANIEL,JONES,7/16/1974,S,M,daniel20@adventure-works.com,"$40,000 ",3,Partial College,Clerical,Y
14722,MRS.,SHARON,CARSON,12/27/1974,S,F,sharon20@adventure-works.com,"$40,000 ",3,Partial College,Clerical,Y
14723,MR.,ANDREW,SMITH,4/26/1975,S,M,andrew9@adventure-works.com,"$40,000 ",4,Partial College,Clerical,Y
14724,MR.,DYLAN,ROBINSON,7/12/1966,M,M,dylan48@adventure-works.com,"$60,000 ",0,Graduate Degree,Skilled Manual,Y
14725,MR.,EVAN,MORGAN,11/27/1966,M,M,evan14@adventure-works.com,"$60,000 ",0,Graduate Degree,Skilled Manual,Y
14726,MR.,ZACHARY,YANG,7/3/1966,S,M,zachary25@adventure-works.com,"$60,000 ",0,Graduate Degree,Skilled Manual,N
14727,MS.,ANNA,BRYANT,7/6/1966,S,F,anna43@adventure-works.com,"$60,000 ",0,Graduate Degree,Skilled Manual,Y
14728,MS.,ELIZABETH,HENDERSON,5/22/1966,S,F,elizabeth34@adventure-works.com,"$60,000 ",0,Graduate Degree,Skilled Manual,Y
14729,MS.,GLORIA,RUBIO,7/8/1966,S,F,gloria21@adventure-works.com,"$60,000 ",0,Graduate Degree,Skilled Manual,Y
14730,MR.,JERRY,FERRIER,2/17/1953,M,M,jerry22@adventure-works.com,"$20,000 ",2,High School,Manual,N
14731,MR.,SETH,BROWN,5/25/1953,M,M,seth4@adventure-works.com,"$30,000 ",1,Bachelors,Skilled Manual,Y
14732,MRS.,TRINITY,COOK,11/24/1953,M,F,trinity18@adventure-works.com,"$30,000 ",1,Bachelors,Skilled Manual,Y
14733,MR.,CLARENCE,RAJI,2/26/1953,M,M,clarence35@adventure-works.com,"$30,000 ",1,Bachelors,Skilled Manual,Y
14734,MR.,KEVIN,EDWARDS,11/11/1953,M,M,kevin38@adventure-works.com,"$30,000 ",1,Bachelors,Skilled Manual,Y
14735,MRS.,MARIA,ROGERS,10/10/1953,M,F,maria3@adventure-works.com,"$30,000 ",1,Partial College,Clerical,Y
14736,MR.,JACK,ROBERTS,5/11/1954,M,M,jack39@adventure-works.com,"$20,000 ",3,Partial High School,Manual,N
14737,MR.,DOMINIC,SRINI,5/20/1954,S,M,dominic8@adventure-works.com,"$20,000 ",3,Partial High School,Clerical,Y
14738,MR.,ETHAN,GARCIA,3/15/1954,M,M,ethan52@adventure-works.com,"$40,000 ",1,Partial College,Clerical,Y
14739,MR.,CHARLES,GONZALEZ,9/26/1954,M,M,charles37@adventure-works.com,"$40,000 ",1,Partial College,Clerical,Y
14741,MRS.,EMMA,COOPER,8/3/1954,M,F,emma35@adventure-works.com,"$40,000 ",1,Partial College,Clerical,Y
14742,MRS.,ANDREA,HOWARD,7/19/1955,M,F,andrea12@adventure-works.com,"$40,000 ",1,Partial College,Clerical,Y
14743,MR.,NATHAN,TURNER,2/25/1955,M,M,nathan34@adventure-works.com,"$40,000 ",1,Partial College,Clerical,Y
14744,MR.,ELIJAH,YANG,8/26/1955,M,M,elijah1@adventure-works.com,"$40,000 ",1,Partial College,Clerical,Y
14745,MR.,LUKE,HALL,3/21/1955,M,M,luke51@adventure-works.com,"$40,000 ",1,Partial College,Clerical,Y
14746,MRS.,COURTNEY,NELSON,4/5/1955,M,F,courtney7@adventure-works.com,"$40,000 ",1,Partial College,Clerical,Y
14747,MR.,AIDAN,WOOD,11/16/1955,M,M,aidan2@adventure-works.com,"$40,000 ",1,Partial College,Clerical,Y
14748,MR.,DON,ROESSLER,3/9/1956,M,M,don7@adventure-works.com,"$40,000 ",1,Partial College,Clerical,Y
14749,MR.,JOSE,JENKINS,4/27/1956,M,M,jose30@adventure-works.com,"$40,000 ",1,Partial College,Clerical,Y
14750,MRS.,MARY,GREEN,11/5/1956,M,F,mary28@adventure-works.com,"$40,000 ",1,Partial College,Clerical,Y
14751,MRS.,GABRIELLE,PRICE,5/8/1956,M,F,gabrielle22@adventure-works.com,"$40,000 ",1,Partial College,Clerical,Y
14752,MR.,SETH,TURNER,11/11/1957,M,M,seth41@adventure-works.com,"$40,000 ",1,Partial College,Clerical,Y
14753,MR.,AUSTIN,FOSTER,9/27/1957,M,M,austin12@adventure-works.com,"$40,000 ",1,Partial College,Clerical,Y
14754,MR.,GRANT,PAL,11/17/1957,M,M,grant14@adventure-works.com,"$40,000 ",1,Partial College,Clerical,Y
14755,MR.,ROBERT,DAVIS,11/21/1957,M,M,robert64@adventure-works.com,"$40,000 ",1,Partial College,Clerical,Y
14756,MR.,CHARLES,REED,5/15/1957,M,M,charles68@adventure-works.com,"$40,000 ",1,Partial College,Clerical,Y
14757,MRS.,ELIZABETH,GARCIA,1/2/1957,M,F,elizabeth20@adventure-works.com,"$40,000 ",1,Partial College,Clerical,Y
14758,MRS.,VICTORIA,LONG,5/26/1958,S,F,victoria57@adventure-works.com,"$80,000 ",4,Graduate Degree,Skilled Manual,Y
14759,MRS.,MADISON,DAVIS,3/12/1958,S,F,madison5@adventure-works.com,"$80,000 ",4,Graduate Degree,Skilled Manual,Y
14760,MR.,ZACHARY,LEWIS,12/12/1958,M,M,zachary28@adventure-works.com,"$80,000 ",4,Graduate Degree,Skilled Manual,Y
14761,MRS.,MORGAN,KELLY,9/25/1958,S,F,morgan68@adventure-works.com,"$80,000 ",4,Graduate Degree,Skilled Manual,Y
14762,MRS.,ADRIANA,PEREZ,8/10/1958,S,F,adriana22@adventure-works.com,"$80,000 ",4,Graduate Degree,Skilled Manual,Y
14763,MR.,GEORGE,ARUN,11/11/1958,S,M,george12@adventure-works.com,"$80,000 ",4,Graduate Degree,Skilled Manual,Y
14764,MR.,XAVIER,SCOTT,9/3/1959,S,M,xavier27@adventure-works.com,"$60,000 ",4,Graduate Degree,Skilled Manual,Y
14765,MR.,KEVIN,NELSON,2/16/1959,M,M,kevin47@adventure-works.com,"$60,000 ",4,Graduate Degree,Skilled Manual,Y
14766,MR.,CURTIS,XU,2/22/1968,S,M,curtis10@adventure-works.com,"$20,000 ",1,Partial College,Manual,N
14767,MRS.,STACY,BLANCO,8/18/1968,S,F,stacy16@adventure-works.com,"$20,000 ",1,Partial College,Manual,N
14768,MR.,IAN,KELLY,6/20/1924,M,M,ian67@adventure-works.com,"$10,000 ",4,Partial College,Manual,N
14769,MRS.,JESSICA,POWELL,9/15/1968,M,F,jessica33@adventure-works.com,"$30,000 ",1,Bachelors,Clerical,Y
14770,MR.,MELVIN,ANDERSEN,6/5/1968,M,M,melvin11@adventure-works.com,"$30,000 ",1,Bachelors,Clerical,Y
14771,MRS.,HEIDI,VANCE,8/23/1968,M,F,heidi6@adventure-works.com,"$30,000 ",1,Bachelors,Clerical,Y
14772,MRS.,STACY,TORRES,10/23/1968,M,F,stacy12@adventure-works.com,"$30,000 ",1,Bachelors,Clerical,Y
14773,MR.,NOAH,ROSS,4/27/1968,M,M,noah0@adventure-works.com,"$40,000 ",0,Graduate Degree,Clerical,Y
14774,MR.,MAX,FERRIER,3/17/1968,S,M,max8@adventure-works.com,"$40,000 ",0,Graduate Degree,Clerical,Y
14775,MS.,BONNIE,XIE,11/15/1968,M,F,bonnie8@adventure-works.com,"$40,000 ",0,Graduate Degree,Clerical,Y
14776,MR.,RONALD,ARTHUR,1/25/1968,M,M,ronald8@adventure-works.com,"$40,000 ",0,Graduate Degree,Clerical,Y
14777,MS.,KAYLA,JENKINS,4/9/1968,M,F,kayla31@adventure-works.com,"$40,000 ",0,Bachelors,Clerical,Y
14778,MRS.,RENEE,JIMENEZ,6/21/1967,S,F,renee5@adventure-works.com,"$10,000 ",3,Partial High School,Manual,Y
14779,MR.,HENRY,FERNANDEZ,3/12/1967,S,M,henry17@adventure-works.com,"$10,000 ",3,Partial High School,Manual,Y
14780,MRS.,TABITHA,ALONSO,8/3/1967,S,F,tabitha28@adventure-works.com,"$10,000 ",4,Partial High School,Manual,Y
14781,MR.,ROBERT,BUTLER,5/4/1967,S,M,robert27@adventure-works.com,"$20,000 ",1,Partial College,Manual,N
14782,MR.,MICHAEL,LEWIS,10/17/1967,S,M,michael53@adventure-works.com,"$20,000 ",1,Partial College,Manual,N
14783,MRS.,CRISTINA,SHAN,7/26/1967,S,F,cristina10@adventure-works.com,"$20,000 ",1,Partial College,Manual,N
14784,MR.,VICTOR,DOMINGUEZ,12/5/1967,S,M,victor13@adventure-works.com,"$30,000 ",1,Bachelors,Clerical,N
14785,MR.,GAVIN,PATTERSON,3/11/1967,S,M,gavin10@adventure-works.com,"$30,000 ",1,Bachelors,Clerical,N
14786,MR.,TRISTAN,JENKINS,8/12/1967,M,M,tristan7@adventure-works.com,"$30,000 ",1,Bachelors,Clerical,Y
14787,MRS.,TABITHA,SMITH,6/20/1966,S,F,tabitha6@adventure-works.com,"$20,000 ",1,High School,Manual,N
14789,MRS.,ROSA,ZHANG,10/3/1966,S,F,rosa0@adventure-works.com,"$20,000 ",2,High School,Manual,Y
14790,MR.,TERRY,TANG,2/9/1967,M,M,terry7@adventure-works.com,"$40,000 ",0,Bachelors,Clerical,Y
14791,MS.,ASHLEE,DENG,5/2/1967,M,F,ashlee8@adventure-works.com,"$40,000 ",0,Bachelors,Clerical,Y
14792,MR.,JEROME,RUBIO,8/16/1967,M,M,jerome20@adventure-works.com,"$40,000 ",0,Bachelors,Clerical,Y
14793,MR.,CLAYTON,NATH,6/21/1967,S,M,clayton36@adventure-works.com,"$40,000 ",0,Bachelors,Clerical,Y
14794,MR.,GILBERT,BECKER,8/13/1967,M,M,gilbert40@adventure-works.com,"$40,000 ",0,Bachelors,Clerical,Y
14795,MRS.,CRYSTAL,GAO,3/6/1966,M,F,crystal16@adventure-works.com,"$30,000 ",1,Bachelors,Skilled Manual,Y
14796,MR.,MICHAEL,MILLER,1/8/1965,S,M,michael38@adventure-works.com,"$10,000 ",4,Partial High School,Manual,Y
14797,MR.,STEVE,GAO,1/8/1965,S,M,steve17@adventure-works.com,"$10,000 ",4,Partial High School,Manual,Y
14798,MRS.,COLLEEN,NARA,8/18/1965,S,F,colleen39@adventure-works.com,"$10,000 ",4,Partial High School,Manual,Y
14799,MRS.,KATIE,XU,8/15/1965,S,F,katie7@adventure-works.com,"$20,000 ",2,High School,Manual,Y
14800,MRS.,ABBY,ARTHUR,1/3/1965,M,F,abby5@adventure-works.com,"$30,000 ",1,Bachelors,Skilled Manual,Y
14801,MRS.,RILEY,SIMMONS,2/15/1964,M,F,riley13@adventure-works.com,"$10,000 ",3,Partial High School,Manual,N
14802,MRS.,AUDREY,MORENO,9/19/1964,S,F,audrey7@adventure-works.com,"$20,000 ",2,High School,Manual,Y
14803,MRS.,STACY,MARTIN,6/7/1964,S,F,stacy1@adventure-works.com,"$20,000 ",3,High School,Manual,Y
14804,MRS.,MARTHA,ZHOU,4/7/1963,S,F,martha8@adventure-works.com,"$10,000 ",3,Partial High School,Manual,Y
14805,MRS.,KARI,GARCIA,6/22/1963,S,F,kari15@adventure-works.com,"$10,000 ",3,Partial High School,Manual,Y
14806,MR.,DAMIEN,JAI,5/7/1963,S,M,damien27@adventure-works.com,"$10,000 ",3,Partial High School,Manual,Y
14807,MRS.,BRENDA,MARTINEZ,2/5/1963,S,F,brenda21@adventure-works.com,"$10,000 ",4,Partial High School,Manual,Y
14808,MRS.,CYNTHIA,PRASAD,9/20/1963,S,F,cynthia14@adventure-works.com,"$10,000 ",4,Partial High School,Manual,Y
14809,MR.,MAX,SUAREZ,4/7/1963,S,M,max17@adventure-works.com,"$20,000 ",3,High School,Manual,Y
14810,MR.,RUSSELL,ANAND,11/26/1966,M,M,russell25@adventure-works.com,"$40,000 ",0,Bachelors,Professional,Y
14811,MS.,MOLLY,SANCHEZ,8/22/1966,M,F,molly19@adventure-works.com,"$40,000 ",0,Bachelors,Professional,Y
14812,MR.,HUNTER,HENDERSON,5/17/1966,M,M,hunter1@adventure-works.com,"$40,000 ",0,Bachelors,Professional,Y
14813,MRS.,MADISON,HAYES,5/2/1963,S,F,madison34@adventure-works.com,"$20,000 ",4,High School,Manual,Y
14814,MRS.,CHRISTINE,JAI,7/22/1963,S,F,christine6@adventure-works.com,"$30,000 ",2,Partial College,Clerical,Y
14815,MRS.,ISABELLA,GONZALES,12/18/1965,M,F,isabella27@adventure-works.com,"$40,000 ",1,Bachelors,Skilled Manual,Y
14816,MRS.,KATHERINE,LEWIS,10/24/1965,M,F,katherine92@adventure-works.com,"$40,000 ",1,Bachelors,Skilled Manual,Y
14817,MRS.,ANNA,WASHINGTON,9/16/1965,M,F,anna38@adventure-works.com,"$40,000 ",1,Bachelors,Skilled Manual,Y
14818,MRS.,DIANE,RUIZ,5/26/1964,S,F,diane7@adventure-works.com,"$30,000 ",2,Partial College,Clerical,Y
14819,MRS.,DANA,RUIZ,6/9/1964,M,F,dana18@adventure-works.com,"$30,000 ",2,Partial College,Clerical,N
14820,MR.,DREW,BHAT,9/3/1964,M,M,drew21@adventure-works.com,"$40,000 ",1,Bachelors,Skilled Manual,Y
14821,MR.,MAURICE,RAJE,4/8/1964,M,M,maurice15@adventure-works.com,"$40,000 ",1,Bachelors,Skilled Manual,Y
14822,MRS.,JESSICA,MARTIN,9/25/1963,S,F,jessica62@adventure-works.com,"$30,000 ",3,Partial College,Clerical,Y
14823,MR.,NELSON,HARRISON,12/28/1963,S,M,nelson9@adventure-works.com,"$30,000 ",3,Partial College,Clerical,Y
14824,MR.,MIGUEL,BAKER,11/17/1963,S,M,miguel33@adventure-works.com,"$30,000 ",3,Partial College,Clerical,Y
14825,MS.,REBEKAH,ALONSO,3/3/1977,S,F,rebekah28@adventure-works.com,"$20,000 ",0,High School,Manual,N
14826,MRS.,STEFANIE,LOPEZ,8/17/1979,M,F,stefanie14@adventure-works.com,"$20,000 ",4,High School,Manual,N
14827,MR.,ERNEST,XU,4/4/1979,S,M,ernest12@adventure-works.com,"$30,000 ",3,Partial College,Clerical,Y
14828,MR.,HECTOR,MUÑOZ,9/9/1979,S,M,hector5@adventure-works.com,"$30,000 ",3,Partial College,Clerical,Y
14829,MRS.,GINA,VAZQUEZ,1/15/1978,S,F,gina15@adventure-works.com,"$30,000 ",3,Partial College,Clerical,Y
14830,MRS.,ISABELLA,WARD,8/13/1963,M,F,isabella2@adventure-works.com,"$40,000 ",1,Bachelors,Skilled Manual,Y
14831,MR.,GILBERT,XIE,2/6/1963,M,M,gilbert24@adventure-works.com,"$40,000 ",1,Bachelors,Skilled Manual,Y
14832,MR.,BARRY,RANA,11/5/1963,M,M,barry12@adventure-works.com,"$40,000 ",1,Bachelors,Skilled Manual,Y
14833,MRS.,RILEY,HAYES,6/13/1962,S,F,riley19@adventure-works.com,"$30,000 ",1,Partial College,Clerical,Y
14835,MRS.,MELODY,SAUNDERS,9/2/1978,S,F,melody20@adventure-works.com,"$30,000 ",4,Partial College,Clerical,Y
14836,MR.,PETER,CHANDER,4/6/1978,M,M,peter20@adventure-works.com,"$30,000 ",4,Partial College,Clerical,N
14837,MR.,DENNIS,LI,7/17/1977,S,M,dennis4@adventure-works.com,"$30,000 ",0,Partial College,Clerical,Y
14838,MR.,DARREN,ALVAREZ,7/26/1977,S,M,darren26@adventure-works.com,"$30,000 ",0,Partial College,Clerical,N
14839,MS.,NATASHA,SANZ,5/18/1977,S,F,natasha20@adventure-works.com,"$30,000 ",0,Partial College,Clerical,N
14840,MS.,AUTUMN,ZHU,10/23/1977,S,F,autumn13@adventure-works.com,"$30,000 ",0,Partial College,Clerical,N
14841,MR.,FRANKLIN,PAL,12/7/1911,M,M,franklin30@adventure-works.com,"$20,000 ",2,Partial High School,Manual,Y
14842,MS.,MEAGAN,KIM,8/10/1975,S,F,meagan1@adventure-works.com,"$20,000 ",0,High School,Manual,N
14843,MR.,LEE,VAZQUEZ,7/7/1975,S,M,lee13@adventure-works.com,"$20,000 ",0,High School,Manual,N
14844,MR.,BLAKE,MILLER,3/1/1975,S,M,blake5@adventure-works.com,"$20,000 ",0,Partial High School,Manual,N
14845,MS.,CHELSEA,SAI,8/17/1974,S,F,chelsea6@adventure-works.com,"$10,000 ",0,Partial High School,Manual,N
14846,MS.,KELSEY,CHANDE,11/13/1974,S,F,kelsey14@adventure-works.com,"$20,000 ",0,Partial High School,Manual,Y
14847,MS.,VADIM,SAZANOVICH,3/12/1974,S,F,vadim0@adventure-works.com,"$20,000 ",0,Partial High School,Manual,N
14848,MR.,GEORGE,LOUVERDIS,9/10/1975,S,M,george5@adventure-works.com,"$30,000 ",0,Partial College,Clerical,N
14849,MR.,DWAYNE,MARTIN,10/12/1975,S,M,dwayne0@adventure-works.com,"$30,000 ",0,Partial College,Clerical,N
14852,MR.,ADAM,GONZALEZ,11/13/1978,S,M,adam39@adventure-works.com,"$60,000 ",0,Partial College,Skilled Manual,N
14853,MR.,DERRICK,DIAZ,2/13/1948,M,M,derrick3@adventure-works.com,"$20,000 ",2,High School,Skilled Manual,Y
14854,MRS.,NANCY,FERNANDEZ,11/12/1948,S,F,nancy19@adventure-works.com,"$20,000 ",2,Partial High School,Clerical,Y
14855,MRS.,DEANNA,WEBER,12/24/1948,S,F,deanna7@adventure-works.com,"$30,000 ",3,Partial College,Clerical,Y
14856,MS.,KARI,CARLSON,8/4/1977,S,F,kari39@adventure-works.com,"$40,000 ",0,Partial High School,Clerical,Y
14857,MRS.,DIANE,SERRANO,1/27/1949,M,F,diane21@adventure-works.com,"$20,000 ",2,Partial High School,Clerical,Y
14858,MR.,LOUIS,ZHU,6/21/1951,M,M,louis8@adventure-works.com,"$30,000 ",3,High School,Skilled Manual,N
14859,MR.,JARROD,WEBER,3/5/1952,M,M,jarrod4@adventure-works.com,"$30,000 ",3,High School,Skilled Manual,N
14860,MR.,ARTURO,CHANDE,6/17/1952,M,M,arturo40@adventure-works.com,"$40,000 ",2,Partial College,Skilled Manual,N
14861,MRS.,MISTY,DENG,4/10/1971,S,F,misty2@adventure-works.com,"$40,000 ",2,Partial College,Clerical,Y
14862,MR.,SPENCER,JENKINS,8/21/1971,S,M,spencer8@adventure-works.com,"$40,000 ",2,Partial College,Clerical,Y
14863,MRS.,DANA,CARLSON,10/23/1971,S,F,dana11@adventure-works.com,"$40,000 ",2,Partial College,Clerical,Y
14864,MRS.,DESIREE,CARLSON,6/25/1971,S,F,desiree14@adventure-works.com,"$40,000 ",2,Partial College,Clerical,Y
14865,MR.,AUSTIN,COLEMAN,7/15/1970,S,M,austin1@adventure-works.com,"$40,000 ",2,Partial College,Clerical,Y
14866,MRS.,HAILEY,PETERSON,10/21/1970,S,F,hailey14@adventure-works.com,"$40,000 ",2,Partial College,Clerical,Y
14867,MRS.,LAUREN,RICHARDSON,7/8/1975,S,F,lauren10@adventure-works.com,"$40,000 ",3,Partial College,Clerical,Y
14868,MRS.,ARIANA,MORGAN,8/20/1975,S,F,ariana20@adventure-works.com,"$40,000 ",3,Partial College,Clerical,Y
14869,MRS.,JENNIFER,BRYANT,8/26/1975,S,F,jennifer91@adventure-works.com,"$40,000 ",3,Partial College,Clerical,Y
14870,MRS.,BRANDI,ORTEGA,1/11/1974,S,F,brandi21@adventure-works.com,"$40,000 ",3,Partial College,Clerical,Y
14871,MR.,TIMOTHY,HILL,4/11/1974,S,M,timothy39@adventure-works.com,"$40,000 ",3,Partial College,Clerical,Y
14872,MR.,FERNANDO,CLARK,2/27/1974,M,M,fernando17@adventure-works.com,"$30,000 ",0,Graduate Degree,Skilled Manual,Y
14873,MR.,FERNANDO,LONG,2/10/1974,M,M,fernando52@adventure-works.com,"$30,000 ",0,Graduate Degree,Skilled Manual,Y
14874,MRS.,NICOLE,SANCHEZ,8/27/1975,S,F,nicole26@adventure-works.com,"$40,000 ",3,Partial College,Clerical,Y
14875,MRS.,ALYSSA,FOSTER,12/28/1975,S,F,alyssa61@adventure-works.com,"$40,000 ",3,Partial College,Clerical,Y
14876,MR.,NATHAN,ANDERSON,3/9/1931,M,M,nathan68@adventure-works.com,"$40,000 ",1,Graduate Degree,Skilled Manual,Y
14877,MR.,STEVEN,BROOKS,7/14/1966,S,M,steven11@adventure-works.com,"$60,000 ",0,Graduate Degree,Skilled Manual,N
14878,MR.,MARCUS,MURPHY,3/3/1966,M,M,marcus91@adventure-works.com,"$60,000 ",0,Graduate Degree,Skilled Manual,N
14879,MS.,ANDREA,RICHARDSON,11/26/1966,S,F,andrea10@adventure-works.com,"$60,000 ",0,Graduate Degree,Skilled Manual,Y
14880,MRS.,JESSICA,ROSS,4/10/1953,M,F,jessica28@adventure-works.com,"$30,000 ",1,Bachelors,Skilled Manual,Y
14882,MRS.,KATHRYN,NARA,10/21/1953,M,F,kathryn15@adventure-works.com,"$30,000 ",1,Bachelors,Skilled Manual,Y
14884,MRS.,KRISTI,TORRES,4/5/1953,M,F,kristi7@adventure-works.com,"$30,000 ",1,Bachelors,Skilled Manual,Y
14885,MRS.,JUDITH,WHITE,2/8/1954,M,F,judith4@adventure-works.com,"$20,000 ",3,Partial High School,Manual,N
14886,MRS.,SYDNEY,POWELL,6/8/1954,S,F,sydney31@adventure-works.com,"$20,000 ",3,Partial High School,Manual,Y
14887,MRS.,LAUREN,WILSON,3/3/1954,M,F,lauren25@adventure-works.com,"$30,000 ",1,High School,Clerical,Y
14889,MR.,DREW,KUMAR,10/9/1954,M,M,drew8@adventure-works.com,"$30,000 ",1,High School,Clerical,Y
14890,MR.,WYATT,ADAMS,7/26/1954,M,M,wyatt35@adventure-works.com,"$30,000 ",1,High School,Clerical,Y
14891,MR.,KYLE,HAYES,5/10/1954,M,M,kyle18@adventure-works.com,"$40,000 ",1,Partial College,Clerical,Y
14892,MRS.,SAVANNAH,SANDERS,2/5/1955,M,F,savannah2@adventure-works.com,"$40,000 ",1,Partial College,Clerical,Y
14893,MRS.,GABRIELLE,DIAZ,2/8/1955,M,F,gabrielle44@adventure-works.com,"$40,000 ",1,Partial College,Clerical,Y
14894,MR.,JAMES,BAKER,11/19/1955,M,M,james65@adventure-works.com,"$40,000 ",1,Partial College,Clerical,Y
14895,MR.,CONNOR,HERNANDEZ,10/7/1955,M,M,connor45@adventure-works.com,"$40,000 ",1,Partial College,Clerical,Y
14896,MRS.,ALEXIA,FLORES,5/11/1955,M,F,alexia10@adventure-works.com,"$40,000 ",1,Partial College,Clerical,Y
14897,MR.,HUNTER,MOORE,7/3/1956,M,M,hunter67@adventure-works.com,"$40,000 ",1,Partial College,Clerical,Y
14898,MRS.,KATELYN,EDWARDS,4/3/1956,M,F,katelyn23@adventure-works.com,"$40,000 ",1,Partial College,Clerical,Y
14899,MR.,RODNEY,DOMINGUEZ,9/25/1956,M,M,rodney9@adventure-works.com,"$40,000 ",1,Partial College,Clerical,Y
14900,MRS.,RACHEL,LEWIS,10/24/1956,M,F,rachel24@adventure-works.com,"$40,000 ",1,Partial College,Clerical,Y
14901,MRS.,KATHERINE,RICHARDSON,7/23/1956,M,F,katherine13@adventure-works.com,"$40,000 ",1,Partial College,Clerical,Y
14902,MRS.,ARIANNA,DIAZ,9/24/1956,M,F,arianna19@adventure-works.com,"$40,000 ",1,Partial College,Clerical,Y
14903,MRS.,AMANDA,MORGAN,3/4/1956,M,F,amanda4@adventure-works.com,"$40,000 ",1,Partial College,Clerical,Y
14904,MR.,SPENCER,POWELL,5/2/1956,M,M,spencer10@adventure-works.com,"$40,000 ",1,Partial College,Clerical,Y
14905,,RICARDO,SHEN,4/2/1956,M,NA,ricardo2@adventure-works.com,"$40,000 ",1,Partial College,Clerical,Y
14906,MR.,ROBERT,WASHINGTON,11/16/1956,M,M,robert26@adventure-works.com,"$40,000 ",1,Partial College,Clerical,Y
14908,MRS.,MORGAN,MITCHELL,7/9/1956,M,F,morgan8@adventure-works.com,"$40,000 ",1,Partial College,Clerical,Y
14909,MR.,BENJAMIN,BRYANT,9/22/1956,M,M,benjamin19@adventure-works.com,"$40,000 ",1,Partial College,Clerical,Y
14910,MRS.,CAITLIN,MURPHY,11/24/1957,M,F,caitlin12@adventure-works.com,"$40,000 ",1,Partial College,Clerical,Y
14911,MRS.,SHELBY,WATSON,2/19/1957,M,F,shelby0@adventure-works.com,"$40,000 ",1,Partial College,Clerical,Y
14912,MRS.,EMMA,TAYLOR,8/21/1957,M,F,emma8@adventure-works.com,"$40,000 ",1,Partial College,Clerical,Y
14913,MRS.,CHLOE,ROBERTS,10/18/1957,M,F,chloe10@adventure-works.com,"$40,000 ",1,Partial College,Clerical,Y
14914,MRS.,ARIANNA,GRAY,8/18/1957,M,F,arianna27@adventure-works.com,"$40,000 ",1,Partial College,Clerical,Y
14915,MRS.,KATHERINE,HOWARD,10/11/1957,M,F,katherine15@adventure-works.com,"$40,000 ",1,Partial College,Clerical,Y
14916,MRS.,PAIGE,WASHINGTON,9/17/1958,S,F,paige12@adventure-works.com,"$80,000 ",4,Graduate Degree,Skilled Manual,Y
14917,MR.,ADRIAN,MORGAN,1/22/1958,M,M,adrian14@adventure-works.com,"$80,000 ",4,Graduate Degree,Skilled Manual,Y
14918,MRS.,MARIAH,HOWARD,11/6/1958,S,F,mariah36@adventure-works.com,"$80,000 ",4,Graduate Degree,Skilled Manual,Y
14919,MR.,ERIK,TORRES,10/26/1958,M,M,erik12@adventure-works.com,"$80,000 ",4,Graduate Degree,Skilled Manual,Y
14920,MR.,JASON,HILL,5/24/1959,M,M,jason42@adventure-works.com,"$60,000 ",4,Graduate Degree,Skilled Manual,Y
14921,MRS.,SARA,WATSON,9/24/1959,S,F,sara9@adventure-works.com,"$60,000 ",4,Graduate Degree,Skilled Manual,N
14922,MRS.,PAIGE,PERRY,9/14/1959,S,F,paige8@adventure-works.com,"$60,000 ",4,Graduate Degree,Skilled Manual,N
14923,MR.,ANDY,BLANCO,2/2/1968,S,M,andy20@adventure-works.com,"$20,000 ",1,Partial College,Manual,N
14924,MRS.,CYNTHIA,SAI,12/17/1968,M,F,cynthia10@adventure-works.com,"$20,000 ",1,Partial College,Manual,Y
14925,MRS.,ASHLEY,HUGHES,10/28/1968,M,F,ashley38@adventure-works.com,"$30,000 ",1,Bachelors,Clerical,Y
14926,MR.,JUAN,ROGERS,3/21/1968,M,M,juan29@adventure-works.com,"$30,000 ",1,Bachelors,Clerical,Y
14927,MRS.,CHELSEA,MARTINEZ,9/26/1968,M,F,chelsea19@adventure-works.com,"$30,000 ",1,Bachelors,Clerical,Y
14928,MR.,ROY,PATEL,3/21/1968,M,M,roy3@adventure-works.com,"$30,000 ",1,Bachelors,Clerical,Y
14929,MR.,PETER,ANAND,10/3/1968,M,M,peter27@adventure-works.com,"$30,000 ",1,Bachelors,Clerical,Y
14930,MRS.,CINDY,SARA,7/1/1968,S,F,cindy10@adventure-works.com,"$30,000 ",1,Bachelors,Clerical,N
14931,MR.,ANDRES,PAL,11/2/1968,M,M,andres9@adventure-works.com,"$40,000 ",0,Graduate Degree,Clerical,Y
14932,MR.,PEDRO,FERNANDEZ,4/21/1967,M,M,pedro15@adventure-works.com,"$20,000 ",1,Partial College,Manual,Y
14933,MR.,RONALD,PATEL,1/18/1967,M,M,ronald5@adventure-works.com,"$20,000 ",1,Partial College,Manual,Y
14934,MR.,JERMAINE,SAI,3/24/1967,S,M,jermaine4@adventure-works.com,"$30,000 ",1,Bachelors,Clerical,N
14935,MR.,RAFAEL,LIANG,6/11/1967,S,M,rafael18@adventure-works.com,"$30,000 ",1,Bachelors,Clerical,N
14936,MR.,BRYAN,SANCHEZ,2/20/1967,S,M,bryan18@adventure-works.com,"$30,000 ",1,Bachelors,Clerical,N
14937,MR.,BRENDAN,XU,11/23/1966,S,M,brendan4@adventure-works.com,"$10,000 ",4,Partial High School,Manual,Y
14938,MRS.,MALLORY,SANZ,6/16/1966,S,F,mallory6@adventure-works.com,"$20,000 ",1,High School,Manual,N
14939,MR.,CORY,KAPOOR,4/18/1967,M,M,cory19@adventure-works.com,"$40,000 ",0,Bachelors,Clerical,Y
14940,MS.,CARMEN,RANA,2/23/1967,M,F,carmen14@adventure-works.com,"$40,000 ",0,Bachelors,Clerical,N
14941,MRS.,EMMA,PATTERSON,7/27/1966,S,F,emma56@adventure-works.com,"$20,000 ",2,High School,Manual,Y
14942,MRS.,WHITNEY,MADAN,2/13/1966,S,F,whitney6@adventure-works.com,"$30,000 ",1,Bachelors,Clerical,N
14943,MRS.,LINDSAY,PAL,8/12/1966,M,F,lindsay12@adventure-works.com,"$30,000 ",1,Bachelors,Clerical,Y
14944,MR.,SEBASTIAN,WATSON,8/10/1965,S,M,sebastian1@adventure-works.com,"$10,000 ",5,Partial High School,Manual,Y
14945,MRS.,SAMANTHA,LEWIS,12/8/1965,S,F,samantha22@adventure-works.com,"$10,000 ",5,Partial High School,Manual,Y
14946,MR.,FREDERICK,VANCE,9/4/1965,S,M,frederick3@adventure-works.com,"$20,000 ",2,High School,Manual,Y
14947,MR.,ALEJANDRO,CHEN,1/11/1965,S,M,alejandro4@adventure-works.com,"$20,000 ",2,High School,Manual,Y
14948,MR.,DAMIEN,LAL,4/11/1965,M,M,damien25@adventure-works.com,"$30,000 ",1,Bachelors,Skilled Manual,Y
14949,MR.,STEVE,WU,4/14/1965,M,M,steve10@adventure-works.com,"$30,000 ",1,Bachelors,Skilled Manual,Y
14950,MRS.,MARIA,HERNANDEZ,8/27/1964,S,F,maria59@adventure-works.com,"$10,000 ",3,Partial High School,Manual,Y
14951,MRS.,KATIE,RAI,9/26/1964,M,F,katie20@adventure-works.com,"$30,000 ",1,Bachelors,Skilled Manual,Y
14952,MRS.,HOLLY,SRINI,11/22/1964,M,F,holly9@adventure-works.com,"$30,000 ",1,Bachelors,Skilled Manual,Y
14953,MRS.,ADRIENNE,GILL,6/14/1963,S,F,adrienne10@adventure-works.com,"$10,000 ",3,Partial High School,Manual,Y
14954,MRS.,DENISE,PEREZ,3/25/1963,S,F,denise22@adventure-works.com,"$10,000 ",3,Partial High School,Manual,Y
14955,MR.,JORGE,XU,3/3/1963,M,M,jorge14@adventure-works.com,"$20,000 ",3,High School,Manual,N
14956,MRS.,KRISTA,ROMERO,4/11/1963,S,F,krista10@adventure-works.com,"$20,000 ",4,High School,Manual,Y
14957,MRS.,LACEY,SHAN,6/1/1963,S,F,lacey0@adventure-works.com,"$20,000 ",4,High School,Manual,Y
14958,MR.,CLAYTON,LIANG,10/6/1966,M,M,clayton15@adventure-works.com,"$40,000 ",0,Bachelors,Professional,Y
14959,MR.,ROSS,PATEL,1/15/1963,S,M,ross2@adventure-works.com,"$30,000 ",2,Partial College,Clerical,Y
14960,MR.,LEONARD,PAL,11/15/1965,S,M,leonard13@adventure-works.com,"$30,000 ",2,Partial College,Clerical,Y
14961,MRS.,JACLYN,YANG,4/16/1965,M,F,jaclyn5@adventure-works.com,"$40,000 ",1,Bachelors,Skilled Manual,Y
14962,MR.,JUSTIN,JAI,10/13/1965,M,M,justin28@adventure-works.com,"$40,000 ",1,Bachelors,Skilled Manual,Y
14963,MRS.,SYDNEY,PERRY,3/23/1965,M,F,sydney30@adventure-works.com,"$40,000 ",1,Bachelors,Skilled Manual,Y
14964,MR.,DAMIEN,SHEN,6/3/1965,M,M,damien19@adventure-works.com,"$40,000 ",1,Bachelors,Skilled Manual,Y
14965,MR.,EDWIN,ZHOU,7/9/1964,M,M,edwin9@adventure-works.com,"$30,000 ",2,Partial College,Clerical,N
14966,MR.,DERRICK,VAZQUEZ,5/5/1964,S,M,derrick13@adventure-works.com,"$30,000 ",2,Partial College,Clerical,Y
14967,MRS.,BRIDGET,XU,5/15/1964,S,F,bridget6@adventure-works.com,"$30,000 ",2,Partial College,Clerical,Y
14968,MR.,TROY,PATEL,7/6/1964,M,M,troy3@adventure-works.com,"$40,000 ",1,Bachelors,Skilled Manual,Y
14969,MR.,JULIO,VAZQUEZ,4/6/1963,S,M,julio15@adventure-works.com,"$30,000 ",3,Partial College,Clerical,Y
14970,MR.,BRUCE,CHANDRA,3/2/1977,M,M,bruce2@adventure-works.com,"$20,000 ",0,High School,Manual,N
14971,MRS.,SUSAN,ZHU,1/24/1979,M,F,susan24@adventure-works.com,"$20,000 ",4,High School,Manual,N
14972,MRS.,CRISTINA,DENG,10/5/1979,S,F,cristina1@adventure-works.com,"$30,000 ",3,Partial College,Clerical,Y
14973,MRS.,ALICIA,JAI,7/22/1979,S,F,alicia9@adventure-works.com,"$30,000 ",3,Partial College,Clerical,Y
14974,MR.,K.,SARAVAN,7/2/1979,S,M,k0@adventure-works.com,"$30,000 ",3,Partial College,Clerical,Y
14975,MR.,DALTON,SCOTT,7/3/1963,M,M,dalton29@adventure-works.com,"$40,000 ",1,Bachelors,Skilled Manual,Y
14976,MR.,RANDY,HU,6/11/1962,M,M,randy23@adventure-works.com,"$40,000 ",1,Bachelors,Skilled Manual,Y
14977,MRS.,STACY,CARLSON,2/18/1978,S,F,stacy19@adventure-works.com,"$30,000 ",3,Partial College,Clerical,Y
14978,MR.,JAMIE,ORTEGA,4/1/1978,S,M,jamie44@adventure-works.com,"$30,000 ",4,Partial College,Clerical,Y
14979,MR.,RODNEY,SERRANO,3/7/1978,S,M,rodney12@adventure-works.com,"$30,000 ",4,Partial College,Clerical,Y
14980,,MICHELE,GARCIA,9/3/1978,S,NA,michele28@adventure-works.com,"$30,000 ",4,Partial College,Clerical,Y
14981,MRS.,APRIL,RAJI,3/8/1978,S,F,april17@adventure-works.com,"$30,000 ",4,Partial College,Clerical,Y
14982,MRS.,KAYLA,HUGHES,10/8/1978,M,F,kayla35@adventure-works.com,"$30,000 ",4,Partial College,Clerical,N
14983,MR.,JUAN,SANZ,8/24/1978,S,M,juan7@adventure-works.com,"$30,000 ",4,Partial College,Clerical,Y
14984,MRS.,REGINA,VANCE,11/13/1978,S,F,regina3@adventure-works.com,"$30,000 ",5,Partial College,Clerical,Y
14985,MS.,JACLYN,ZHU,5/27/1977,S,F,jaclyn15@adventure-works.com,"$20,000 ",0,High School,Manual,N
14986,MR.,RICHARD,MARTINEZ,8/5/1976,M,M,richard11@adventure-works.com,"$20,000 ",0,High School,Manual,N
14987,MS.,MISTY,NARA,12/3/1976,S,F,misty18@adventure-works.com,"$20,000 ",0,High School,Manual,N
14988,MS.,MANDY,LU,1/24/1975,M,F,mandy13@adventure-works.com,"$10,000 ",0,Partial High School,Manual,Y
14989,MS.,SHAWNA,SHE,6/23/1976,S,F,shawna0@adventure-works.com,"$20,000 ",0,High School,Manual,N
14990,MR.,NELSON,RAMOS,1/26/1976,S,M,nelson16@adventure-works.com,"$30,000 ",0,Partial College,Clerical,N
14991,MR.,EDWIN,ZHAO,2/26/1976,S,M,edwin11@adventure-works.com,"$30,000 ",0,Partial College,Clerical,N
14992,MR.,DALE,ANDERSEN,8/14/1912,M,M,dale10@adventure-works.com,"$20,000 ",2,Partial High School,Manual,Y
14993,MR.,SEAN,MORGAN,6/11/1975,S,M,sean21@adventure-works.com,"$20,000 ",0,Partial High School,Manual,Y
14994,MR.,SETH,KING,12/27/1975,S,M,seth27@adventure-works.com,"$20,000 ",0,Partial High School,Manual,N
14995,MS.,STEFANIE,MALHOTRA,5/9/1974,S,F,stefanie4@adventure-works.com,"$20,000 ",0,Partial High School,Manual,N
14996,MR.,ROSS,GILL,10/14/1975,S,M,ross31@adventure-works.com,"$30,000 ",0,Partial College,Clerical,N
14997,MR.,ANGEL,COOPER,6/5/1975,M,M,angel8@adventure-works.com,"$30,000 ",0,Partial College,Clerical,N
14998,MR.,ROBERT,RODRIGUEZ,4/16/1974,S,M,robert80@adventure-works.com,"$20,000 ",0,Partial High School,Manual,N
14999,MS.,ARIANNA,MORRIS,5/6/1973,S,F,arianna41@adventure-works.com,"$10,000 ",0,Partial High School,Manual,Y
15000,MS.,KELLI,ZHOU,5/22/1973,S,F,kelli9@adventure-works.com,"$10,000 ",0,Partial High School,Manual,N
15001,MS.,AUTUMN,LU,3/3/1973,S,F,autumn10@adventure-works.com,"$10,000 ",0,Partial High School,Manual,N
15002,MS.,JENNY,LIN,4/6/1973,S,F,jenny10@adventure-works.com,"$20,000 ",0,Partial High School,Manual,N
15003,MR.,DENNIS,YANG,9/21/1973,S,M,dennis6@adventure-works.com,"$20,000 ",0,Partial High School,Manual,N
15004,MS.,SUZANNE,HU,12/5/1973,S,F,suzanne21@adventure-works.com,"$20,000 ",0,Partial High School,Manual,Y
15005,MR.,ADRIAN,COOPER,9/20/1978,S,M,adrian10@adventure-works.com,"$60,000 ",0,Partial College,Skilled Manual,N
15006,MS.,GRACE,JACKSON,11/21/1978,M,F,grace11@adventure-works.com,"$70,000 ",0,Partial College,Skilled Manual,Y
15007,MS.,JAIME,RUBIO,8/21/1977,S,F,jaime23@adventure-works.com,"$40,000 ",0,Partial High School,Clerical,N
15008,MR.,BLAKE,PARKER,11/27/1977,M,M,blake44@adventure-works.com,"$40,000 ",0,Partial High School,Clerical,N
15009,MS.,CHLOE,PATTERSON,6/10/1977,S,F,chloe77@adventure-works.com,"$30,000 ",0,Partial College,Skilled Manual,Y
15010,MR.,CORY,SURI,9/12/1977,M,M,cory18@adventure-works.com,"$30,000 ",0,Partial College,Skilled Manual,Y
15011,MS.,AMBER,MITCHELL,11/13/1977,S,F,amber11@adventure-works.com,"$60,000 ",0,Partial College,Skilled Manual,Y
15012,MS.,EMMA,HUGHES,9/3/1976,M,F,emma57@adventure-works.com,"$60,000 ",0,Partial College,Skilled Manual,Y
15013,MS.,JULIA,CAMPBELL,11/13/1976,S,F,julia6@adventure-works.com,"$60,000 ",0,Partial College,Skilled Manual,N
15014,MR.,WARREN,LIU,7/19/1949,M,M,warren21@adventure-works.com,"$30,000 ",3,Partial College,Clerical,N
15015,MR.,RANDY,LIU,5/6/1950,M,M,randy5@adventure-works.com,"$30,000 ",3,Partial College,Clerical,N
15016,MR.,DANIEL,CLARK,2/13/1980,S,M,daniel9@adventure-works.com,"$40,000 ",0,Partial High School,Clerical,N
15017,MS.,AMANDA,RAMIREZ,10/22/1980,S,F,amanda16@adventure-works.com,"$20,000 ",0,Partial College,Skilled Manual,N
15018,MRS.,FELICIA,MARTIN,10/24/1951,M,F,felicia0@adventure-works.com,"$30,000 ",3,High School,Skilled Manual,N
15019,MRS.,MARY,RAMOS,3/28/1951,S,F,mary38@adventure-works.com,"$30,000 ",3,High School,Skilled Manual,Y
15020,MRS.,CHRISTY,MA,10/24/1951,M,F,christy14@adventure-works.com,"$30,000 ",3,High School,Skilled Manual,N
15021,MR.,LUCAS,MOORE,4/12/1951,M,M,lucas21@adventure-works.com,"$30,000 ",3,High School,Skilled Manual,N
15022,MRS.,LATASHA,GUTIERREZ,11/16/1951,M,F,latasha11@adventure-works.com,"$40,000 ",2,Partial College,Clerical,N
15023,MR.,JUAN,WATSON,7/3/1979,M,M,juan10@adventure-works.com,"$70,000 ",0,Partial College,Skilled Manual,Y
15024,MR.,NATHAN,JONES,11/13/1952,M,M,nathan61@adventure-works.com,"$30,000 ",3,High School,Skilled Manual,Y
15025,MRS.,KRISTI,SUBRAM,7/18/1952,S,F,kristi30@adventure-works.com,"$40,000 ",2,Partial College,Clerical,Y
15026,MRS.,FELICIA,DIAZ,7/9/1952,S,F,felicia3@adventure-works.com,"$40,000 ",2,Partial College,Clerical,Y
15027,MR.,TOMMY,JAI,10/19/1953,M,M,tommy8@adventure-works.com,"$40,000 ",3,Partial College,Skilled Manual,Y
15028,MS.,TABITHA,ALVAREZ,3/10/1980,S,F,tabitha24@adventure-works.com,"$10,000 ",0,Partial College,Manual,N
15029,MR.,ALEJANDRO,YE,6/4/1979,S,M,alejandro12@adventure-works.com,"$10,000 ",0,Partial College,Manual,Y
15030,MR.,JEFFERY,ZHENG,7/12/1980,M,M,jeffery19@adventure-works.com,"$20,000 ",0,Bachelors,Clerical,Y
15031,MR.,DARRYL,LIN,2/27/1977,M,M,darryl7@adventure-works.com,"$10,000 ",0,High School,Manual,Y
15032,MRS.,MEREDITH,SUAREZ,6/11/1976,S,F,meredith43@adventure-works.com,"$10,000 ",1,High School,Manual,N
15033,MRS.,DANA,MORENO,7/2/1976,S,F,dana22@adventure-works.com,"$10,000 ",1,High School,Manual,N
15034,MR.,HECTOR,SUAREZ,8/26/1979,S,M,hector17@adventure-works.com,"$10,000 ",1,High School,Manual,N
15035,MR.,JAY,MEHTA,2/11/1979,S,M,jay20@adventure-works.com,"$10,000 ",1,High School,Manual,N
15036,MR.,DEREK,SHE,8/23/1979,S,M,derek1@adventure-works.com,"$20,000 ",0,Bachelors,Clerical,Y
15037,MR.,JAIME,RAJI,8/23/1979,S,M,jaime44@adventure-works.com,"$20,000 ",0,Bachelors,Clerical,Y
15038,MR.,CEDRIC,YANG,7/12/1978,M,M,cedric5@adventure-works.com,"$20,000 ",0,Bachelors,Clerical,Y
15039,MRS.,MICHELE,XIE,4/5/1977,S,F,michele3@adventure-works.com,"$10,000 ",1,High School,Manual,N
15040,MR.,GEORGE,LOPEZ,6/10/1977,M,M,george23@adventure-works.com,"$10,000 ",1,High School,Manual,Y
15041,MRS.,MICHELE,GOEL,9/8/1977,M,F,michele20@adventure-works.com,"$10,000 ",1,High School,Manual,Y
15042,MR.,BRYANT,PEREZ,1/21/1977,S,M,bryant20@adventure-works.com,"$20,000 ",0,Partial College,Manual,N
15043,MR.,JOEL,GONZALEZ,5/10/1977,S,M,joel17@adventure-works.com,"$20,000 ",0,Partial College,Manual,Y
15044,MS.,VALERIE,HU,8/10/1977,S,F,valerie22@adventure-works.com,"$20,000 ",0,Partial College,Manual,Y
15045,MRS.,TASHA,LUO,4/20/1943,M,F,tasha6@adventure-works.com,"$20,000 ",2,Partial College,Manual,Y
15046,MRS.,CASEY,TANG,11/18/1943,M,F,casey4@adventure-works.com,"$40,000 ",1,Graduate Degree,Clerical,Y
15047,MRS.,MEGHAN,VAZQUEZ,8/11/1961,M,F,meghan14@adventure-works.com,"$30,000 ",3,Graduate Degree,Clerical,Y
15048,MRS.,BONNIE,YUAN,6/19/1961,M,F,bonnie12@adventure-works.com,"$30,000 ",3,Graduate Degree,Clerical,Y
15049,MR.,FRANK,DOMINGUEZ,3/24/1960,S,M,frank20@adventure-works.com,"$10,000 ",1,High School,Manual,N
15050,MR.,JOSHUA,MILLER,12/10/1960,S,M,joshua8@adventure-works.com,"$20,000 ",1,Partial College,Manual,N
15051,,HAROLD,MCDONALD,5/23/1960,S,NA,harold11@adventure-works.com,"$20,000 ",1,Partial College,Manual,N
15052,MRS.,KARI,MORENO,5/5/1960,M,F,kari26@adventure-works.com,"$20,000 ",1,Partial College,Manual,Y
15053,MR.,KURT,ANDERSEN,11/9/1959,S,M,kurt13@adventure-works.com,"$10,000 ",1,High School,Manual,N
15054,MR.,ROGER,ANAND,2/14/1959,S,M,roger50@adventure-works.com,"$20,000 ",2,Partial College,Manual,Y
15055,MR.,PATRICK,TORRES,7/22/1959,M,M,patrick10@adventure-works.com,"$20,000 ",2,Partial College,Manual,Y
15056,MRS.,JAIME,SUAREZ,4/2/1959,M,F,jaime21@adventure-works.com,"$20,000 ",2,Partial College,Manual,Y
15057,MRS.,REGINA,CHANDRA,6/27/1959,S,F,regina2@adventure-works.com,"$20,000 ",2,Partial College,Manual,Y
15058,MR.,JULIO,SUAREZ,11/27/1959,M,M,julio20@adventure-works.com,"$30,000 ",3,Graduate Degree,Clerical,Y
15059,MRS.,LISA,ZHU,9/14/1959,M,F,lisa17@adventure-works.com,"$30,000 ",3,Graduate Degree,Clerical,Y
15060,MR.,MAX,VAZQUEZ,12/24/1958,S,M,max14@adventure-works.com,"$20,000 ",2,Partial College,Manual,Y
15061,MRS.,MARGARET,MA,5/28/1960,M,F,margaret22@adventure-works.com,"$30,000 ",3,Graduate Degree,Clerical,Y
15062,MRS.,JAIME,ALONSO,9/22/1960,S,F,jaime9@adventure-works.com,"$30,000 ",3,Graduate Degree,Clerical,Y
15063,MRS.,KARI,MALHOTRA,6/19/1960,M,F,kari6@adventure-works.com,"$30,000 ",3,Bachelors,Clerical,Y
15064,MR.,ERIK,RUBIO,8/3/1960,M,M,erik21@adventure-works.com,"$30,000 ",3,Bachelors,Clerical,Y
15065,MR.,ALEJANDRO,GAO,5/15/1970,S,M,alejandro18@adventure-works.com,"$10,000 ",1,High School,Manual,N
15066,MRS.,DIANA,MUNOZ,3/5/1970,M,F,diana6@adventure-works.com,"$10,000 ",1,High School,Manual,Y
15067,MRS.,DANA,ALVAREZ,2/5/1970,S,F,dana20@adventure-works.com,"$10,000 ",2,High School,Manual,Y
15068,MS.,JESSICA,BARNES,2/17/1970,S,F,jessica27@adventure-works.com,"$20,000 ",0,Partial College,Manual,N
15069,MR.,NOAH,LAL,3/23/1970,S,M,noah24@adventure-works.com,"$20,000 ",0,Partial College,Manual,Y
15070,MR.,ALFREDO,NAVARRO,4/9/1969,S,M,alfredo11@adventure-works.com,"$10,000 ",2,High School,Manual,Y
15071,MS.,KRISTA,GUTIERREZ,12/17/1970,S,F,krista11@adventure-works.com,"$30,000 ",0,Bachelors,Clerical,Y
15072,MS.,WHITNEY,SUBRAM,7/4/1970,S,F,whitney12@adventure-works.com,"$30,000 ",0,Bachelors,Clerical,Y
15073,MS.,TASHA,CHANDER,5/7/1970,M,F,tasha16@adventure-works.com,"$30,000 ",0,Bachelors,Clerical,Y
15074,MRS.,ELIZABETH,PERRY,2/26/1920,M,F,elizabeth37@adventure-works.com,"$10,000 ",3,Bachelors,Clerical,N
15075,MRS.,ALEXA,KELLY,9/15/1920,M,F,alexa2@adventure-works.com,"$10,000 ",3,Bachelors,Clerical,N
15076,MS.,SHEILA,RAMOS,6/20/1969,M,F,sheila16@adventure-works.com,"$20,000 ",0,Partial College,Manual,N
15077,MS.,DOMINIQUE,LOPEZ,5/16/1969,M,F,dominique14@adventure-works.com,"$30,000 ",0,Bachelors,Clerical,Y
15078,MR.,JACOB,WILSON,8/10/1969,S,M,jacob7@adventure-works.com,"$30,000 ",0,Bachelors,Clerical,N
15079,MR.,JOSE,MARTIN,6/4/1969,M,M,jose76@adventure-works.com,"$30,000 ",0,Bachelors,Clerical,Y
15080,MS.,EVELYN,CHANDRA,11/9/1969,M,F,evelyn2@adventure-works.com,"$40,000 ",0,Graduate Degree,Clerical,Y
15081,MS.,DAISY,MUNOZ,12/20/1969,M,F,daisy3@adventure-works.com,"$40,000 ",0,Graduate Degree,Clerical,Y
15082,MR.,KELVIN,LAL,6/13/1969,M,M,kelvin5@adventure-works.com,"$40,000 ",0,Graduate Degree,Clerical,Y
15083,MS.,TERESA,GUTIERREZ,7/5/1969,M,F,teresa11@adventure-works.com,"$40,000 ",0,Graduate Degree,Clerical,Y
15084,MS.,ADRIENNE,SERRANO,9/20/1969,S,F,adrienne13@adventure-works.com,"$40,000 ",0,Graduate Degree,Clerical,Y
15085,MS.,KRISTIN,JAI,7/2/1969,S,F,kristin12@adventure-works.com,"$40,000 ",0,Graduate Degree,Clerical,Y
15086,MS.,LATASHA,DOMINGUEZ,2/19/1969,S,F,latasha12@adventure-works.com,"$50,000 ",0,Graduate Degree,Skilled Manual,Y
15087,MS.,ROBIN,SANZ,5/4/1969,S,F,robin15@adventure-works.com,"$50,000 ",0,Graduate Degree,Skilled Manual,N
15088,MS.,COLLEEN,CAI,3/9/1969,S,F,colleen22@adventure-works.com,"$50,000 ",0,Graduate Degree,Skilled Manual,Y
15089,MR.,MARTIN,PRASAD,11/2/1969,M,M,martin14@adventure-works.com,"$50,000 ",0,Graduate Degree,Skilled Manual,Y
15090,MR.,TROY,MEHTA,6/24/1953,S,M,troy15@adventure-works.com,"$10,000 ",2,High School,Manual,Y
15091,MR.,JERMAINE,MADAN,3/20/1968,M,M,jermaine6@adventure-works.com,"$20,000 ",1,Partial College,Manual,Y
15092,MR.,ADRIAN,MORRIS,8/18/1954,M,M,adrian19@adventure-works.com,"$80,000 ",3,Partial College,Professional,Y
15093,MR.,JOHNNY,MOYER,2/17/1944,M,M,johnny20@adventure-works.com,"$70,000 ",5,High School,Professional,Y
15094,MRS.,WENDY,ORTEGA,3/19/1944,M,F,wendy20@adventure-works.com,"$70,000 ",5,High School,Professional,Y
15095,MRS.,JODI,SHAN,1/5/1945,M,F,jodi10@adventure-works.com,"$70,000 ",5,High School,Professional,N
15096,MR.,GARY,SCHARE,7/17/1945,M,M,gary4@adventure-works.com,"$80,000 ",5,Bachelors,Management,Y
15097,MRS.,MORGAN,BENNETT,4/23/1945,M,F,morgan71@adventure-works.com,"$110,000 ",3,Bachelors,Management,Y
15098,MRS.,DIANA,SANZ,2/28/1946,S,F,diana19@adventure-works.com,"$80,000 ",5,Partial College,Professional,N
15099,MR.,ALVIN,MA,6/9/1946,S,M,alvin15@adventure-works.com,"$80,000 ",5,Partial College,Professional,Y
15100,MRS.,BRENDA,CHANDRA,11/23/1946,M,F,brenda6@adventure-works.com,"$110,000 ",3,Bachelors,Management,N
15101,MR.,SHAWN,SHAN,10/17/1946,S,M,shawn12@adventure-works.com,"$120,000 ",4,Bachelors,Management,Y
15102,MR.,ALLEN,MALHOTRA,8/14/1946,M,M,allen4@adventure-works.com,"$130,000 ",4,Partial College,Professional,Y
15103,MR.,JONATHAN,LOPEZ,3/8/1953,M,M,jonathan50@adventure-works.com,"$80,000 ",4,Partial College,Professional,Y
15104,MRS.,ASHLEY,THOMPSON,2/4/1953,M,F,ashley16@adventure-works.com,"$80,000 ",4,Partial College,Professional,Y
15105,MRS.,TINA,RANA,10/9/1954,M,F,tina13@adventure-works.com,"$100,000 ",3,High School,Professional,Y
15106,MR.,SHANNON,NAVARRO,11/7/1954,M,M,shannon31@adventure-works.com,"$170,000 ",3,High School,Professional,Y
15107,MR.,ROY,SAUNDERS,7/20/1953,M,M,roy10@adventure-works.com,"$90,000 ",4,Partial College,Professional,Y
15108,MRS.,COLLEEN,GAO,7/6/1953,M,F,colleen15@adventure-works.com,"$130,000 ",4,Partial College,Professional,Y
15109,MRS.,MEGHAN,CARLSON,6/10/1952,M,F,meghan17@adventure-works.com,"$80,000 ",4,High School,Professional,Y
15110,MRS.,JANELLE,PRASAD,2/26/1952,M,F,janelle8@adventure-works.com,"$100,000 ",3,Partial College,Professional,Y
15111,MRS.,LEAH,HUANG,9/9/1951,M,F,leah4@adventure-works.com,"$80,000 ",4,High School,Professional,Y
15112,MRS.,ALICIA,LUO,11/18/1951,M,F,alicia4@adventure-works.com,"$80,000 ",4,High School,Professional,Y
15113,MR.,ROBERT,SMITH,6/4/1951,M,M,robert84@adventure-works.com,"$80,000 ",5,High School,Professional,Y
15114,MRS.,ERIKA,MUNOZ,10/27/1951,M,F,erika5@adventure-works.com,"$110,000 ",4,Partial College,Professional,Y
15115,MR.,CHRISTIAN,PATTERSON,6/13/1950,S,M,christian25@adventure-works.com,"$90,000 ",4,High School,Management,Y
15116,MRS.,MACKENZIE,RAMIREZ,4/26/1950,M,F,mackenzie5@adventure-works.com,"$100,000 ",3,Partial College,Management,N
15117,MRS.,DANA,DOMINGUEZ,5/14/1949,M,F,dana5@adventure-works.com,"$100,000 ",3,Partial College,Management,Y
15118,MR.,NELSON,ORTEGA,7/9/1949,M,M,nelson21@adventure-works.com,"$170,000 ",5,High School,Management,Y
15119,MR.,JOHNNY,TANG,10/7/1947,M,M,johnny4@adventure-works.com,"$120,000 ",5,Partial High School,Professional,Y
15120,MS.,ERIKA,SUAREZ,2/17/1976,M,F,erika16@adventure-works.com,"$70,000 ",0,Bachelors,Professional,Y
15121,MR.,BRENDAN,ANDERSEN,6/17/1976,S,M,brendan11@adventure-works.com,"$70,000 ",0,Bachelors,Professional,N
15122,MS.,ABBY,RAMAN,12/11/1976,S,F,abby9@adventure-works.com,"$70,000 ",0,Bachelors,Professional,Y
15123,MR.,SERGIO,LOPEZ,9/26/1975,S,M,sergio17@adventure-works.com,"$70,000 ",0,Bachelors,Professional,Y
15125,MR.,CORY,MARTINEZ,2/7/1975,S,M,cory15@adventure-works.com,"$80,000 ",0,Bachelors,Professional,N
15126,MR.,MANUEL,SANCHEZ,2/21/1975,S,M,manuel18@adventure-works.com,"$80,000 ",0,Bachelors,Professional,Y
15127,MR.,WESLEY,YANG,2/14/1975,S,M,wesley5@adventure-works.com,"$90,000 ",0,Bachelors,Professional,N
15128,MS.,ANGELICA,BARNES,5/22/1974,S,F,angelica2@adventure-works.com,"$70,000 ",0,Bachelors,Professional,N
15129,MS.,JENNIFER,PATTERSON,10/6/1973,M,F,jennifer84@adventure-works.com,"$90,000 ",0,Bachelors,Professional,N
15130,MR.,ROGER,MA,9/14/1973,S,M,roger20@adventure-works.com,"$90,000 ",0,Bachelors,Professional,N
15131,MS.,LACEY,SUN,2/24/1972,S,F,lacey25@adventure-works.com,"$80,000 ",0,Bachelors,Professional,Y
15132,MS.,JENNY,PAL,3/22/1973,M,F,jenny34@adventure-works.com,"$100,000 ",0,High School,Management,Y
15133,MR.,RAUL,RAI,7/7/1973,M,M,raul15@adventure-works.com,"$120,000 ",5,Partial High School,Professional,Y
15134,MS.,MEAGAN,RAMAN,11/21/1972,S,F,meagan12@adventure-works.com,"$90,000 ",0,Bachelors,Professional,Y
15135,MR.,DEREK,KUMAR,2/15/1972,S,M,derek7@adventure-works.com,"$90,000 ",0,Bachelors,Professional,N
15136,MS.,EMMA,JOHNSON,5/2/1972,M,F,emma0@adventure-works.com,"$100,000 ",0,High School,Management,N
15137,MR.,LUKE,FOSTER,8/13/1972,M,M,luke5@adventure-works.com,"$100,000 ",0,High School,Management,Y
15138,MS.,MONIQUE,HERNANDEZ,6/20/1972,S,F,monique0@adventure-works.com,"$100,000 ",0,High School,Management,Y
15139,MR.,COLIN,SHE,5/2/1971,M,M,colin23@adventure-works.com,"$80,000 ",0,Bachelors,Professional,N
15140,MS.,DIANE,BRADLEY,9/6/1971,S,F,diane20@adventure-works.com,"$80,000 ",0,Bachelors,Professional,N
15141,MS.,SANDRA,ZHENG,10/22/1971,S,F,sandra27@adventure-works.com,"$80,000 ",0,Bachelors,Professional,Y
15142,MR.,KARL,NARA,5/12/1972,M,M,karl17@adventure-works.com,"$130,000 ",4,High School,Management,Y
15143,MR.,KELVIN,WANG,6/17/1971,M,M,kelvin21@adventure-works.com,"$90,000 ",0,Bachelors,Professional,Y
15144,MS.,DEANNA,SERRANO,4/4/1971,S,F,deanna43@adventure-works.com,"$90,000 ",0,Bachelors,Professional,Y
15145,MS.,CRYSTAL,LU,7/19/1971,S,F,crystal12@adventure-works.com,"$90,000 ",0,Bachelors,Professional,Y
15146,MS.,ADRIANA,SARA,6/12/1971,M,F,adriana11@adventure-works.com,"$100,000 ",0,High School,Management,Y
15147,MR.,CLARENCE,CHEN,3/16/1971,M,M,clarence38@adventure-works.com,"$100,000 ",0,High School,Management,Y
15148,MR.,JAMES,WEST,7/9/1970,M,M,james40@adventure-works.com,"$90,000 ",0,Bachelors,Professional,Y
15149,MS.,NATALIE,MORGAN,8/27/1970,M,F,natalie6@adventure-works.com,"$90,000 ",0,Bachelors,Professional,N
15150,MS.,COLLEEN,SHAN,5/24/1970,M,F,colleen34@adventure-works.com,"$110,000 ",0,High School,Management,N
15151,MR.,KARL,SHEN,12/14/1971,M,M,karl2@adventure-works.com,"$110,000 ",0,Partial High School,Professional,Y
15152,MS.,MEGHAN,MORENO,6/15/1971,M,F,meghan6@adventure-works.com,"$110,000 ",0,Partial High School,Professional,Y
15153,MS.,KRISTEN,LI,10/4/1971,M,F,kristen3@adventure-works.com,"$110,000 ",0,Partial High School,Professional,N
15154,MR.,JOE,HERNANDEZ,9/7/1971,M,M,joe27@adventure-works.com,"$130,000 ",0,Partial High School,Management,Y
15155,MRS.,JAMIE,HARRISON,9/8/1941,M,F,jamie22@adventure-works.com,"$70,000 ",5,Graduate Degree,Management,Y
15156,MR.,DYLAN,FOSTER,2/22/1941,M,M,dylan15@adventure-works.com,"$90,000 ",5,Bachelors,Management,Y
15157,MR.,JORDAN,GONZALEZ,1/11/1941,M,M,jordan62@adventure-works.com,"$100,000 ",2,Graduate Degree,Management,Y
15158,MRS.,VICTORIA,MOORE,6/13/1941,M,F,victoria9@adventure-works.com,"$100,000 ",2,Graduate Degree,Management,Y
15159,MR.,ERIC,WASHINGTON,8/15/1941,M,M,eric21@adventure-works.com,"$100,000 ",2,Graduate Degree,Management,Y
15160,MRS.,CANDACE,VAN,1/20/1942,M,F,candace3@adventure-works.com,"$80,000 ",5,Bachelors,Management,Y
15161,MRS.,TRINITY,JAMES,8/16/1942,S,F,trinity7@adventure-works.com,"$90,000 ",5,Bachelors,Management,Y
15162,MRS.,KAITLYN,BARNES,10/3/1942,M,F,kaitlyn70@adventure-works.com,"$100,000 ",2,Graduate Degree,Management,Y
15163,MRS.,VICTORIA,MURPHY,7/6/1942,M,F,victoria32@adventure-works.com,"$100,000 ",2,Graduate Degree,Management,Y
15164,MRS.,SAVANNAH,COLLINS,11/26/1943,M,F,savannah23@adventure-works.com,"$100,000 ",2,Graduate Degree,Management,Y
15165,MR.,CARL,ANAND,7/12/1943,M,M,carl21@adventure-works.com,"$100,000 ",2,Graduate Degree,Management,Y
15166,MRS.,NINA,GOEL,9/11/1943,M,F,nina19@adventure-works.com,"$130,000 ",2,Bachelors,Management,Y
15167,MRS.,SARA,HERNANDEZ,3/24/1943,M,F,sara45@adventure-works.com,"$130,000 ",2,Bachelors,Management,Y
15168,MR.,XAVIER,BELL,12/7/1944,M,M,xavier81@adventure-works.com,"$70,000 ",4,Bachelors,Management,Y
15169,MR.,ZACHARY,MILLER,4/5/1953,M,M,zachary35@adventure-works.com,"$40,000 ",3,Partial College,Skilled Manual,Y
15170,MR.,JERMAINE,MARTINEZ,10/21/1954,M,M,jermaine16@adventure-works.com,"$80,000 ",2,Partial College,Skilled Manual,Y
15171,MRS.,DESTINY,JONES,5/11/1954,S,F,destiny3@adventure-works.com,"$80,000 ",2,Partial College,Skilled Manual,Y
15172,MS.,ALEXANDRA,HILL,2/14/1975,S,F,alexandra63@adventure-works.com,"$30,000 ",0,Partial College,Skilled Manual,Y
15173,MR.,MIGUEL,HENDERSON,10/15/1975,S,M,miguel51@adventure-works.com,"$30,000 ",0,Partial College,Skilled Manual,Y
15174,MS.,TRINITY,ROGERS,3/9/1975,S,F,trinity16@adventure-works.com,"$30,000 ",0,High School,Skilled Manual,Y
15175,MS.,KRISTI,MALHOTRA,11/25/1973,S,F,kristi21@adventure-works.com,"$70,000 ",0,Partial College,Professional,Y
15176,MS.,KRISTI,RAMOS,3/1/1973,M,F,kristi13@adventure-works.com,"$70,000 ",0,Partial College,Professional,Y
15177,MR.,JORGE,LU,8/19/1973,S,M,jorge13@adventure-works.com,"$70,000 ",0,Partial College,Professional,N
15178,MR.,DREW,TANG,7/19/1955,M,M,drew4@adventure-works.com,"$80,000 ",2,High School,Skilled Manual,Y
15179,MR.,JAY,RUBIO,1/7/1956,S,M,jay51@adventure-works.com,"$70,000 ",2,High School,Skilled Manual,N
15180,MRS.,JILLIAN,SURI,1/23/1956,S,F,jillian1@adventure-works.com,"$70,000 ",2,High School,Skilled Manual,Y
15181,MRS.,ROSA,HUANG,8/6/1956,S,F,rosa6@adventure-works.com,"$70,000 ",2,High School,Skilled Manual,Y
15182,MRS.,DEANNA,SRINI,8/26/1956,S,F,deanna12@adventure-works.com,"$70,000 ",2,High School,Skilled Manual,Y
15183,MRS.,MICHELE,RAJI,1/20/1957,S,F,michele22@adventure-works.com,"$70,000 ",2,High School,Professional,N
15184,MR.,MATHEW,HERNANDEZ,4/27/1958,S,M,mathew0@adventure-works.com,"$130,000 ",0,Graduate Degree,Management,Y
15185,MR.,JONATHAN,EVANS,8/10/1958,M,M,jonathan30@adventure-works.com,"$130,000 ",0,Graduate Degree,Management,Y
15186,MS.,LEAH,YANG,7/21/1958,M,F,leah3@adventure-works.com,"$130,000 ",0,Graduate Degree,Management,Y
15187,MR.,BENJAMIN,BROWN,11/3/1973,S,M,benjamin36@adventure-works.com,"$80,000 ",0,Bachelors,Management,N
15188,MR.,ISAAC,WATSON,3/10/1974,S,M,isaac0@adventure-works.com,"$60,000 ",0,Partial College,Professional,Y
15189,MS.,KAYLA,RUSSELL,8/15/1974,M,F,kayla44@adventure-works.com,"$60,000 ",0,Partial College,Professional,Y
15190,MS.,KATHERINE,WATSON,8/19/1974,S,F,katherine21@adventure-works.com,"$60,000 ",0,Partial College,Professional,N
15191,MR.,ANDRES,KUMAR,8/19/1974,S,M,andres4@adventure-works.com,"$60,000 ",0,High School,Professional,N
15192,MS.,TASHA,SHAN,10/25/1959,S,F,tasha11@adventure-works.com,"$130,000 ",0,Graduate Degree,Management,N
15193,MR.,SAMUEL,KING,3/18/1966,S,M,samuel48@adventure-works.com,"$120,000 ",2,Bachelors,Management,Y
15194,MR.,ERIK,SUAREZ,11/24/1966,S,M,erik19@adventure-works.com,"$120,000 ",2,Bachelors,Management,N
15195,MR.,EDWIN,HUANG,9/7/1966,S,M,edwin6@adventure-works.com,"$120,000 ",2,Bachelors,Management,Y
15196,MR.,ISAIAH,REED,6/26/1966,S,M,isaiah20@adventure-works.com,"$120,000 ",2,Bachelors,Management,Y
15197,MR.,ELIJAH,KUMAR,9/19/1957,M,M,elijah2@adventure-works.com,"$60,000 ",2,High School,Professional,N
15198,MRS.,LAUREN,WATSON,10/2/1957,M,F,lauren43@adventure-works.com,"$60,000 ",2,High School,Professional,N
15199,MR.,JOE,JORDAN,3/11/1957,M,M,joe5@adventure-works.com,"$70,000 ",3,Partial College,Professional,Y
15200,MRS.,MINDY,SIMPSON,2/10/1957,M,F,mindy6@adventure-works.com,"$70,000 ",3,Partial College,Professional,Y
15201,MRS.,MIRANDA,WASHINGTON,3/8/1957,S,F,miranda13@adventure-works.com,"$90,000 ",2,Partial College,Professional,Y
15202,MR.,BLAKE,BRYANT,10/26/1957,M,M,blake66@adventure-works.com,"$90,000 ",2,Partial College,Professional,Y
15203,MR.,DAVID,LEWIS,9/17/1957,M,M,david84@adventure-works.com,"$90,000 ",2,Partial College,Professional,Y
15204,MRS.,DEANNA,GONZALEZ,7/22/1967,M,F,deanna22@adventure-works.com,"$90,000 ",4,Bachelors,Professional,Y
15205,MRS.,SHAWNA,BLACK,12/22/1967,S,F,shawna19@adventure-works.com,"$90,000 ",4,Bachelors,Professional,Y
15206,MR.,MAURICE,ANDERSEN,4/12/1967,M,M,maurice14@adventure-works.com,"$90,000 ",4,Bachelors,Professional,N
15207,MR.,JOSUE,DIAZ,12/14/1967,S,M,josue0@adventure-works.com,"$100,000 ",0,Graduate Degree,Management,Y
15208,MRS.,COLLEEN,LUO,10/5/1962,M,F,colleen30@adventure-works.com,"$60,000 ",1,Bachelors,Professional,Y
15209,MR.,FRANK,ROMERO,7/20/1962,M,M,frank16@adventure-works.com,"$60,000 ",1,Bachelors,Professional,Y
15210,MR.,KURT,RAJE,12/26/1962,S,M,kurt14@adventure-works.com,"$60,000 ",1,Bachelors,Professional,Y
15211,MR.,KENNETH,LUO,3/6/1961,S,M,kenneth6@adventure-works.com,"$60,000 ",1,Partial College,Skilled Manual,N
15212,MR.,MARCUS,HENDERSON,7/14/1961,M,M,marcus54@adventure-works.com,"$60,000 ",1,Bachelors,Professional,Y
15213,MRS.,BRIANA,MARTIN,7/6/1961,M,F,briana0@adventure-works.com,"$60,000 ",1,Partial College,Skilled Manual,Y
15214,MS.,AMANDA,JENKINS,11/16/1966,S,F,amanda28@adventure-works.com,"$100,000 ",0,Graduate Degree,Management,N
15215,MR.,ALBERTO,JIMÉNEZ,9/25/1966,S,M,alberto7@adventure-works.com,"$100,000 ",0,Graduate Degree,Management,N
15216,MRS.,DESIREE,GUTIERREZ,6/16/1960,M,F,desiree7@adventure-works.com,"$60,000 ",1,Partial College,Skilled Manual,Y
15217,MR.,ETHAN,JAI,2/19/1960,S,M,ethan28@adventure-works.com,"$60,000 ",1,Partial College,Skilled Manual,Y
15218,MR.,WILLIE,JOHNSEN,9/6/1965,S,M,willie30@adventure-works.com,"$70,000 ",0,Bachelors,Professional,Y
15219,MR.,CLAYTON,CHEN,2/22/1965,S,M,clayton2@adventure-works.com,"$70,000 ",0,Bachelors,Professional,N
15220,MR.,MICAH,LIU,9/10/1964,S,M,micah14@adventure-works.com,"$70,000 ",0,Bachelors,Professional,N
15221,MR.,TROY,ARUN,3/11/1964,S,M,troy7@adventure-works.com,"$70,000 ",0,Bachelors,Professional,N
15222,MS.,CYNTHIA,PATEL,9/15/1964,M,F,cynthia7@adventure-works.com,"$70,000 ",0,Bachelors,Professional,N
15223,MS.,EBONY,MARTIN,11/27/1964,S,F,ebony22@adventure-works.com,"$70,000 ",0,Bachelors,Professional,Y
15224,MR.,PEDRO,GUTIERREZ,2/9/1964,S,M,pedro31@adventure-works.com,"$70,000 ",0,Bachelors,Professional,N
15225,MRS.,YOLANDA,BHAT,12/10/1959,M,F,yolanda19@adventure-works.com,"$90,000 ",1,Bachelors,Professional,Y
15226,MS.,LORI,MORENO,11/5/1963,S,F,lori9@adventure-works.com,"$70,000 ",0,Bachelors,Professional,N
15227,MR.,HAROLD,MALHOTRA,6/15/1963,S,M,harold2@adventure-works.com,"$70,000 ",0,Bachelors,Professional,Y
15228,MR.,JERMAINE,RAMAN,11/2/1963,M,M,jermaine10@adventure-works.com,"$70,000 ",0,Bachelors,Professional,N
15229,MR.,CALVIN,RAI,9/1/1962,M,M,calvin16@adventure-works.com,"$60,000 ",1,Partial College,Skilled Manual,Y
15230,MRS.,JILLIAN,VANCE,12/18/1962,M,F,jillian4@adventure-works.com,"$70,000 ",5,Bachelors,Professional,Y
15231,MRS.,ALEXIA,BARNES,4/10/1962,M,F,alexia3@adventure-works.com,"$70,000 ",5,Partial College,Skilled Manual,N
15232,MR.,OMAR,MA,7/18/1961,S,M,omar15@adventure-works.com,"$60,000 ",1,Partial College,Skilled Manual,Y
15233,MRS.,TAMMY,RODRIGUEZ,3/10/1961,M,F,tammy20@adventure-works.com,"$70,000 ",5,Partial College,Skilled Manual,Y
15234,MRS.,KATHLEEN,MORENO,7/25/1958,S,F,kathleen8@adventure-works.com,"$100,000 ",4,Bachelors,Management,Y
15235,MRS.,KARI,LOPEZ,6/25/1960,M,F,kari17@adventure-works.com,"$60,000 ",3,Partial College,Skilled Manual,Y
15236,MRS.,BRANDY,KAPOOR,5/7/1960,M,F,brandy19@adventure-works.com,"$70,000 ",5,Partial College,Skilled Manual,Y
15237,MR.,DEVON,LAL,4/17/1960,M,M,devon6@adventure-works.com,"$70,000 ",5,Partial College,Skilled Manual,N
15238,MR.,JONATHON,ALONSO,10/16/1956,M,M,jonathon5@adventure-works.com,"$70,000 ",1,Partial College,Skilled Manual,Y
15239,MR.,SERGIO,RODRIGUEZ,9/7/1956,M,M,sergio20@adventure-works.com,"$70,000 ",1,Partial College,Skilled Manual,Y
15240,MRS.,MONIQUE,NAVARRO,10/7/1953,M,F,monique6@adventure-works.com,"$40,000 ",2,Bachelors,Management,Y
15241,MR.,GEOFFREY,MADAN,5/27/1953,M,M,geoffrey7@adventure-works.com,"$40,000 ",2,Bachelors,Management,Y
15242,MR.,NEIL,SUAREZ,8/22/1953,M,M,neil18@adventure-works.com,"$40,000 ",2,Bachelors,Management,Y
15243,MS.,LAUREN,HARRIS,6/2/1976,M,F,lauren32@adventure-works.com,"$30,000 ",0,High School,Skilled Manual,Y
15244,MS.,ALEXIS,RODRIGUEZ,6/5/1976,M,F,alexis17@adventure-works.com,"$30,000 ",0,High School,Skilled Manual,Y
15245,MR.,EDUARDO,ROSS,5/28/1976,M,M,eduardo48@adventure-works.com,"$30,000 ",0,High School,Skilled Manual,Y
15246,MS.,KAITLYN,WATSON,4/7/1976,M,F,kaitlyn64@adventure-works.com,"$30,000 ",0,High School,Skilled Manual,Y
15247,MS.,CATHERINE,STEWART,11/11/1975,S,F,catherine20@adventure-works.com,"$40,000 ",0,High School,Skilled Manual,N
15248,MR.,RICHARD,HARRIS,12/28/1976,M,M,richard54@adventure-works.com,"$40,000 ",0,High School,Skilled Manual,Y
15249,MS.,ABIGAIL,ANDERSON,2/12/1980,S,F,abigail52@adventure-works.com,"$30,000 ",0,High School,Skilled Manual,N
15250,MR.,JOSE,SCOTT,11/13/1980,S,M,jose50@adventure-works.com,"$30,000 ",0,High School,Skilled Manual,N
15251,MR.,NOAH,HALL,2/22/1980,S,M,noah72@adventure-works.com,"$30,000 ",0,High School,Skilled Manual,Y
15252,MS.,JADA,MURPHY,2/14/1980,M,F,jada6@adventure-works.com,"$40,000 ",0,High School,Skilled Manual,Y
15253,MR.,BARRY,SURI,7/17/1946,M,M,barry2@adventure-works.com,"$10,000 ",5,High School,Skilled Manual,Y
15254,MS.,CARLA,CHAPMAN,2/24/1980,M,F,carla5@adventure-works.com,"$40,000 ",0,High School,Skilled Manual,N
15255,MR.,EVAN,COLLINS,6/4/1978,M,M,evan26@adventure-works.com,"$40,000 ",0,High School,Skilled Manual,Y
15256,MR.,DALTON,RAMIREZ,2/23/1978,S,M,dalton77@adventure-works.com,"$40,000 ",0,High School,Skilled Manual,N
15257,MR.,MATTHEW,ANDERSON,3/25/1978,S,M,matthew15@adventure-works.com,"$40,000 ",0,High School,Skilled Manual,Y
15258,MS.,CHLOE,REED,5/7/1978,M,F,chloe49@adventure-works.com,"$40,000 ",0,High School,Skilled Manual,Y
15259,MR.,FRANKLIN,ZHU,10/4/1977,S,M,franklin13@adventure-works.com,"$30,000 ",0,Partial High School,Clerical,N
15260,MS.,KATHLEEN,TORRES,8/21/1977,S,F,kathleen14@adventure-works.com,"$30,000 ",0,Partial High School,Clerical,Y
15261,MRS.,CAROLYN,TORRES,12/21/1939,M,F,carolyn32@adventure-works.com,"$40,000 ",2,Bachelors,Management,N
15262,MRS.,JAN,GONZALEZ,5/20/1940,M,F,jan12@adventure-works.com,"$30,000 ",2,Partial College,Clerical,N
15263,MRS.,PAIGE,COLEMAN,12/20/1940,M,F,paige6@adventure-works.com,"$30,000 ",2,Partial College,Clerical,N
15264,MR.,PETER,GOEL,12/20/1940,M,M,peter24@adventure-works.com,"$30,000 ",2,Partial College,Clerical,N
15265,MR.,KRISTOPHER,MALHOTRA,8/18/1940,S,M,kristopher5@adventure-works.com,"$40,000 ",2,Bachelors,Management,Y
15266,MRS.,BRIANA,SUAREZ,4/10/1941,M,F,briana16@adventure-works.com,"$40,000 ",2,Bachelors,Management,Y
15267,MRS.,KENDRA,ALVAREZ,10/5/1942,M,F,kendra4@adventure-works.com,"$40,000 ",2,Bachelors,Management,N
15268,MRS.,SHANNON,WU,10/8/1942,S,F,shannon7@adventure-works.com,"$60,000 ",2,Graduate Degree,Management,Y
15269,MS.,CHLOE,KING,5/20/1976,M,F,chloe17@adventure-works.com,"$40,000 ",0,High School,Skilled Manual,Y
15270,MS.,ARIANA,COX,8/6/1976,S,F,ariana9@adventure-works.com,"$40,000 ",0,High School,Skilled Manual,N
15271,MR.,SAMUEL,YANG,6/3/1976,S,M,samuel25@adventure-works.com,"$40,000 ",0,High School,Skilled Manual,Y
15272,MR.,KYLE,GONZALES,7/2/1976,S,M,kyle12@adventure-works.com,"$40,000 ",0,High School,Skilled Manual,N
15273,MR.,BRANDON,ALEXANDER,5/14/1976,S,M,brandon16@adventure-works.com,"$40,000 ",0,Partial College,Skilled Manual,Y
15274,MR.,ALEXANDER,JOHNSON,7/25/1976,S,M,alexander3@adventure-works.com,"$40,000 ",0,Partial College,Skilled Manual,Y
15275,MR.,ERIC,COLLINS,10/23/1976,M,M,eric44@adventure-works.com,"$40,000 ",0,Partial College,Skilled Manual,Y
15276,MS.,MEGAN,HALL,6/6/1974,S,F,megan26@adventure-works.com,"$30,000 ",0,Partial College,Skilled Manual,N
15277,MS.,HAILEY,GRIFFIN,6/4/1974,S,F,hailey41@adventure-works.com,"$30,000 ",0,Partial College,Skilled Manual,N
15278,MR.,BRANDON,RUSSELL,9/3/1974,S,M,brandon17@adventure-works.com,"$30,000 ",0,Partial College,Skilled Manual,Y
15279,MR.,HUNTER,LEE,12/27/1974,S,M,hunter55@adventure-works.com,"$30,000 ",0,Partial College,Skilled Manual,N
15280,MS.,MYA,GRIFFIN,6/13/1968,S,F,mya21@adventure-works.com,"$80,000 ",0,Bachelors,Management,N
15281,MR.,HUNTER,ANDERSON,4/22/1967,S,M,hunter68@adventure-works.com,"$110,000 ",0,Graduate Degree,Management,Y
15282,MRS.,ELIZABETH,THOMAS,7/21/1963,M,F,elizabeth14@adventure-works.com,"$80,000 ",4,Bachelors,Management,Y
15283,MR.,EUGENE,LI,11/22/1972,S,M,eugene7@adventure-works.com,"$40,000 ",0,Graduate Degree,Skilled Manual,N
15284,MR.,JAY,PRASAD,3/13/1972,S,M,jay16@adventure-works.com,"$40,000 ",0,Graduate Degree,Skilled Manual,N
15285,MS.,OLIVIA,RODRIGUEZ,2/11/1972,S,F,olivia19@adventure-works.com,"$40,000 ",0,Graduate Degree,Skilled Manual,Y
15286,MR.,THOMAS,NELSON,10/1/1973,M,M,thomas46@adventure-works.com,"$50,000 ",0,Graduate Degree,Skilled Manual,Y
15287,MRS.,STEPHANIE,BAKER,4/23/1973,S,F,stephanie61@adventure-works.com,"$50,000 ",1,Graduate Degree,Skilled Manual,Y
15288,MR.,LOGAN,PERRY,3/28/1973,M,M,logan10@adventure-works.com,"$50,000 ",1,Graduate Degree,Skilled Manual,Y
15289,MRS.,KATELYN,GRAY,2/14/1972,M,F,katelyn4@adventure-works.com,"$40,000 ",1,Graduate Degree,Skilled Manual,Y
15290,MR.,EDWARD,THOMPSON,7/27/1972,M,M,edward38@adventure-works.com,"$50,000 ",1,Graduate Degree,Skilled Manual,N
15291,MRS.,JULIA,ALEXANDER,10/23/1971,S,F,julia85@adventure-works.com,"$60,000 ",1,Graduate Degree,Skilled Manual,Y
15292,MRS.,MEGAN,BAILEY,6/17/1971,S,F,megan36@adventure-works.com,"$60,000 ",1,Graduate Degree,Skilled Manual,Y
15293,MR.,MASON,WATSON,3/11/1971,M,M,mason2@adventure-works.com,"$60,000 ",1,Graduate Degree,Skilled Manual,Y
15294,MR.,MICHAEL,ROBINSON,8/9/1971,M,M,michael50@adventure-works.com,"$60,000 ",1,Graduate Degree,Skilled Manual,Y
15296,MRS.,CHLOE,PETERSON,6/13/1971,M,F,chloe60@adventure-works.com,"$60,000 ",1,Graduate Degree,Skilled Manual,Y
15297,MRS.,NICOLE,BRYANT,5/15/1971,M,F,nicole67@adventure-works.com,"$60,000 ",1,Graduate Degree,Skilled Manual,Y
15298,MR.,JOE,CHANDRA,9/11/1972,M,M,joe6@adventure-works.com,"$50,000 ",1,Bachelors,Skilled Manual,Y
15299,MR.,CHARLES,LOPEZ,10/22/1972,M,M,charles32@adventure-works.com,"$50,000 ",1,Bachelors,Skilled Manual,Y
15300,MR.,SETH,BUTLER,11/9/1972,M,M,seth62@adventure-works.com,"$60,000 ",1,Graduate Degree,Skilled Manual,Y
15301,MRS.,AMY,GUO,2/19/1972,S,F,amy24@adventure-works.com,"$60,000 ",1,Graduate Degree,Professional,Y
15302,MRS.,BRIANNA,THOMAS,7/12/1972,S,F,brianna9@adventure-works.com,"$70,000 ",1,Graduate Degree,Professional,Y
15303,MRS.,HALEY,PATTERSON,10/23/1944,S,F,haley29@adventure-works.com,"$70,000 ",4,Bachelors,Management,Y
15304,MRS.,MIRANDA,POWELL,11/23/1944,M,F,miranda8@adventure-works.com,"$70,000 ",5,Bachelors,Management,Y
15305,MRS.,JACQUELYN,ORTEGA,10/19/1945,S,F,jacquelyn23@adventure-works.com,"$70,000 ",5,Bachelors,Management,Y
15306,MRS.,VICTORIA,SANCHEZ,9/19/1945,M,F,victoria25@adventure-works.com,"$60,000 ",4,Bachelors,Management,Y
15307,MRS.,JENNIFER,GARCIA,4/25/1945,M,F,jennifer44@adventure-works.com,"$60,000 ",4,Bachelors,Management,Y
15308,MRS.,CHRISTY,LAL,4/11/1945,M,F,christy26@adventure-works.com,"$60,000 ",4,Bachelors,Management,Y
15309,MR.,DYLAN,WILSON,8/2/1945,M,M,dylan34@adventure-works.com,"$60,000 ",4,Bachelors,Management,Y
15310,MRS.,AMANDA,STEWART,11/18/1945,M,F,amanda0@adventure-works.com,"$60,000 ",4,Bachelors,Management,Y
15311,MR.,BRANDON,THOMPSON,7/21/1945,M,M,brandon36@adventure-works.com,"$60,000 ",4,Bachelors,Management,Y
15312,MRS.,ALEXANDRIA,GONZALES,7/15/1945,M,F,alexandria17@adventure-works.com,"$60,000 ",4,Bachelors,Management,Y
15313,MR.,GARRETT,MORRIS,10/28/1946,M,M,garrett23@adventure-works.com,"$60,000 ",4,Bachelors,Management,Y
15314,MR.,EDUARDO,TORRES,8/5/1946,S,M,eduardo72@adventure-works.com,"$60,000 ",5,Bachelors,Management,Y
15315,MRS.,KATHERINE,BENNETT,10/17/1946,M,F,katherine26@adventure-works.com,"$70,000 ",4,Bachelors,Management,N
15316,MRS.,ALEXIS,HARRIS,10/11/1947,M,F,alexis12@adventure-works.com,"$60,000 ",5,Bachelors,Management,Y
15317,MRS.,RACHEL,JENKINS,5/20/1947,M,F,rachel54@adventure-works.com,"$60,000 ",5,Bachelors,Management,Y
15318,MRS.,GRACE,WATSON,9/21/1947,M,F,grace44@adventure-works.com,"$60,000 ",2,Bachelors,Management,Y
15319,MRS.,JADE,SANCHEZ,1/4/1947,M,F,jade19@adventure-works.com,"$70,000 ",4,Bachelors,Management,N
15320,MR.,EDUARDO,BROOKS,4/19/1947,M,M,eduardo68@adventure-works.com,"$70,000 ",4,Bachelors,Management,Y
15321,MR.,BLAKE,PHILLIPS,5/4/1947,M,M,blake42@adventure-works.com,"$80,000 ",5,Bachelors,Management,Y
15322,MR.,EVAN,GREEN,8/10/1947,M,M,evan41@adventure-works.com,"$80,000 ",5,Bachelors,Management,Y
15323,MR.,EDUARDO,WILSON,3/23/1948,M,M,eduardo6@adventure-works.com,"$40,000 ",2,High School,Professional,Y
15324,MRS.,RENEE,SERRANO,5/21/1948,M,F,renee14@adventure-works.com,"$40,000 ",2,High School,Professional,N
15325,MR.,ELIJAH,HAYES,5/20/1948,M,M,elijah24@adventure-works.com,"$60,000 ",2,Partial College,Professional,Y
15327,MRS.,PAULA,HERNANDEZ,12/16/1948,S,F,paula6@adventure-works.com,"$60,000 ",2,Bachelors,Management,Y
15328,MR.,FERNANDO,JACKSON,11/22/1948,M,M,fernando11@adventure-works.com,"$70,000 ",4,Bachelors,Management,Y
15329,MRS.,BRIANNA,COX,10/19/1948,S,F,brianna37@adventure-works.com,"$70,000 ",4,Bachelors,Management,Y
15330,MRS.,CATHERINE,RICHARDSON,8/25/1949,S,F,catherine8@adventure-works.com,"$60,000 ",2,Partial College,Professional,N
15331,MR.,JACOB,TAYLOR,8/26/1949,M,M,jacob8@adventure-works.com,"$60,000 ",2,Partial College,Professional,Y
15332,MR.,JASON,SHARMA,4/8/1949,M,M,jason27@adventure-works.com,"$60,000 ",2,Partial College,Professional,Y
15333,MRS.,MARIE,DIAZ,11/5/1949,M,F,marie27@adventure-works.com,"$60,000 ",2,Bachelors,Management,Y
15334,MRS.,SYDNEY,WILLIAMS,5/4/1950,S,F,sydney66@adventure-works.com,"$40,000 ",2,Partial High School,Skilled Manual,Y
15335,MRS.,EMILY,PATTERSON,2/3/1950,S,F,emily35@adventure-works.com,"$60,000 ",2,Partial College,Professional,Y
15336,MR.,MARCO,GARCIA,9/21/1950,M,M,marco15@adventure-works.com,"$60,000 ",2,Partial College,Professional,Y
15337,MRS.,RACHEL,GONZALES,5/28/1950,M,F,rachel65@adventure-works.com,"$60,000 ",2,Partial College,Professional,Y
15338,MRS.,MARIE,NAVARRO,7/1/1950,M,F,marie33@adventure-works.com,"$60,000 ",2,Partial College,Professional,Y
15339,MR.,NOAH,ZHANG,7/1/1950,M,M,noah21@adventure-works.com,"$60,000 ",2,Partial College,Professional,Y
15340,MRS.,BRITTANY,BARNES,5/7/1951,M,F,brittany3@adventure-works.com,"$40,000 ",2,Partial High School,Skilled Manual,Y
15341,MRS.,LACEY,DENG,11/12/1951,M,F,lacey37@adventure-works.com,"$60,000 ",2,Partial College,Professional,Y
15342,MRS.,ASHLEE,RAJI,4/21/1951,M,F,ashlee5@adventure-works.com,"$60,000 ",2,Partial College,Professional,Y
15343,MR.,CARSON,BARNES,9/7/1951,M,M,carson2@adventure-works.com,"$60,000 ",2,Partial College,Professional,Y
15344,MR.,LUKE,RUSSELL,3/8/1951,M,M,luke9@adventure-works.com,"$70,000 ",4,Partial College,Professional,Y
15345,MRS.,ASHLEY,PERRY,5/16/1951,M,F,ashley34@adventure-works.com,"$70,000 ",4,Partial College,Professional,N
15346,MR.,CHARLES,RODRIGUEZ,3/14/1951,S,M,charles24@adventure-works.com,"$70,000 ",4,Partial College,Professional,Y
15347,MRS.,DEANNA,ALONSO,6/27/1952,M,F,deanna34@adventure-works.com,"$60,000 ",3,High School,Professional,Y
15348,MR.,GREG,CARTER,11/19/1952,S,M,greg8@adventure-works.com,"$70,000 ",4,Partial College,Professional,Y
15349,MRS.,STEPHANIE,GONZALEZ,11/10/1952,M,F,stephanie62@adventure-works.com,"$70,000 ",4,Partial College,Professional,Y
15350,MRS.,KATHLEEN,SERRANO,9/2/1952,M,F,kathleen17@adventure-works.com,"$70,000 ",4,Partial College,Professional,N
15352,MR.,RAYMOND,MARTINEZ,7/20/1958,S,M,raymond18@adventure-works.com,"$130,000 ",2,Bachelors,Management,N
15353,MRS.,MICHELE,XU,7/3/1958,S,F,michele5@adventure-works.com,"$160,000 ",2,Partial College,Professional,N
15354,MR.,COREY,KUMAR,2/7/1957,M,M,corey7@adventure-works.com,"$170,000 ",3,Bachelors,Management,Y
15355,MRS.,JANELLE,MARTINEZ,1/18/1956,M,F,janelle14@adventure-works.com,"$100,000 ",2,Partial College,Professional,Y
15356,MRS.,DAWN,JAI,4/19/1955,M,F,dawn35@adventure-works.com,"$120,000 ",3,Partial High School,Professional,Y
15357,MR.,CRAIG,NAVARRO,10/22/1955,M,M,craig11@adventure-works.com,"$120,000 ",2,Partial High School,Professional,Y
15358,MRS.,DANIELLE,SANDERS,3/25/1932,S,F,danielle6@adventure-works.com,"$90,000 ",3,Graduate Degree,Management,Y
15359,MR.,LOGAN,YANG,4/7/1933,M,M,logan0@adventure-works.com,"$70,000 ",4,Graduate Degree,Management,Y
15360,MR.,RYAN,MARTIN,6/22/1933,M,M,ryan37@adventure-works.com,"$110,000 ",1,Graduate Degree,Management,Y
15361,MR.,THOMAS,GONZALES,5/18/1933,S,M,thomas19@adventure-works.com,"$160,000 ",0,Graduate Degree,Management,N
15362,MRS.,JENNIFER,ADAMS,12/6/1965,M,F,jennifer18@adventure-works.com,"$90,000 ",4,Partial College,Professional,Y
15363,MR.,JUSTIN,YANG,2/26/1965,M,M,justin24@adventure-works.com,"$90,000 ",4,Partial College,Professional,Y
15364,MR.,AIDAN,BRYANT,2/21/1965,S,M,aidan19@adventure-works.com,"$90,000 ",5,Partial College,Professional,Y
15365,MRS.,VICTORIA,GRAY,10/24/1965,M,F,victoria42@adventure-works.com,"$120,000 ",3,Bachelors,Management,Y
15366,MRS.,ALYSSA,COLEMAN,12/22/1965,M,F,alyssa52@adventure-works.com,"$130,000 ",1,Graduate Degree,Management,Y
15367,MS.,ALYSSA,WHITE,1/5/1964,S,F,alyssa12@adventure-works.com,"$90,000 ",0,Partial College,Professional,N
15368,MRS.,BRANDI,MARTIN,2/8/1964,M,F,brandi0@adventure-works.com,"$110,000 ",3,Bachelors,Management,Y
15369,MR.,CONNOR,PEREZ,2/21/1956,M,M,connor32@adventure-works.com,"$70,000 ",3,Partial College,Professional,Y
15370,MRS.,JESSICA,BUTLER,7/3/1956,M,F,jessica38@adventure-works.com,"$70,000 ",4,Partial College,Professional,N
15371,MR.,CAMERON,BRYANT,3/4/1956,M,M,cameron13@adventure-works.com,"$80,000 ",3,Partial College,Professional,N
15372,MR.,MIGUEL,ALEXANDER,7/19/1956,M,M,miguel65@adventure-works.com,"$80,000 ",3,Partial College,Professional,N
15373,MRS.,KAITLYN,JONES,4/19/1934,M,F,kaitlyn26@adventure-works.com,"$60,000 ",2,Graduate Degree,Management,Y
15374,MRS.,DONNA,KUMAR,10/12/1934,M,F,donna7@adventure-works.com,"$70,000 ",4,Graduate Degree,Management,Y
15375,MRS.,ALISHA,CHANDE,9/15/1934,S,F,alisha39@adventure-works.com,"$80,000 ",4,Graduate Degree,Management,Y
15376,MRS.,MEGAN,SANDERS,5/6/1963,S,F,megan49@adventure-works.com,"$80,000 ",4,Partial College,Professional,N
15377,MRS.,BRIANNA,JACKSON,7/5/1963,S,F,brianna10@adventure-works.com,"$80,000 ",4,Partial College,Professional,Y
15378,MR.,DEVIN,WARD,3/6/1963,M,M,devin70@adventure-works.com,"$80,000 ",4,Partial College,Professional,Y
15379,MRS.,AMANDA,GRIFFIN,11/23/1963,M,F,amanda42@adventure-works.com,"$130,000 ",3,Bachelors,Management,Y
15380,MR.,NATHAN,ROBINSON,10/8/1962,M,M,nathan52@adventure-works.com,"$100,000 ",1,Partial College,Professional,Y
15381,MRS.,ALEXA,HOWARD,5/10/1962,M,F,alexa9@adventure-works.com,"$100,000 ",1,Partial College,Professional,Y
15382,MRS.,KIMBERLY,BLUE,5/11/1962,M,F,kimberly16@adventure-works.com,"$110,000 ",1,Bachelors,Management,Y
15383,MR.,CHARLES,RIVERA,10/28/1962,M,M,charles56@adventure-works.com,"$130,000 ",1,Bachelors,Management,Y
15384,MR.,XAVIER,ALAN,2/23/1961,M,M,xavier22@adventure-works.com,"$80,000 ",5,Partial College,Professional,Y
15385,MRS.,DESTINY,REED,6/14/1961,M,F,destiny27@adventure-works.com,"$90,000 ",4,High School,Professional,Y
15386,MR.,NICHOLAS,TAYLOR,3/8/1961,S,M,nicholas10@adventure-works.com,"$90,000 ",4,High School,Professional,N
15387,MR.,MIGUEL,RODRIGUEZ,2/13/1961,M,M,miguel20@adventure-works.com,"$110,000 ",1,Partial College,Professional,Y
15388,MRS.,VICTORIA,SMITH,1/19/1961,M,F,victoria1@adventure-works.com,"$130,000 ",1,Bachelors,Management,Y
15389,MRS.,JOAN,KING,9/6/1961,S,F,joan14@adventure-works.com,"$130,000 ",1,Bachelors,Management,N
15390,MR.,JONATHAN,TURNER,5/4/1955,M,M,jonathan34@adventure-works.com,"$60,000 ",2,High School,Professional,N
15391,MRS.,JORDYN,POWELL,3/20/1955,M,F,jordyn8@adventure-works.com,"$90,000 ",2,High School,Professional,N
15392,MRS.,SYDNEY,BROWN,8/19/1954,S,F,sydney68@adventure-works.com,"$80,000 ",2,Partial High School,Skilled Manual,N
15393,MRS.,REBEKAH,RUIZ,10/2/1935,M,F,rebekah22@adventure-works.com,"$60,000 ",2,Graduate Degree,Management,Y
15394,MRS.,NATALIE,WILSON,4/6/1936,M,F,natalie74@adventure-works.com,"$90,000 ",4,Bachelors,Management,Y
15395,MR.,JOSEPH,CLARK,10/17/1960,S,M,joseph26@adventure-works.com,"$80,000 ",5,Partial College,Professional,Y
15396,MRS.,JULIA,WILSON,11/2/1960,M,F,julia29@adventure-works.com,"$100,000 ",3,Partial College,Professional,Y
15398,MR.,JOSE,WANG,10/13/1960,M,M,jose19@adventure-works.com,"$150,000 ",1,Partial College,Professional,Y
15399,MRS.,MACKENZIE,MURPHY,8/1/1954,S,F,mackenzie13@adventure-works.com,"$80,000 ",2,Partial High School,Skilled Manual,Y
15400,MR.,SAMUEL,ROBERTS,9/19/1954,M,M,samuel34@adventure-works.com,"$60,000 ",2,Partial High School,Skilled Manual,N
15401,MRS.,RACHEL,HUGHES,8/16/1954,S,F,rachel59@adventure-works.com,"$60,000 ",2,Partial High School,Skilled Manual,Y
15402,MR.,CONNOR,EVANS,8/16/1954,M,M,connor29@adventure-works.com,"$60,000 ",2,Partial High School,Skilled Manual,N
15403,MR.,JEREMIAH,ROSS,9/6/1954,M,M,jeremiah27@adventure-works.com,"$60,000 ",2,Partial High School,Skilled Manual,N
15404,MRS.,SYDNEY,ROBINSON,5/3/1954,S,F,sydney80@adventure-works.com,"$70,000 ",3,High School,Professional,Y
15405,,MIGUEL,ROSS,3/24/1953,M,NA,miguel50@adventure-works.com,"$70,000 ",3,Graduate Degree,Management,Y
15406,MRS.,AMANDA,BUTLER,5/26/1953,S,F,amanda35@adventure-works.com,"$70,000 ",3,Graduate Degree,Management,Y
15407,MRS.,JULIA,LEE,9/6/1953,S,F,julia43@adventure-works.com,"$70,000 ",3,Graduate Degree,Management,Y
15408,MRS.,OLIVIA,THOMPSON,10/26/1953,S,F,olivia14@adventure-works.com,"$70,000 ",3,Graduate Degree,Management,Y
15409,MR.,EDUARDO,COOPER,8/3/1952,M,M,eduardo77@adventure-works.com,"$40,000 ",3,Partial College,Professional,N
15410,MRS.,KATHERINE,HARRIS,6/22/1952,M,F,katherine84@adventure-works.com,"$40,000 ",3,Partial College,Professional,N
15411,MR.,JAY,CHANDRA,11/7/1937,S,M,jay8@adventure-works.com,"$70,000 ",4,Graduate Degree,Management,Y
15412,MR.,RYAN,GRIFFIN,6/14/1937,M,M,ryan24@adventure-works.com,"$130,000 ",2,Graduate Degree,Management,Y
15413,MR.,DONALD,PRASAD,9/4/1937,M,M,donald11@adventure-works.com,"$130,000 ",2,Bachelors,Management,Y
15414,MR.,ISAAC,RICHARDSON,9/3/1939,M,M,isaac9@adventure-works.com,"$110,000 ",2,Graduate Degree,Management,Y
15415,MRS.,RACHEL,GRAY,5/14/1939,M,F,rachel42@adventure-works.com,"$110,000 ",2,Graduate Degree,Management,N
15416,MR.,EDWARD,BARNES,2/19/1940,M,M,edward51@adventure-works.com,"$100,000 ",2,Graduate Degree,Management,Y
15417,MR.,ALVIN,LU,6/5/1941,S,M,alvin11@adventure-works.com,"$70,000 ",5,Graduate Degree,Management,Y
15418,MR.,ANGEL,KELLY,10/5/1968,S,M,angel1@adventure-works.com,"$90,000 ",4,Bachelors,Management,N
15419,MR.,CARLOS,BAKER,1/17/1968,S,M,carlos35@adventure-works.com,"$100,000 ",2,Bachelors,Management,Y
15420,MR.,NATHAN,HERNANDEZ,10/2/1968,M,M,nathan48@adventure-works.com,"$100,000 ",2,Bachelors,Management,Y
15421,MR.,CAMERON,CLARK,3/3/1968,S,M,cameron37@adventure-works.com,"$100,000 ",3,Bachelors,Management,N
15422,MS.,KELLY,GRIFFIN,7/10/1979,M,F,kelly25@adventure-works.com,"$40,000 ",0,High School,Skilled Manual,Y
15423,MR.,JACK,LONG,4/26/1979,S,M,jack10@adventure-works.com,"$40,000 ",0,High School,Skilled Manual,N
15424,MS.,REBECCA,HILL,6/12/1979,S,F,rebecca23@adventure-works.com,"$30,000 ",0,Partial College,Skilled Manual,N
15425,MRS.,TINA,SAI,9/25/1944,M,F,tina7@adventure-works.com,"$10,000 ",5,High School,Skilled Manual,N
15426,MRS.,CRISTINA,KUMAR,2/17/1944,S,F,cristina7@adventure-works.com,"$10,000 ",5,High School,Skilled Manual,Y
15427,MS.,JADE,MURPHY,11/18/1979,S,F,jade12@adventure-works.com,"$60,000 ",0,Partial College,Skilled Manual,N
15428,MR.,RICHARD,HOWARD,5/1/1979,M,M,richard93@adventure-works.com,"$60,000 ",0,Partial College,Skilled Manual,Y
15429,MR.,AARON,LI,4/19/1979,M,M,aaron26@adventure-works.com,"$70,000 ",0,Partial College,Skilled Manual,N
15430,MR.,ALFREDO,JIMÉNEZ,6/9/1978,M,M,alfredo6@adventure-works.com,"$40,000 ",0,Partial College,Skilled Manual,Y
15431,MR.,JOHN,JACKSON,3/17/1978,M,M,john49@adventure-works.com,"$40,000 ",0,Partial College,Skilled Manual,Y
15432,MR.,ALVIN,KUMAR,8/18/1978,S,M,alvin30@adventure-works.com,"$60,000 ",0,Partial College,Skilled Manual,Y
15433,MR.,ADAM,SHARMA,8/18/1978,S,M,adam26@adventure-works.com,"$60,000 ",0,Partial College,Skilled Manual,N
15434,MR.,BRENT,ZHOU,1/19/1945,M,M,brent8@adventure-works.com,"$20,000 ",4,High School,Skilled Manual,N
15435,MR.,GEOFFREY,RAMAN,10/12/1946,S,M,geoffrey10@adventure-works.com,"$30,000 ",2,Partial College,Clerical,Y
15436,MRS.,PATRICIA,SURI,9/20/1946,S,F,patricia5@adventure-works.com,"$30,000 ",2,Partial College,Clerical,Y
15437,MRS.,CANDACE,SRINI,6/22/1947,M,F,candace8@adventure-works.com,"$20,000 ",4,High School,Skilled Manual,Y
15438,,ARTHUR,RODRIGUEZ,3/11/1947,M,NA,arthur20@adventure-works.com,"$30,000 ",2,Partial College,Clerical,N
15439,MR.,MASON,EVANS,1/15/1948,M,M,mason21@adventure-works.com,"$10,000 ",2,Partial High School,Clerical,Y
15440,MR.,JON,PAL,3/23/1974,M,M,jon8@adventure-works.com,"$10,000 ",0,Graduate Degree,Manual,Y
15441,MRS.,CHRISTY,ZENG,2/17/1966,M,F,christy20@adventure-works.com,"$10,000 ",1,Graduate Degree,Manual,Y
15442,MR.,ALEJANDRO,SHEN,6/27/1962,M,M,alejandro28@adventure-works.com,"$10,000 ",1,Graduate Degree,Manual,Y
15443,MR.,FRANCISCO,PATEL,3/26/1962,M,M,francisco4@adventure-works.com,"$10,000 ",1,Graduate Degree,Manual,Y
15444,MR.,ROY,FERNANDEZ,2/9/1962,M,M,roy16@adventure-works.com,"$20,000 ",1,Graduate Degree,Clerical,Y
15445,MR.,BOB,LOPEZ,12/13/1962,M,M,bob9@adventure-works.com,"$20,000 ",1,Graduate Degree,Clerical,Y
15446,,LEVI,MADAN,5/23/1961,S,NA,levi7@adventure-works.com,"$20,000 ",1,Graduate Degree,Clerical,Y
15447,MRS.,REGINA,MADAN,5/11/1961,M,F,regina7@adventure-works.com,"$20,000 ",1,Graduate Degree,Clerical,Y
15448,MR.,OMAR,SHE,10/25/1961,M,M,omar22@adventure-works.com,"$20,000 ",1,Graduate Degree,Clerical,Y
15449,MR.,CEDRIC,YUAN,2/15/1935,M,M,cedric28@adventure-works.com,"$30,000 ",1,Graduate Degree,Clerical,Y
15450,MR.,MARSHALL,BLACK,6/10/1936,M,M,marshall40@adventure-works.com,"$10,000 ",1,Graduate Degree,Clerical,Y
15451,MRS.,LINDA,MUNOZ,5/19/1962,M,F,linda22@adventure-works.com,"$30,000 ",4,Graduate Degree,Clerical,Y
15452,MRS.,ALISON,GOEL,8/19/1958,M,F,alison20@adventure-works.com,"$10,000 ",1,Bachelors,Manual,Y
15453,MRS.,ISABELLE,BARNES,8/11/1958,M,F,isabelle3@adventure-works.com,"$20,000 ",1,Bachelors,Manual,Y
15454,MR.,IAN,BENNETT,9/3/1955,M,M,ian41@adventure-works.com,"$20,000 ",1,Bachelors,Clerical,Y
15455,MRS.,DENISE,RAMAN,4/9/1940,S,F,denise13@adventure-works.com,"$10,000 ",2,Partial College,Manual,Y
15456,MR.,DONALD,SURI,10/14/1940,S,M,donald2@adventure-works.com,"$20,000 ",1,Bachelors,Clerical,Y
15457,MRS.,ADRIANA,MARTINEZ,2/28/1941,M,F,adriana18@adventure-works.com,"$20,000 ",1,Partial College,Manual,Y
15458,MRS.,KRYSTAL,MA,6/27/1942,M,F,krystal16@adventure-works.com,"$20,000 ",1,Partial College,Manual,Y
15459,MRS.,BETH,DOMINGUEZ,4/13/1942,M,F,beth15@adventure-works.com,"$20,000 ",1,Partial College,Manual,Y
15460,MRS.,BETHANY,NARA,2/13/1942,M,F,bethany20@adventure-works.com,"$20,000 ",1,Partial College,Manual,Y
15461,MR.,ALBERTO,GUTIERREZ,5/13/1942,M,M,alberto12@adventure-works.com,"$30,000 ",1,Bachelors,Clerical,Y
15462,MR.,TONY,CHANDE,8/27/1943,M,M,tony17@adventure-works.com,"$10,000 ",3,Partial College,Manual,Y
15463,MR.,TERRENCE,YUAN,11/19/1943,S,M,terrence7@adventure-works.com,"$10,000 ",3,Partial College,Manual,Y
15464,MS.,KRISTI,BLANCO,4/4/1980,M,F,kristi11@adventure-works.com,"$10,000 ",0,Partial College,Manual,N
15465,MS.,JACQUELYN,NAVARRO,9/3/1980,M,F,jacquelyn10@adventure-works.com,"$10,000 ",0,Partial College,Manual,N
15466,MR.,ELIJAH,PEREZ,1/8/1970,M,M,elijah32@adventure-works.com,"$50,000 ",1,Bachelors,Skilled Manual,Y
15467,MR.,CALEB,SHAN,8/2/1970,M,M,caleb27@adventure-works.com,"$50,000 ",1,Bachelors,Skilled Manual,Y
15468,MRS.,EMMA,FOSTER,11/10/1970,M,F,emma62@adventure-works.com,"$50,000 ",1,Bachelors,Skilled Manual,Y
15469,MR.,FERNANDO,WILLIAMS,10/28/1970,M,M,fernando3@adventure-works.com,"$60,000 ",1,Graduate Degree,Professional,Y
15470,MRS.,HAILEY,LOPEZ,2/21/1970,M,F,hailey60@adventure-works.com,"$60,000 ",1,Graduate Degree,Professional,Y
15471,MRS.,DESTINY,WHITE,3/8/1969,S,F,destiny12@adventure-works.com,"$50,000 ",2,Bachelors,Skilled Manual,Y
15472,MRS.,JENNIFER,TORRES,10/18/1969,S,F,jennifer67@adventure-works.com,"$50,000 ",2,Bachelors,Skilled Manual,Y
15473,MRS.,ABIGAIL,JENKINS,4/15/1969,S,F,abigail32@adventure-works.com,"$50,000 ",2,Bachelors,Skilled Manual,N
15474,MR.,CAMERON,LAL,5/2/1969,M,M,cameron25@adventure-works.com,"$50,000 ",2,Bachelors,Skilled Manual,Y
15475,MRS.,KAITLYN,BROOKS,10/18/1969,S,F,kaitlyn65@adventure-works.com,"$50,000 ",2,Bachelors,Skilled Manual,Y
15476,MRS.,ALYSSA,POWELL,11/1/1969,S,F,alyssa55@adventure-works.com,"$60,000 ",1,Graduate Degree,Professional,Y
15477,MR.,JOSE,ADAMS,8/11/1969,S,M,jose51@adventure-works.com,"$60,000 ",1,Graduate Degree,Professional,Y
15478,MRS.,MELANIE,RUSSELL,8/19/1971,M,F,melanie7@adventure-works.com,"$60,000 ",1,Graduate Degree,Professional,Y
15479,,ANDREA,WRIGHT,8/21/1971,M,NA,andrea42@adventure-works.com,"$60,000 ",1,Graduate Degree,Professional,Y
15480,MRS.,DENISE,LOPEZ,7/23/1971,M,F,denise17@adventure-works.com,"$70,000 ",2,Graduate Degree,Professional,Y
15481,MRS.,JAMIE,ZHANG,8/25/1971,S,F,jamie2@adventure-works.com,"$70,000 ",2,Graduate Degree,Professional,Y
15482,MRS.,AUDREY,RUBIO,2/8/1971,M,F,audrey23@adventure-works.com,"$70,000 ",2,Graduate Degree,Professional,Y
15483,MRS.,KATHERINE,ROBINSON,5/8/1971,M,F,katherine89@adventure-works.com,"$70,000 ",3,Graduate Degree,Professional,Y
15484,MR.,SAMUEL,HENDERSON,6/20/1971,M,M,samuel3@adventure-works.com,"$80,000 ",1,Graduate Degree,Professional,Y
15485,MRS.,JORDAN,WRIGHT,11/19/1969,M,F,jordan49@adventure-works.com,"$60,000 ",1,Graduate Degree,Professional,Y
15486,MR.,KEVIN,GRIFFIN,9/23/1969,M,M,kevin23@adventure-works.com,"$60,000 ",1,Graduate Degree,Professional,Y
15487,MR.,JESSE,RAMIREZ,9/9/1969,S,M,jesse7@adventure-works.com,"$60,000 ",1,Graduate Degree,Professional,Y
15488,MR.,EVAN,RICHARDSON,3/27/1969,M,M,evan10@adventure-works.com,"$60,000 ",1,Graduate Degree,Professional,Y
15489,MRS.,EMILY,THOMPSON,7/26/1968,S,F,emily16@adventure-works.com,"$60,000 ",2,Bachelors,Skilled Manual,Y
15490,MRS.,KAITLYN,RIVERA,2/3/1968,S,F,kaitlyn55@adventure-works.com,"$70,000 ",2,Bachelors,Skilled Manual,N
15491,MRS.,SHANNON,LI,4/23/1968,S,F,shannon3@adventure-works.com,"$70,000 ",2,Bachelors,Skilled Manual,Y
15492,MRS.,GRACE,LONG,10/19/1968,S,F,grace57@adventure-works.com,"$70,000 ",2,Bachelors,Skilled Manual,Y
15493,MR.,ERIC,CHEN,9/19/1968,M,M,eric33@adventure-works.com,"$70,000 ",2,Bachelors,Skilled Manual,Y
15494,MRS.,ANNA,ROSS,11/14/1968,S,F,anna28@adventure-works.com,"$70,000 ",2,Bachelors,Skilled Manual,N
15495,MR.,CRAIG,ALONSO,5/18/1967,M,M,craig9@adventure-works.com,"$40,000 ",5,High School,Skilled Manual,Y
15496,MRS.,KELLI,GOEL,9/8/1967,S,F,kelli42@adventure-works.com,"$40,000 ",5,High School,Skilled Manual,Y
15497,MS.,KATELYN,PHILLIPS,3/5/1967,M,F,katelyn28@adventure-works.com,"$40,000 ",0,Bachelors,Professional,N
15498,MRS.,ALEXANDRA,WASHINGTON,2/8/1970,M,F,alexandra36@adventure-works.com,"$60,000 ",1,Graduate Degree,Professional,Y
15500,MR.,KEITH,RAJI,1/25/1970,M,M,keith25@adventure-works.com,"$70,000 ",4,Graduate Degree,Professional,Y
15501,MR.,JUSTIN,SIMMONS,6/21/1970,M,M,justin12@adventure-works.com,"$70,000 ",4,Graduate Degree,Professional,Y
15502,MR.,NATHANIEL,HOWARD,10/19/1967,S,M,nathaniel12@adventure-works.com,"$40,000 ",0,Bachelors,Professional,N
15503,MRS.,CAITLIN,JAMES,8/26/1967,S,F,caitlin6@adventure-works.com,"$50,000 ",2,Bachelors,Skilled Manual,Y
15504,MR.,JARED,JAMES,4/2/1967,S,M,jared1@adventure-works.com,"$50,000 ",2,Bachelors,Skilled Manual,N
15505,MRS.,GABRIELLA,BAILEY,2/7/1967,S,F,gabriella14@adventure-works.com,"$50,000 ",2,Bachelors,Skilled Manual,N
15506,MR.,EVAN,SANDERS,3/27/1966,S,M,evan3@adventure-works.com,"$60,000 ",0,Graduate Degree,Professional,Y
15507,MS.,HAILEY,CAMPBELL,9/28/1966,M,F,hailey49@adventure-works.com,"$60,000 ",0,Graduate Degree,Professional,Y
15508,MS.,MEGAN,BROOKS,8/8/1966,M,F,megan47@adventure-works.com,"$60,000 ",0,Graduate Degree,Professional,Y
15509,MR.,ZACHARY,WASHINGTON,2/23/1966,M,M,zachary12@adventure-works.com,"$60,000 ",0,Graduate Degree,Professional,Y
15510,MR.,ERNEST,SHE,10/24/1966,M,M,ernest21@adventure-works.com,"$70,000 ",5,Graduate Degree,Professional,Y
15511,MRS.,HALEY,KELLY,2/11/1969,M,F,haley18@adventure-works.com,"$60,000 ",2,Graduate Degree,Professional,Y
15512,MR.,JOSE,HAYES,8/1/1969,M,M,jose17@adventure-works.com,"$70,000 ",5,Graduate Degree,Professional,Y
15513,MRS.,MADELINE,PEREZ,10/20/1969,S,F,madeline12@adventure-works.com,"$70,000 ",5,Graduate Degree,Professional,Y
15514,MRS.,ANGELA,RAMIREZ,5/19/1969,S,F,angela33@adventure-works.com,"$70,000 ",5,Graduate Degree,Professional,Y
15515,MR.,CARLOS,WRIGHT,4/10/1969,M,M,carlos49@adventure-works.com,"$70,000 ",5,Graduate Degree,Professional,Y
15516,MR.,SHAUN,RAJE,10/18/1969,M,M,shaun15@adventure-works.com,"$70,000 ",5,Graduate Degree,Professional,Y
15517,MR.,THOMAS,EDWARDS,1/22/1969,S,M,thomas38@adventure-works.com,"$80,000 ",3,Graduate Degree,Professional,Y
15518,MR.,RICHARD,BRYANT,9/12/1969,M,M,richard73@adventure-works.com,"$80,000 ",3,Graduate Degree,Professional,Y
15519,MRS.,JENNIFER,EVANS,11/10/1921,M,F,jennifer4@adventure-works.com,"$10,000 ",4,Partial High School,Clerical,N
15520,MS.,DESIREE,NAVARRO,6/19/1965,S,F,desiree6@adventure-works.com,"$40,000 ",0,Bachelors,Professional,N
15521,MRS.,KATHRYN,DENG,5/25/1965,S,F,kathryn1@adventure-works.com,"$80,000 ",3,Bachelors,Skilled Manual,Y
15522,MR.,ETHAN,RUSSELL,9/7/1965,M,M,ethan16@adventure-works.com,"$60,000 ",0,Graduate Degree,Professional,Y
15523,MR.,JONATHAN,YANG,2/8/1964,S,M,jonathan26@adventure-works.com,"$40,000 ",0,Bachelors,Professional,Y
15524,MR.,DALTON,STONE,9/15/1964,M,M,dalton0@adventure-works.com,"$50,000 ",4,Bachelors,Skilled Manual,Y
15525,MRS.,MARIE,GONZALEZ,2/12/1964,S,F,marie20@adventure-works.com,"$50,000 ",4,Bachelors,Skilled Manual,Y
15526,MRS.,ISABELLE,FLORES,6/19/1964,S,F,isabelle11@adventure-works.com,"$50,000 ",4,Bachelors,Skilled Manual,N
15527,MRS.,MEGAN,RIVERA,4/8/1964,S,F,megan37@adventure-works.com,"$50,000 ",4,Bachelors,Skilled Manual,N
15528,MR.,LUCAS,RAMIREZ,4/7/1963,M,M,lucas79@adventure-works.com,"$60,000 ",4,Bachelors,Professional,Y
15529,MR.,JASON,ALLEN,7/5/1963,M,M,jason50@adventure-works.com,"$60,000 ",4,Bachelors,Professional,Y
15530,MRS.,MADISON,JOHNSON,4/3/1963,S,F,madison1@adventure-works.com,"$60,000 ",4,Bachelors,Professional,N
15531,MR.,CALVIN,RAJI,6/14/1963,M,M,calvin20@adventure-works.com,"$60,000 ",4,Bachelors,Professional,Y
15532,MR.,MARSHALL,JAI,2/4/1963,S,M,marshall32@adventure-works.com,"$60,000 ",4,Bachelors,Professional,Y
15533,MS.,ANNA,RICHARDSON,9/9/1968,S,F,anna14@adventure-works.com,"$70,000 ",0,Bachelors,Professional,N
15534,MR.,STEVEN,BELL,9/22/1963,S,M,steven23@adventure-works.com,"$70,000 ",4,Bachelors,Professional,Y
15535,MR.,JORDAN,SCOTT,11/1/1963,M,M,jordan69@adventure-works.com,"$70,000 ",4,Bachelors,Professional,Y
15536,MRS.,VICTORIA,THOMAS,8/13/1963,M,F,victoria12@adventure-works.com,"$60,000 ",3,Graduate Degree,Professional,Y
15537,MRS.,DESTINY,PETERSON,1/23/1963,M,F,destiny40@adventure-works.com,"$60,000 ",3,Graduate Degree,Professional,Y
15538,MR.,LUIS,LAL,8/28/1963,S,M,luis29@adventure-works.com,"$60,000 ",3,Graduate Degree,Professional,N
15539,MR.,RAUL,GOEL,1/23/1962,S,M,raul17@adventure-works.com,"$70,000 ",1,Bachelors,Professional,N
15540,MR.,RANDALL,ORTEGA,4/8/1962,S,M,randall24@adventure-works.com,"$70,000 ",1,Bachelors,Professional,N
15541,MRS.,ZOE,MORRIS,4/7/1962,S,F,zoe17@adventure-works.com,"$70,000 ",1,Bachelors,Professional,N
15542,MRS.,ANDREA,BAKER,4/22/1962,S,F,andrea38@adventure-works.com,"$70,000 ",1,Bachelors,Professional,N
15543,MRS.,EMMA,FLORES,3/26/1962,S,F,emma58@adventure-works.com,"$70,000 ",1,Bachelors,Professional,Y
15544,MR.,THOMAS,BROWN,12/14/1962,M,M,thomas64@adventure-works.com,"$70,000 ",1,Partial College,Skilled Manual,Y
15545,MRS.,JENNIFER,RIVERA,2/10/1961,M,F,jennifer62@adventure-works.com,"$40,000 ",4,High School,Skilled Manual,Y
15546,MR.,ROBERT,JENKINS,5/21/1961,M,M,robert20@adventure-works.com,"$40,000 ",4,High School,Skilled Manual,Y
15547,MRS.,CASSIDY,WOOD,10/6/1961,M,F,cassidy2@adventure-works.com,"$60,000 ",1,Partial College,Skilled Manual,Y
15548,MRS.,MORGAN,BROOKS,9/12/1960,M,F,morgan67@adventure-works.com,"$40,000 ",4,High School,Skilled Manual,Y
15549,MR.,RICHARD,DAVIS,6/6/1967,S,M,richard45@adventure-works.com,"$50,000 ",0,Partial College,Skilled Manual,N
15550,MR.,ORLANDO,ALONSO,5/21/1967,S,M,orlando8@adventure-works.com,"$50,000 ",0,Partial College,Skilled Manual,N
15551,MS.,KAYLEE,GRAY,7/6/1967,S,F,kaylee4@adventure-works.com,"$50,000 ",0,Partial College,Skilled Manual,Y
15552,MR.,TYLER,LEWIS,7/1/1967,S,M,tyler21@adventure-works.com,"$50,000 ",0,Partial College,Skilled Manual,N
15553,MR.,IVAN,LOPEZ,6/11/1967,S,M,ivan13@adventure-works.com,"$60,000 ",0,Graduate Degree,Professional,N
15554,MS.,ZOE,BAILEY,9/2/1967,S,F,zoe14@adventure-works.com,"$60,000 ",0,Graduate Degree,Professional,N
15555,MRS.,HAILEY,BARNES,10/23/1960,M,F,hailey24@adventure-works.com,"$60,000 ",1,Partial College,Skilled Manual,Y
15556,MR.,DYLAN,DAVIS,5/15/1960,M,M,dylan32@adventure-works.com,"$60,000 ",1,Partial College,Skilled Manual,Y
15557,MR.,NATHANIEL,MURPHY,8/14/1960,M,M,nathaniel16@adventure-works.com,"$60,000 ",1,Partial College,Skilled Manual,Y
15558,MRS.,HAILEY,MORRIS,4/1/1960,M,F,hailey1@adventure-works.com,"$60,000 ",1,Partial College,Skilled Manual,Y
15559,MR.,DEVIN,FLORES,5/26/1959,M,M,devin51@adventure-works.com,"$60,000 ",5,Bachelors,Professional,Y
15560,MRS.,GABRIELLE,GRAY,3/21/1959,M,F,gabrielle15@adventure-works.com,"$60,000 ",5,Bachelors,Professional,Y
15561,MR.,ANGEL,YOUNG,1/28/1959,S,M,angel40@adventure-works.com,"$60,000 ",4,Bachelors,Professional,Y
15562,MRS.,KAITLYN,JAMES,10/21/1959,S,F,kaitlyn63@adventure-works.com,"$60,000 ",4,Bachelors,Professional,Y
15563,MR.,LUKE,LOPEZ,7/14/1959,M,M,luke44@adventure-works.com,"$60,000 ",4,Bachelors,Professional,Y
15564,MR.,EDUARDO,HUGHES,2/25/1959,M,M,eduardo56@adventure-works.com,"$60,000 ",4,Bachelors,Professional,N
15565,MR.,KYLE,MITCHELL,2/7/1959,S,M,kyle40@adventure-works.com,"$70,000 ",2,Graduate Degree,Professional,Y
15566,MR.,AARON,FOSTER,9/25/1959,M,M,aaron15@adventure-works.com,"$70,000 ",2,Graduate Degree,Professional,Y
15567,MRS.,CARMEN,MADAN,6/24/1959,M,F,carmen10@adventure-works.com,"$80,000 ",4,Graduate Degree,Professional,Y
15568,MR.,AARON,HAYES,1/11/1958,M,M,aaron22@adventure-works.com,"$80,000 ",1,Partial College,Skilled Manual,Y
15569,MRS.,MORGAN,WARD,2/26/1958,M,F,morgan60@adventure-works.com,"$80,000 ",1,Partial College,Skilled Manual,Y
15570,MRS.,BRIANNA,POWELL,8/12/1958,S,F,brianna54@adventure-works.com,"$60,000 ",3,Bachelors,Professional,N
15571,MR.,ANGEL,ALLEN,9/10/1958,S,M,angel39@adventure-works.com,"$60,000 ",1,Bachelors,Professional,Y
15572,MRS.,ANNA,GARCIA,3/19/1958,M,F,anna54@adventure-works.com,"$60,000 ",1,Bachelors,Professional,Y
15573,MR.,THOMAS,WILSON,8/25/1958,S,M,thomas67@adventure-works.com,"$70,000 ",5,Bachelors,Professional,N
15574,MR.,CARLOS,PETERSON,1/21/1958,S,M,carlos6@adventure-works.com,"$70,000 ",5,Bachelors,Professional,N
15575,MR.,ALVIN,YE,7/13/1968,M,M,alvin9@adventure-works.com,"$60,000 ",2,Bachelors,Professional,Y
15576,MRS.,CARLY,RAJE,9/19/1970,S,F,carly13@adventure-works.com,"$80,000 ",4,Graduate Degree,Management,Y
15577,MRS.,MAYRA,MALHOTRA,2/25/1970,M,F,mayra4@adventure-works.com,"$80,000 ",4,Graduate Degree,Management,Y
15578,MRS.,DIANE,GILL,8/20/1970,M,F,diane18@adventure-works.com,"$80,000 ",4,Graduate Degree,Management,Y
15579,MRS.,BRITTANY,COLEMAN,1/5/1968,S,F,brittany5@adventure-works.com,"$60,000 ",2,Bachelors,Professional,Y
15580,MR.,RUBEN,RAMAN,2/24/1968,M,M,ruben13@adventure-works.com,"$60,000 ",2,Bachelors,Professional,Y
15581,MRS.,TONI,PEREZ,4/27/1968,S,F,toni22@adventure-works.com,"$60,000 ",2,Bachelors,Professional,Y
15582,MR.,JEFFERY,CAI,7/21/1968,M,M,jeffery21@adventure-works.com,"$60,000 ",2,Bachelors,Professional,Y
15583,MRS.,LINDSEY,XU,9/28/1968,S,F,lindsey5@adventure-works.com,"$70,000 ",5,Bachelors,Professional,Y
15584,MRS.,CHRISTY,RAJI,4/17/1967,M,F,christy39@adventure-works.com,"$70,000 ",5,Bachelors,Professional,Y
15585,MR.,ROY,GARCIA,3/9/1967,M,M,roy15@adventure-works.com,"$70,000 ",5,Bachelors,Professional,Y
15586,MR.,VICTOR,BLANCO,8/27/1969,M,M,victor16@adventure-works.com,"$110,000 ",1,Graduate Degree,Management,Y
15587,MRS.,JESSICA,WARD,10/14/1969,M,F,jessica15@adventure-works.com,"$110,000 ",1,Graduate Degree,Management,Y
15588,MRS.,KRISTY,ALVAREZ,7/7/1969,M,F,kristy5@adventure-works.com,"$110,000 ",1,Graduate Degree,Management,Y
15589,MR.,GILBERT,HE,4/15/1969,M,M,gilbert16@adventure-works.com,"$110,000 ",1,Graduate Degree,Management,Y
15590,MR.,MARSHALL,WU,3/27/1969,M,M,marshall6@adventure-works.com,"$120,000 ",1,Graduate Degree,Management,Y
15591,MR.,DARREN,SRINI,9/22/1969,S,M,darren11@adventure-works.com,"$120,000 ",1,Graduate Degree,Management,Y
15592,MRS.,JANET,MORENO,4/7/1967,M,F,janet11@adventure-works.com,"$70,000 ",5,Bachelors,Professional,Y
15593,MRS.,NAOMI,MARTIN,9/19/1967,M,F,naomi0@adventure-works.com,"$70,000 ",5,Bachelors,Professional,Y
15594,MRS.,JOANNA,CARLSON,3/9/1967,S,F,joanna17@adventure-works.com,"$80,000 ",5,Graduate Degree,Management,Y
15595,MR.,ANDRE,SANCHEZ,2/5/1966,M,M,andre19@adventure-works.com,"$90,000 ",0,Bachelors,Professional,Y
15596,MR.,GILBERT,GOEL,1/2/1966,S,M,gilbert39@adventure-works.com,"$90,000 ",2,Bachelors,Professional,Y
15597,MR.,TERRY,RAJI,2/6/1966,M,M,terry23@adventure-works.com,"$90,000 ",2,Bachelors,Professional,Y
15598,MRS.,TANYA,RUBIO,10/21/1965,S,F,tanya18@adventure-works.com,"$60,000 ",3,Bachelors,Professional,Y
15599,MR.,DARRYL,MA,5/21/1965,S,M,darryl15@adventure-works.com,"$60,000 ",3,Bachelors,Professional,Y
15600,MR.,JOSUE,DOMINGUEZ,11/2/1968,M,M,josue1@adventure-works.com,"$70,000 ",5,Bachelors,Professional,Y
15601,MRS.,NAOMI,MORENO,8/12/1968,M,F,naomi6@adventure-works.com,"$70,000 ",5,Bachelors,Professional,Y
15602,MR.,WARREN,WU,1/18/1968,S,M,warren23@adventure-works.com,"$70,000 ",0,Bachelors,Professional,N
15603,MR.,PHILIP,BLANCO,9/5/1964,M,M,philip15@adventure-works.com,"$60,000 ",3,Bachelors,Professional,Y
15604,MR.,CLIFFORD,PRASAD,12/14/1964,M,M,clifford9@adventure-works.com,"$60,000 ",4,Bachelors,Professional,Y
15605,MR.,ALAN,YANG,8/24/1964,M,M,alan9@adventure-works.com,"$60,000 ",4,Bachelors,Professional,N
15606,MR.,MARCO,PRASAD,12/11/1964,M,M,marco10@adventure-works.com,"$60,000 ",4,Bachelors,Professional,Y
15607,MR.,RICKY,GILL,9/22/1964,S,M,ricky14@adventure-works.com,"$70,000 ",0,Bachelors,Professional,N
15608,MS.,FAITH,JAMES,5/14/1973,S,F,faith29@adventure-works.com,"$30,000 ",0,Partial College,Clerical,N
15609,MR.,KARL,SHARMA,2/12/1980,S,M,karl10@adventure-works.com,"$20,000 ",0,Partial High School,Manual,N
15610,MS.,JESSICA,GONZALES,10/12/1980,S,F,jessica41@adventure-works.com,"$30,000 ",0,Partial College,Clerical,N
15611,MS.,MICHELE,PATEL,8/11/1978,S,F,michele58@adventure-works.com,"$30,000 ",0,High School,Manual,Y
15612,MR.,DAMIEN,MA,4/7/1978,S,M,damien12@adventure-works.com,"$30,000 ",0,High School,Manual,N
15613,MS.,MELINDA,MORENO,9/15/1978,S,F,melinda3@adventure-works.com,"$30,000 ",0,High School,Manual,N
15614,MRS.,FAITH,SIMMONS,11/14/1974,M,F,faith14@adventure-works.com,"$40,000 ",1,Bachelors,Skilled Manual,Y
15615,MS.,ERIKA,ALVAREZ,8/16/1973,S,F,erika4@adventure-works.com,"$30,000 ",0,High School,Manual,N
15616,MS.,JANET,ALONSO,5/18/1973,S,F,janet13@adventure-works.com,"$30,000 ",0,High School,Manual,N
15617,MS.,DAWN,CHANDE,8/6/1973,S,F,dawn39@adventure-works.com,"$30,000 ",0,High School,Manual,N
15618,MR.,GABRIEL,SHARMA,2/26/1973,M,M,gabriel27@adventure-works.com,"$40,000 ",1,Bachelors,Skilled Manual,Y
15619,MR.,LEVI,SUBRAM,3/26/1973,M,M,levi12@adventure-works.com,"$40,000 ",1,Bachelors,Skilled Manual,Y
15620,MS.,DOMINIQUE,SUBRAM,5/19/1973,S,F,dominique10@adventure-works.com,"$50,000 ",0,Graduate Degree,Skilled Manual,N
15621,MS.,KELLI,WU,9/26/1973,S,F,kelli7@adventure-works.com,"$50,000 ",0,Graduate Degree,Skilled Manual,Y
15622,MR.,YVONNE,SCHLEGER,10/15/1972,S,M,yvonne2@adventure-works.com,"$30,000 ",0,High School,Manual,N
15623,MRS.,MOLLY,MADAN,10/11/1972,M,F,molly7@adventure-works.com,"$40,000 ",1,Bachelors,Skilled Manual,Y
15624,MR.,TYRONE,RUBIO,8/11/1972,M,M,tyrone20@adventure-works.com,"$40,000 ",1,Bachelors,Skilled Manual,Y
15625,MR.,CLINTON,ALVAREZ,10/17/1972,M,M,clinton1@adventure-works.com,"$40,000 ",1,Partial College,Clerical,Y
15626,MR.,EDUARDO,WHITE,7/23/1972,M,M,eduardo11@adventure-works.com,"$40,000 ",1,Partial College,Clerical,Y
15627,MR.,TROY,SRINI,12/24/1972,S,M,troy9@adventure-works.com,"$40,000 ",2,Partial College,Clerical,Y
15628,MRS.,BRIANNA,SANDBERG,10/11/1916,M,F,brianna47@adventure-works.com,"$40,000 ",1,Bachelors,Skilled Manual,Y
15629,MS.,MEGHAN,RUIZ,10/2/1971,S,F,meghan1@adventure-works.com,"$10,000 ",0,Partial High School,Manual,Y
15630,MS.,NICHOLE,TANG,5/3/1971,S,F,nichole4@adventure-works.com,"$20,000 ",0,Partial High School,Manual,N
15631,MR.,CLAYTON,ANDERSEN,11/12/1971,S,M,clayton31@adventure-works.com,"$20,000 ",0,Partial High School,Manual,Y
15632,MS.,GLORIA,CARLSON,1/9/1971,M,F,gloria19@adventure-works.com,"$20,000 ",0,Partial High School,Manual,N
15633,MS.,ASHLEE,SHAN,8/12/1971,S,F,ashlee17@adventure-works.com,"$20,000 ",0,Partial High School,Manual,N
15634,MR.,DALTON,KELLY,5/27/1971,S,M,dalton72@adventure-works.com,"$30,000 ",0,High School,Manual,N
15635,MS.,SHEILA,MARTIN,8/24/1971,S,F,sheila0@adventure-works.com,"$30,000 ",0,High School,Manual,N
15636,MR.,DAVID,WHITE,5/25/1970,S,M,david71@adventure-works.com,"$40,000 ",2,Partial College,Clerical,Y
15637,MR.,RUSSELL,SHARMA,7/23/1971,S,M,russell12@adventure-works.com,"$40,000 ",2,Partial College,Clerical,Y
15639,MS.,MELANIE,COLEMAN,3/2/1980,M,F,melanie21@adventure-works.com,"$10,000 ",0,Partial College,Manual,N
15640,MR.,GARY,GOMEZ,4/16/1980,S,M,gary11@adventure-works.com,"$10,000 ",0,Partial College,Manual,Y
15641,MR.,MARCO,SARA,5/4/1978,M,M,marco11@adventure-works.com,"$10,000 ",0,Partial College,Manual,Y
15642,MS.,CARA,GAO,8/24/1977,S,F,cara10@adventure-works.com,"$10,000 ",0,High School,Manual,Y
15643,MR.,OMAR,RAJI,9/20/1977,S,M,omar42@adventure-works.com,"$10,000 ",0,High School,Manual,Y
15644,MRS.,SAVANNAH,GONZALEZ,8/20/1979,S,F,savannah31@adventure-works.com,"$10,000 ",1,High School,Manual,N
15645,MR.,JAVIER,GILL,3/12/1979,M,M,javier8@adventure-works.com,"$20,000 ",0,Bachelors,Clerical,N
15646,MRS.,EMMA,KELLY,11/3/1978,S,F,emma46@adventure-works.com,"$10,000 ",1,High School,Manual,N
15647,MS.,DAWN,HE,11/20/1978,M,F,dawn20@adventure-works.com,"$20,000 ",0,Bachelors,Clerical,Y
15648,MR.,EDGAR,GONZALEZ,9/4/1978,M,M,edgar19@adventure-works.com,"$20,000 ",0,Bachelors,Clerical,Y
15649,MRS.,MELINDA,JIMENEZ,4/11/1943,M,F,melinda2@adventure-works.com,"$30,000 ",1,Bachelors,Clerical,Y
15650,MR.,RONNIE,LI,2/3/1961,S,M,ronnie2@adventure-works.com,"$20,000 ",1,Partial College,Manual,N
15651,MRS.,ANN,LOPEZ,7/13/1961,S,F,ann21@adventure-works.com,"$20,000 ",1,Partial College,Manual,N
15652,MRS.,BARBARA,WANG,5/25/1961,M,F,barbara11@adventure-works.com,"$30,000 ",4,Graduate Degree,Clerical,Y
15653,MR.,GERALD,MADAN,6/7/1961,S,M,gerald37@adventure-works.com,"$30,000 ",3,Graduate Degree,Clerical,Y
15654,MR.,LEVI,FERNANDEZ,3/12/1960,S,M,levi15@adventure-works.com,"$10,000 ",1,High School,Manual,N
15655,MRS.,DEANNA,GOMEZ,11/2/1960,M,F,deanna26@adventure-works.com,"$20,000 ",1,Partial College,Manual,Y
15656,MR.,DARRYL,ZHAO,6/15/1960,S,M,darryl10@adventure-works.com,"$20,000 ",1,Partial College,Manual,N
15657,MR.,MARCUS,HAYES,6/20/1960,M,M,marcus72@adventure-works.com,"$30,000 ",3,Graduate Degree,Clerical,Y
15658,MRS.,VICTORIA,ROGERS,8/16/1959,S,F,victoria27@adventure-works.com,"$10,000 ",1,High School,Manual,N
15659,MRS.,ANGELA,RIVERA,2/14/1959,M,F,angela43@adventure-works.com,"$20,000 ",2,Partial College,Manual,Y
15660,MRS.,APRIL,JAI,9/2/1959,M,F,april9@adventure-works.com,"$20,000 ",2,Partial College,Manual,Y
15661,MR.,BRANDON,ROBINSON,8/20/1959,M,M,brandon48@adventure-works.com,"$30,000 ",3,Graduate Degree,Clerical,Y
15662,MRS.,MEGAN,RICHARDSON,5/24/1960,M,F,megan38@adventure-works.com,"$30,000 ",3,Bachelors,Clerical,Y
15663,MS.,MANDY,CHEN,7/9/1959,M,F,mandy3@adventure-works.com,"$30,000 ",0,Bachelors,Clerical,Y
15664,MS.,JILL,VAZQUEZ,4/26/1959,S,F,jill22@adventure-works.com,"$30,000 ",0,Bachelors,Clerical,Y
15665,MS.,KRISTI,SAI,7/6/1959,M,F,kristi22@adventure-works.com,"$30,000 ",0,Bachelors,Clerical,Y
15666,MRS.,BIANCA,LIANG,10/22/1970,S,F,bianca13@adventure-works.com,"$10,000 ",2,High School,Manual,Y
15667,MR.,HECTOR,RAMOS,9/17/1970,M,M,hector15@adventure-works.com,"$30,000 ",0,Bachelors,Clerical,Y
15668,MR.,ERICK,FERNANDEZ,2/27/1970,M,M,erick15@adventure-works.com,"$40,000 ",0,Graduate Degree,Clerical,N
15669,MS.,PAUL,SUURS,4/24/1970,M,F,paul8@adventure-works.com,"$40,000 ",0,Graduate Degree,Clerical,Y
15670,MR.,SERGIO,SÁNCHEZ,8/3/1969,M,M,sergio21@adventure-works.com,"$20,000 ",0,Partial College,Manual,N
15671,MR.,LAWRENCE,TORRES,5/27/1969,S,M,lawrence10@adventure-works.com,"$20,000 ",0,Partial College,Manual,N
15672,MR.,KELVIN,NARA,1/19/1969,S,M,kelvin13@adventure-works.com,"$20,000 ",0,Partial College,Manual,Y
15673,MR.,JON,GOEL,6/8/1969,S,M,jon16@adventure-works.com,"$20,000 ",0,Partial College,Manual,N
15674,MR.,TOMMY,RAHEEM,7/8/1969,S,M,tommy14@adventure-works.com,"$30,000 ",0,Bachelors,Clerical,Y
15675,MR.,JAY,ALONSO,10/16/1969,M,M,jay37@adventure-works.com,"$40,000 ",0,Graduate Degree,Clerical,Y
15676,MR.,TODD,WANG,4/7/1969,S,M,todd3@adventure-works.com,"$40,000 ",0,Graduate Degree,Clerical,Y
15677,MS.,ALYSSA,BRADLEY,8/11/1969,M,F,alyssa31@adventure-works.com,"$40,000 ",0,Graduate Degree,Clerical,Y
15678,MS.,SUSAN,ZHOU,6/8/1969,M,F,susan18@adventure-works.com,"$40,000 ",0,Graduate Degree,Clerical,Y
15679,MR.,ROBERT,PATTERSON,9/10/1952,M,M,robert24@adventure-works.com,"$10,000 ",3,Partial College,Manual,N
15680,MRS.,TASHA,SHE,3/9/1951,M,F,tasha0@adventure-works.com,"$10,000 ",4,High School,Manual,N
15682,MRS.,HEIDI,GARCIA,5/21/1944,S,F,heidi17@adventure-works.com,"$80,000 ",5,Bachelors,Management,Y
15683,MRS.,JESSIE,CARLSON,6/22/1944,S,F,jessie37@adventure-works.com,"$90,000 ",5,Partial College,Professional,N
15684,MR.,TYRONE,SUAREZ,7/10/1944,S,M,tyrone18@adventure-works.com,"$90,000 ",5,Partial College,Professional,N
15685,MRS.,ROBIN,VAZQUEZ,6/9/1944,M,F,robin11@adventure-works.com,"$110,000 ",3,Bachelors,Management,Y
15686,MR.,PEDRO,VAZQUEZ,7/3/1944,M,M,pedro35@adventure-works.com,"$130,000 ",3,Bachelors,Management,Y
15687,MR.,JAY,SURI,6/18/1945,M,M,jay6@adventure-works.com,"$70,000 ",5,High School,Professional,Y
15688,MR.,CHASE,GRAY,5/7/1945,M,M,chase6@adventure-works.com,"$70,000 ",5,High School,Professional,Y
15689,MRS.,STACEY,WANG,1/6/1945,S,F,stacey1@adventure-works.com,"$90,000 ",5,Partial College,Professional,N
15690,MR.,CLIFFORD,PEREZ,6/12/1946,S,M,clifford20@adventure-works.com,"$160,000 ",3,Bachelors,Management,N
15691,MR.,JULIAN,HENDERSON,6/17/1954,M,M,julian6@adventure-works.com,"$90,000 ",3,High School,Professional,Y
15692,MR.,RYAN,GARCIA,4/14/1954,M,M,ryan52@adventure-works.com,"$90,000 ",3,High School,Professional,Y
15693,MRS.,ISABEL,BARNES,7/19/1954,S,F,isabel3@adventure-works.com,"$90,000 ",3,High School,Professional,Y
15694,MRS.,STEPHANIE,DIAZ,7/21/1953,M,F,stephanie49@adventure-works.com,"$80,000 ",4,Partial College,Professional,Y
15695,MR.,BRUCE,GOMEZ,6/18/1954,M,M,bruce23@adventure-works.com,"$150,000 ",3,Partial High School,Professional,Y
15696,MR.,DAMIEN,SUN,6/5/1953,M,M,damien10@adventure-works.com,"$100,000 ",3,Bachelors,Management,Y
15697,MRS.,JULIA,MORRIS,7/6/1953,M,F,julia48@adventure-works.com,"$110,000 ",2,Partial College,Professional,Y
15698,MRS.,SUSAN,WANG,3/3/1953,S,F,susan11@adventure-works.com,"$120,000 ",3,Bachelors,Management,Y
15699,MR.,JONATHON,HERNANDEZ,9/11/1953,M,M,jonathon0@adventure-works.com,"$170,000 ",0,Bachelors,Management,Y
15700,MR.,EUGENE,GUO,11/19/1952,M,M,eugene22@adventure-works.com,"$80,000 ",4,Partial College,Professional,Y
15701,MRS.,JILLIAN,KAPOOR,9/27/1952,M,F,jillian2@adventure-works.com,"$130,000 ",4,Partial College,Professional,N
15702,MRS.,RUTH,MEHTA,8/18/1952,M,F,ruth18@adventure-works.com,"$130,000 ",4,High School,Professional,Y
15703,MRS.,ALISON,CHANDE,5/6/1951,M,F,alison15@adventure-works.com,"$80,000 ",5,High School,Professional,Y
15704,MR.,PETER,LUO,3/14/1951,S,M,peter13@adventure-works.com,"$90,000 ",4,High School,Professional,Y
15705,MR.,GABRIEL,SIMMONS,3/22/1950,M,M,gabriel12@adventure-works.com,"$100,000 ",3,Partial College,Management,Y
15706,MRS.,TINA,ARTHUR,11/25/1949,M,F,tina8@adventure-works.com,"$90,000 ",4,High School,Management,Y
15707,MRS.,ROBIN,RUBIO,9/15/1949,M,F,robin16@adventure-works.com,"$120,000 ",4,Partial College,Management,Y
15708,MRS.,NINA,JAI,7/21/1949,M,F,nina11@adventure-works.com,"$120,000 ",4,High School,Management,Y
15709,MRS.,CHELSEA,PRASAD,9/3/1948,M,F,chelsea10@adventure-works.com,"$70,000 ",5,Partial High School,Skilled Manual,Y
15710,MRS.,BRANDY,RANA,1/23/1948,M,F,brandy7@adventure-works.com,"$90,000 ",4,High School,Management,N
15711,MR.,JEFFERY,LIANG,7/2/1948,M,M,jeffery16@adventure-works.com,"$110,000 ",4,High School,Management,Y
15712,MRS.,WHITNEY,CHANDRA,12/5/1948,M,F,whitney2@adventure-works.com,"$130,000 ",4,High School,Management,Y
15713,MRS.,HANNAH,LEE,6/9/1948,M,F,hannah20@adventure-works.com,"$130,000 ",5,Partial High School,Professional,Y
15714,MRS.,BETHANY,PAL,9/17/1947,S,F,bethany15@adventure-works.com,"$80,000 ",5,Partial High School,Skilled Manual,Y
15715,MS.,ISABELLA,ADAMS,6/20/1975,S,F,isabella46@adventure-works.com,"$60,000 ",0,Bachelors,Professional,N
15716,MR.,ROY,MADAN,6/20/1975,S,M,roy8@adventure-works.com,"$70,000 ",0,Bachelors,Professional,N
15717,MS.,ALEXIA,HENDERSON,5/26/1976,S,F,alexia5@adventure-works.com,"$70,000 ",0,Bachelors,Professional,N
15718,MS.,HEATHER,LIN,4/15/1976,M,F,heather7@adventure-works.com,"$70,000 ",0,Bachelors,Professional,Y
15719,MS.,LACEY,LIANG,7/13/1976,M,F,lacey29@adventure-works.com,"$80,000 ",0,Bachelors,Professional,Y
15720,MS.,JAIME,RAMOS,7/26/1974,M,F,jaime19@adventure-works.com,"$70,000 ",0,Bachelors,Professional,Y
15721,MS.,CARA,GUO,8/15/1974,S,F,cara13@adventure-works.com,"$80,000 ",0,Bachelors,Professional,N
15722,MS.,ANGELA,JENKINS,11/26/1974,M,F,angela9@adventure-works.com,"$80,000 ",0,Bachelors,Professional,N
15723,MS.,KATE,DENG,3/18/1974,M,F,kate1@adventure-works.com,"$90,000 ",0,Bachelors,Professional,Y
15724,MR.,ROGER,SHE,5/2/1974,S,M,roger27@adventure-works.com,"$90,000 ",0,Bachelors,Professional,N
15725,MR.,TREVOR,PRICE,7/18/1973,M,M,trevor0@adventure-works.com,"$90,000 ",0,Bachelors,Professional,N
15726,MS.,FAITH,BARNES,2/27/1973,M,F,faith3@adventure-works.com,"$90,000 ",0,Bachelors,Professional,Y
15727,MS.,ALISHA,ZENG,5/3/1972,M,F,alisha23@adventure-works.com,"$80,000 ",0,Bachelors,Professional,Y
15728,MR.,KEITH,SHARMA,8/3/1973,M,M,keith12@adventure-works.com,"$110,000 ",0,Partial College,Management,N
15729,MS.,MAYRA,SURI,9/24/1972,M,F,mayra0@adventure-works.com,"$90,000 ",0,Bachelors,Professional,N
15730,MR.,PHILIP,DOMINGUEZ,2/19/1972,M,M,philip13@adventure-works.com,"$90,000 ",0,Bachelors,Professional,Y
15731,MR.,COREY,CHAVEZ,3/20/1971,S,M,corey13@adventure-works.com,"$80,000 ",0,Bachelors,Professional,N
15732,MS.,SANDRA,ZHU,5/28/1972,M,F,sandra21@adventure-works.com,"$120,000 ",0,Partial High School,Professional,Y
15733,MS.,LESLIE,RAMOS,3/25/1972,M,F,leslie18@adventure-works.com,"$120,000 ",0,Partial High School,Professional,Y
15734,MS.,ALICIA,LAL,7/11/1970,M,F,alicia6@adventure-works.com,"$100,000 ",0,Partial High School,Professional,Y
15735,MS.,LORI,BLANCO,5/2/1970,M,F,lori16@adventure-works.com,"$100,000 ",0,Partial High School,Professional,Y
15736,MRS.,SHEENA,RAJE,6/13/1941,M,F,sheena12@adventure-works.com,"$110,000 ",2,Graduate Degree,Management,Y
15737,MR.,ALEXANDER,ROBINSON,4/4/1941,S,M,alexander22@adventure-works.com,"$120,000 ",2,Graduate Degree,Management,Y
15738,MRS.,ABIGAIL,MILLER,7/23/1941,M,F,abigail51@adventure-works.com,"$120,000 ",2,Graduate Degree,Management,Y
15739,MR.,GARRETT,ROGERS,12/16/1942,M,M,garrett24@adventure-works.com,"$70,000 ",5,Bachelors,Management,Y
15740,MR.,JOHNNY,KUMAR,4/11/1942,M,M,johnny8@adventure-works.com,"$80,000 ",5,Bachelors,Management,Y
15741,MRS.,ISABELLA,ALLEN,10/11/1942,M,F,isabella55@adventure-works.com,"$80,000 ",5,Bachelors,Management,Y
15742,MRS.,GRACE,THOMPSON,11/7/1942,M,F,grace15@adventure-works.com,"$90,000 ",5,Bachelors,Management,Y
15743,MRS.,CHLOE,THOMPSON,2/18/1942,M,F,chloe26@adventure-works.com,"$120,000 ",2,Graduate Degree,Management,N
15744,MRS.,ANGELA,GRAY,3/22/1942,M,F,angela32@adventure-works.com,"$120,000 ",2,Graduate Degree,Management,Y
15746,MRS.,EMILY,WALKER,12/2/1943,M,F,emily23@adventure-works.com,"$120,000 ",2,Bachelors,Management,Y
15747,MR.,EVAN,NELSON,2/25/1944,M,M,evan34@adventure-works.com,"$70,000 ",4,Bachelors,Management,Y
15748,MR.,AUSTIN,JENKINS,6/9/1944,M,M,austin2@adventure-works.com,"$70,000 ",4,Bachelors,Management,Y
15749,MRS.,GRACE,BROWN,10/25/1944,S,F,grace3@adventure-works.com,"$70,000 ",4,Bachelors,Management,Y
15750,MS.,KAITLIN,MARTINEZ,10/20/1973,M,F,kaitlin16@adventure-works.com,"$70,000 ",0,Partial College,Professional,N
15751,MRS.,KRISTEN,XU,2/25/1955,S,F,kristen11@adventure-works.com,"$80,000 ",2,High School,Skilled Manual,Y
15752,MR.,BOBBY,RODRIGUEZ,10/2/1955,M,M,bobby11@adventure-works.com,"$80,000 ",2,High School,Skilled Manual,N
15753,MRS.,MARGARET,LI,12/22/1956,S,F,margaret10@adventure-works.com,"$70,000 ",2,High School,Skilled Manual,Y
15754,MRS.,CRYSTAL,XU,6/23/1956,S,F,crystal13@adventure-works.com,"$70,000 ",2,High School,Skilled Manual,Y
15755,MR.,CONNOR,FLORES,1/26/1956,M,M,connor7@adventure-works.com,"$70,000 ",2,High School,Skilled Manual,N
15756,MRS.,KARI,GUTIERREZ,7/8/1957,S,F,kari31@adventure-works.com,"$70,000 ",2,High School,Professional,Y
15757,MR.,EDWIN,FERRIER,7/10/1957,S,M,edwin45@adventure-works.com,"$70,000 ",2,High School,Professional,Y
15758,MR.,ARTURO,ANDERSEN,5/26/1958,M,M,arturo38@adventure-works.com,"$130,000 ",0,Graduate Degree,Management,Y
15759,MS.,ERIN,BROOKS,11/7/1973,M,F,erin5@adventure-works.com,"$80,000 ",0,Bachelors,Management,N
15760,MR.,RICHARD,JAMES,5/4/1974,M,M,richard79@adventure-works.com,"$30,000 ",0,High School,Professional,Y
15761,MR.,XAVIER,THOMPSON,10/18/1974,S,M,xavier13@adventure-works.com,"$30,000 ",0,High School,Professional,Y
15762,MR.,GARRETT,STEWART,5/8/1974,S,M,garrett27@adventure-works.com,"$30,000 ",0,High School,Professional,N
15763,MR.,XAVIER,YOUNG,7/25/1974,M,M,xavier23@adventure-works.com,"$60,000 ",0,Partial College,Professional,Y
15764,MR.,LOUIS,GUO,6/15/1959,S,M,louis12@adventure-works.com,"$120,000 ",1,Bachelors,Management,N
15765,MR.,GILBERT,DENG,10/18/1959,M,M,gilbert22@adventure-works.com,"$130,000 ",0,Graduate Degree,Management,Y
15766,MS.,PRISCILLA,BLACK,8/16/1959,S,F,priscilla19@adventure-works.com,"$160,000 ",0,Graduate Degree,Management,N
15768,MS.,VICTORIA,WALKER,11/26/1966,M,F,victoria22@adventure-works.com,"$130,000 ",0,Graduate Degree,Management,Y
15769,MS.,KELLY,COLEMAN,5/9/1966,M,F,kelly10@adventure-works.com,"$130,000 ",0,Graduate Degree,Management,Y
15770,MR.,XAVIER,BROOKS,10/11/1966,S,M,xavier67@adventure-works.com,"$150,000 ",0,Bachelors,Management,N
15771,MRS.,MARIA,DIAZ,1/23/1958,M,F,maria43@adventure-works.com,"$130,000 ",1,Graduate Degree,Management,Y
15772,MR.,CHRISTOPHER,ANDERSON,3/13/1957,M,M,christopher10@adventure-works.com,"$70,000 ",2,Partial High School,Skilled Manual,N
15773,MR.,DYLAN,JENKINS,10/3/1957,M,M,dylan5@adventure-works.com,"$70,000 ",2,Partial High School,Skilled Manual,N
15774,MRS.,NATALIE,KELLY,2/27/1957,M,F,natalie23@adventure-works.com,"$60,000 ",2,High School,Professional,N
15775,MRS.,MICHELLE,WARD,12/20/1957,M,F,michelle13@adventure-works.com,"$60,000 ",2,High School,Professional,N
15776,MR.,JESSE,MITCHELL,9/13/1957,M,M,jesse36@adventure-works.com,"$60,000 ",2,High School,Professional,N
15777,MRS.,BRIANNA,SMITH,1/21/1957,M,F,brianna0@adventure-works.com,"$60,000 ",2,High School,Professional,N
15778,MR.,JOSÉ,MILLER,5/10/1957,S,M,josé64@adventure-works.com,"$70,000 ",2,Partial College,Professional,Y
15779,MR.,JACKSON,HAYES,2/18/1957,M,M,jackson24@adventure-works.com,"$70,000 ",2,Partial College,Professional,Y
15780,MRS.,CLAUDIA,MCDONALD,5/14/1957,M,F,claudia3@adventure-works.com,"$70,000 ",3,Partial College,Professional,Y
15781,MR.,BLAKE,EVANS,4/2/1957,M,M,blake45@adventure-works.com,"$80,000 ",2,Bachelors,Management,Y
15782,MRS.,KATELYN,COLLINS,11/23/1957,M,F,katelyn24@adventure-works.com,"$90,000 ",2,Partial College,Professional,Y
15783,MR.,DAVID,ALEXANDER,7/11/1967,M,M,david52@adventure-works.com,"$90,000 ",3,Bachelors,Professional,Y
15784,MRS.,REBEKAH,VAZQUEZ,9/4/1967,M,F,rebekah34@adventure-works.com,"$90,000 ",4,Bachelors,Professional,Y
15785,MR.,EDWIN,ZHANG,4/26/1962,S,M,edwin0@adventure-works.com,"$70,000 ",1,Partial College,Skilled Manual,Y
15786,MR.,MARSHALL,ANDERSEN,11/3/1962,M,M,marshall33@adventure-works.com,"$70,000 ",1,Partial College,Skilled Manual,Y
15787,MRS.,CYNTHIA,GONZALEZ,5/21/1961,S,F,cynthia24@adventure-works.com,"$60,000 ",1,Partial College,Skilled Manual,Y
15788,MS.,BARBARA,LI,3/18/1966,S,F,barbara13@adventure-works.com,"$100,000 ",0,Bachelors,Professional,N
15790,MR.,COLIN,XU,6/15/1960,S,M,colin13@adventure-works.com,"$60,000 ",1,Partial College,Skilled Manual,Y
15791,MRS.,MEGAN,LONG,9/20/1960,M,F,megan59@adventure-works.com,"$60,000 ",1,Partial College,Skilled Manual,Y
15792,MR.,ERNEST,ZHOU,2/10/1960,M,M,ernest8@adventure-works.com,"$60,000 ",1,Partial College,Skilled Manual,Y
15793,MS.,RENEE,NAVARRO,4/12/1965,S,F,renee9@adventure-works.com,"$70,000 ",0,Bachelors,Professional,N
15794,MRS.,TONYA,CHANDER,6/21/1965,M,F,tonya15@adventure-works.com,"$80,000 ",5,Bachelors,Professional,N
15795,MRS.,DIANE,MUNOZ,1/16/1965,M,F,diane12@adventure-works.com,"$80,000 ",5,Bachelors,Professional,Y
15796,MR.,EDWARD,HAYES,5/11/1965,M,M,edward71@adventure-works.com,"$80,000 ",5,Bachelors,Professional,Y
15797,MR.,ISAAC,COX,3/28/1965,M,M,isaac10@adventure-works.com,"$80,000 ",5,Bachelors,Professional,Y
15798,MS.,ANNE,MUNOZ,9/19/1964,S,F,anne8@adventure-works.com,"$70,000 ",0,Bachelors,Professional,N
15799,MRS.,VICTORIA,ANDERSON,1/12/1959,M,F,victoria11@adventure-works.com,"$90,000 ",1,Bachelors,Professional,Y
15800,MR.,ALBERTO,SERRANO,12/11/1959,S,M,alberto16@adventure-works.com,"$90,000 ",1,Bachelors,Professional,Y
15801,MS.,KATRINA,SHEN,11/13/1963,S,F,katrina1@adventure-works.com,"$70,000 ",0,Bachelors,Professional,Y
15802,MS.,BRIDGET,KUMAR,4/24/1963,S,F,bridget9@adventure-works.com,"$70,000 ",0,Bachelors,Professional,N
15803,MR.,BRADLEY,GOEL,10/18/1962,M,M,bradley21@adventure-works.com,"$70,000 ",5,Bachelors,Professional,N
15804,MRS.,BRITTNEY,LIU,8/20/1962,M,F,brittney3@adventure-works.com,"$70,000 ",5,Bachelors,Professional,Y
15805,MRS.,DAWN,LIN,3/2/1962,M,F,dawn9@adventure-works.com,"$70,000 ",5,Partial College,Skilled Manual,Y
15806,MR.,DEVIN,ALLEN,1/6/1962,M,M,devin22@adventure-works.com,"$70,000 ",5,Partial College,Skilled Manual,N
15807,MR.,SCOT,SCHULTE,11/2/1961,S,M,scot1@adventure-works.com,"$70,000 ",5,Partial College,Skilled Manual,Y
15808,MRS.,NATASHA,BLANCO,1/19/1961,M,F,natasha15@adventure-works.com,"$70,000 ",5,Partial College,Skilled Manual,Y
15809,MR.,CHRISTIAN,SHARMA,9/15/1960,M,M,christian16@adventure-works.com,"$70,000 ",5,Partial College,Skilled Manual,Y
15810,MRS.,REGINA,KAPOOR,9/6/1960,M,F,regina1@adventure-works.com,"$70,000 ",5,Partial College,Skilled Manual,N
15811,MR.,BARBARA,SCHULTZ,5/5/1960,M,M,barbara7@adventure-works.com,"$70,000 ",5,Partial College,Skilled Manual,Y
15812,MR.,LOGAN,ALLEN,10/11/1953,M,M,logan48@adventure-works.com,"$30,000 ",2,Partial College,Clerical,N
15813,MR.,JULIAN,DIAZ,8/2/1976,S,M,julian21@adventure-works.com,"$30,000 ",0,High School,Skilled Manual,Y
15814,MS.,MONICA,SUBRAM,4/16/1976,S,F,monica13@adventure-works.com,"$40,000 ",0,High School,Skilled Manual,Y
15815,MS.,NICOLE,PRICE,1/25/1975,S,F,nicole48@adventure-works.com,"$40,000 ",0,High School,Skilled Manual,Y
15816,MS.,VICTORIA,MILLER,5/20/1976,M,F,victoria7@adventure-works.com,"$40,000 ",0,High School,Skilled Manual,Y
15817,MS.,CHLOE,ALEXANDER,7/8/1976,S,F,chloe84@adventure-works.com,"$40,000 ",0,High School,Skilled Manual,N
15818,MR.,STANLEY,PEREZ,7/19/1976,M,M,stanley23@adventure-works.com,"$40,000 ",0,High School,Skilled Manual,Y
15819,MS.,SAVANNAH,COX,9/15/1980,S,F,savannah9@adventure-works.com,"$30,000 ",0,High School,Skilled Manual,Y
15820,MR.,CHASE,WARD,10/2/1980,M,M,chase12@adventure-works.com,"$30,000 ",0,High School,Skilled Manual,Y
15821,MR.,LOGAN,ANDERSON,12/26/1980,S,M,logan61@adventure-works.com,"$30,000 ",0,High School,Skilled Manual,N
15822,MR.,DAMIEN,ZHU,10/19/1938,M,M,damien11@adventure-works.com,"$40,000 ",2,Bachelors,Management,Y
15823,MRS.,SHARON,TANG,9/24/1938,S,F,sharon10@adventure-works.com,"$60,000 ",2,Graduate Degree,Management,Y
15824,MS.,LINDSAY,KUMAR,6/2/1977,S,F,lindsay7@adventure-works.com,"$30,000 ",0,Partial High School,Clerical,Y
15825,MS.,ANGELA,SIMMONS,6/4/1976,S,F,angela18@adventure-works.com,"$40,000 ",0,High School,Skilled Manual,Y
15826,MS.,MARISSA,PRICE,1/9/1979,S,F,marissa19@adventure-works.com,"$30,000 ",0,Partial High School,Clerical,N
15827,MS.,DANIELLE,WARD,5/7/1979,S,F,danielle14@adventure-works.com,"$40,000 ",0,High School,Skilled Manual,N
15828,MRS.,ROBYN,RAMOS,11/21/1939,M,F,robyn13@adventure-works.com,"$30,000 ",2,Partial College,Clerical,N
15829,MR.,DEVIN,DIAZ,5/17/1939,S,M,devin59@adventure-works.com,"$40,000 ",2,Bachelors,Management,Y
15830,MRS.,NAOMI,ALONSO,2/14/1940,M,F,naomi8@adventure-works.com,"$40,000 ",2,Bachelors,Management,Y
15831,MR.,OMAR,HE,2/14/1940,M,M,omar17@adventure-works.com,"$40,000 ",2,Bachelors,Management,Y
15832,MR.,MANUEL,MARTINEZ,4/4/1941,S,M,manuel16@adventure-works.com,"$40,000 ",2,Bachelors,Management,Y
15833,MRS.,TABITHA,KOVAR,3/24/1943,S,F,tabitha3@adventure-works.com,"$60,000 ",2,Graduate Degree,Management,Y
15834,MS.,REBECCA,GREEN,3/25/1976,S,F,rebecca16@adventure-works.com,"$40,000 ",0,Partial College,Skilled Manual,N
15835,MR.,MARCUS,SMITH,4/27/1976,S,M,marcus0@adventure-works.com,"$40,000 ",0,Partial College,Skilled Manual,N
15836,MR.,DEVIN,JACKSON,4/15/1976,S,M,devin10@adventure-works.com,"$40,000 ",0,Partial College,Skilled Manual,N
15837,MS.,JULIA,JOHNSTON,10/21/1975,S,F,julia23@adventure-works.com,"$40,000 ",0,High School,Skilled Manual,N
15838,MS.,JULIA,TAYLOR,2/17/1974,S,F,julia31@adventure-works.com,"$30,000 ",0,Partial College,Skilled Manual,N
15839,MR.,WILLIAM,TAYLOR,5/21/1974,S,M,william24@adventure-works.com,"$30,000 ",0,Partial College,Skilled Manual,Y
15840,MS.,NATALIE,PETERSON,2/26/1972,M,F,natalie17@adventure-works.com,"$70,000 ",0,Partial College,Skilled Manual,Y
15841,MR.,LUIS,SHAN,5/14/1972,S,M,luis31@adventure-works.com,"$80,000 ",0,Bachelors,Management,N
15842,MS.,HALEY,GRAY,1/13/1972,M,F,haley15@adventure-works.com,"$80,000 ",0,Bachelors,Management,Y
15843,MR.,CALEB,WRIGHT,11/2/1968,S,M,caleb48@adventure-works.com,"$80,000 ",0,Bachelors,Management,N
15844,MS.,MEGAN,BROWN,12/25/1968,M,F,megan7@adventure-works.com,"$80,000 ",0,Bachelors,Management,Y
15845,MS.,MACKENZIE,CARTER,12/18/1968,M,F,mackenzie32@adventure-works.com,"$80,000 ",0,Bachelors,Management,N
15846,MR.,JULIAN,FLORES,9/9/1968,S,M,julian14@adventure-works.com,"$80,000 ",0,Bachelors,Management,Y
15847,MR.,EDWARD,WHITE,5/13/1968,M,M,edward35@adventure-works.com,"$90,000 ",4,Bachelors,Management,Y
15848,MRS.,GABRIELLE,HERNANDEZ,8/27/1968,M,F,gabrielle60@adventure-works.com,"$90,000 ",4,Bachelors,Management,Y
15849,MS.,DESTINY,KELLY,3/2/1967,S,F,destiny46@adventure-works.com,"$110,000 ",0,Graduate Degree,Management,Y
15850,MS.,RACHEL,BRADLEY,10/8/1967,S,F,rachel48@adventure-works.com,"$110,000 ",0,Graduate Degree,Management,N
15851,MS.,TAYLOR,ANDERSON,6/21/1967,S,F,taylor57@adventure-works.com,"$110,000 ",0,Graduate Degree,Management,N
15852,MR.,OSCAR,HENDERSON,8/26/1967,S,M,oscar13@adventure-works.com,"$120,000 ",0,Bachelors,Management,N
15853,MS.,JASMINE,BROWN,2/22/1967,M,F,jasmine4@adventure-works.com,"$120,000 ",0,Bachelors,Management,Y
15854,MS.,MIRANDA,WOOD,8/28/1967,M,F,miranda2@adventure-works.com,"$120,000 ",0,Bachelors,Management,N
15855,MR.,NOAH,JONES,4/17/1963,M,M,noah60@adventure-works.com,"$80,000 ",4,Bachelors,Management,Y
15856,MR.,LUIS,GONZALES,2/3/1968,M,M,luis16@adventure-works.com,"$90,000 ",4,Bachelors,Management,Y
15857,MRS.,ISABELLA,WHITE,6/6/1959,S,F,isabella68@adventure-works.com,"$60,000 ",4,Graduate Degree,Skilled Manual,Y
15858,MR.,JONATHAN,PARKER,6/15/1959,M,M,jonathan37@adventure-works.com,"$60,000 ",4,Graduate Degree,Skilled Manual,N
15859,MRS.,ABIGAIL,RAMIREZ,3/5/1959,S,F,abigail20@adventure-works.com,"$60,000 ",4,Graduate Degree,Skilled Manual,Y
15860,MR.,JOE,MORENO,10/20/1972,S,M,joe30@adventure-works.com,"$40,000 ",4,Partial College,Clerical,Y
15861,MR.,DAMIEN,ZHAO,5/26/1972,S,M,damien8@adventure-works.com,"$40,000 ",4,Partial College,Clerical,Y
15862,MS.,SRINIWA,NARAYANAN,12/7/1972,S,F,sriniwa0@adventure-works.com,"$50,000 ",0,Graduate Degree,Skilled Manual,Y
15863,MR.,ADAM,SCOTT,8/3/1973,M,M,adam44@adventure-works.com,"$50,000 ",0,Graduate Degree,Skilled Manual,N
15864,MS.,LAUREN,BAILEY,10/20/1973,S,F,lauren7@adventure-works.com,"$50,000 ",0,Graduate Degree,Skilled Manual,N
15865,MRS.,ISABEL,PRICE,4/14/1971,S,F,isabel0@adventure-works.com,"$40,000 ",4,High School,Skilled Manual,Y
15866,MRS.,ABIGAIL,WHITE,1/3/1971,S,F,abigail53@adventure-works.com,"$60,000 ",1,Graduate Degree,Skilled Manual,Y
15867,MRS.,VICTORIA,WHITE,2/8/1971,S,F,victoria14@adventure-works.com,"$60,000 ",1,Graduate Degree,Skilled Manual,Y
15868,MR.,CALEB,LAL,6/13/1971,S,M,caleb25@adventure-works.com,"$60,000 ",1,Graduate Degree,Skilled Manual,Y
15869,MRS.,ALEXANDRA,HALL,12/22/1971,S,F,alexandra88@adventure-works.com,"$60,000 ",1,Graduate Degree,Skilled Manual,Y
15871,MR.,RYAN,JAI,12/24/1971,M,M,ryan35@adventure-works.com,"$60,000 ",1,Graduate Degree,Skilled Manual,Y
15872,MRS.,GABRIELLA,GONZALEZ,10/2/1972,M,F,gabriella31@adventure-works.com,"$50,000 ",1,Graduate Degree,Skilled Manual,Y
15873,MRS.,HAILEY,RICHARDSON,10/19/1972,M,F,hailey10@adventure-works.com,"$70,000 ",1,Graduate Degree,Professional,Y
15874,MR.,SAMUEL,MARTIN,6/12/1944,M,M,samuel53@adventure-works.com,"$70,000 ",4,Bachelors,Management,N
15875,MR.,DEVIN,MORRIS,2/17/1944,M,M,devin84@adventure-works.com,"$70,000 ",4,Bachelors,Management,Y
15876,MR.,EDUARDO,TURNER,10/18/1944,M,M,eduardo38@adventure-works.com,"$70,000 ",5,Bachelors,Management,Y
15877,MR.,JORDAN,PEREZ,10/11/1945,M,M,jordan57@adventure-works.com,"$70,000 ",5,Bachelors,Management,Y
15878,MR.,KEVIN,FLORES,4/23/1945,M,M,kevin15@adventure-works.com,"$70,000 ",5,Bachelors,Management,Y
15879,MR.,TYLER,WILSON,5/21/1945,M,M,tyler13@adventure-works.com,"$70,000 ",5,Bachelors,Management,Y
15880,MR.,PATRICK,BAILEY,11/13/1945,M,M,patrick21@adventure-works.com,"$70,000 ",5,Bachelors,Management,N
15881,MRS.,DESTINY,WILLIAMS,8/20/1945,M,F,destiny2@adventure-works.com,"$60,000 ",4,Bachelors,Management,Y
15882,MR.,MAURICE,XIE,11/1/1945,S,M,maurice3@adventure-works.com,"$60,000 ",4,Bachelors,Management,Y
15883,MR.,TRISTAN,COLEMAN,11/13/1945,M,M,tristan6@adventure-works.com,"$60,000 ",4,Bachelors,Management,Y
15884,MR.,DAKOTA,BRADLEY,7/7/1945,M,M,dakota0@adventure-works.com,"$60,000 ",4,Bachelors,Management,N
15885,MR.,GARRETT,SANCHEZ,5/18/1946,S,M,garrett22@adventure-works.com,"$60,000 ",4,Bachelors,Management,Y
15886,MR.,MATTHEW,BROWN,4/18/1946,S,M,matthew10@adventure-works.com,"$60,000 ",5,Bachelors,Management,Y
15887,MRS.,DEANNA,VAZQUEZ,8/12/1946,M,F,deanna41@adventure-works.com,"$60,000 ",5,Bachelors,Management,Y
15888,MRS.,AMANDA,RICHARDSON,5/5/1946,M,F,amanda9@adventure-works.com,"$70,000 ",5,Bachelors,Management,Y
15889,MR.,ROBERT,WRIGHT,11/18/1946,M,M,robert63@adventure-works.com,"$70,000 ",4,Bachelors,Management,Y
15890,MR.,JAMES,RUSSELL,2/27/1947,S,M,james35@adventure-works.com,"$60,000 ",2,Bachelors,Management,Y
15891,MR.,JORDAN,LOPEZ,6/11/1947,M,M,jordan66@adventure-works.com,"$70,000 ",4,Bachelors,Management,N
15892,MRS.,PAMELA,SRINI,1/10/1948,S,F,pamela11@adventure-works.com,"$40,000 ",2,High School,Professional,Y
15893,MRS.,YOLANDA,XU,11/15/1948,M,F,yolanda4@adventure-works.com,"$40,000 ",2,High School,Professional,Y
15894,MRS.,JOANNA,GUTIERREZ,5/13/1948,M,F,joanna9@adventure-works.com,"$40,000 ",2,High School,Professional,Y
15895,MRS.,SOPHIA,PARKER,5/13/1948,S,F,sophia6@adventure-works.com,"$60,000 ",2,Bachelors,Management,Y
15896,MR.,SAMUEL,JONES,6/17/1948,M,M,samuel61@adventure-works.com,"$60,000 ",2,Bachelors,Management,Y
15897,MRS.,HALEY,COOPER,3/17/1948,S,F,haley9@adventure-works.com,"$70,000 ",4,Partial College,Professional,Y
15898,MR.,ISAIAH,GONZALEZ,5/1/1949,M,M,isaiah32@adventure-works.com,"$60,000 ",2,Partial College,Professional,N
15899,MR.,IAN,JAMES,7/1/1949,M,M,ian64@adventure-works.com,"$70,000 ",4,Partial College,Professional,Y
15900,MR.,WYATT,ROBERTS,3/28/1950,S,M,wyatt42@adventure-works.com,"$40,000 ",2,Partial High School,Skilled Manual,Y
15901,MRS.,TAYLOR,BRYANT,2/27/1950,S,F,taylor42@adventure-works.com,"$60,000 ",2,Partial College,Professional,N
15902,MR.,ROBERT,DIAZ,4/25/1950,M,M,robert33@adventure-works.com,"$60,000 ",2,Partial College,Professional,Y
15903,MRS.,ABIGAIL,BARNES,7/9/1950,M,F,abigail28@adventure-works.com,"$60,000 ",2,Partial College,Professional,Y
15904,MRS.,JANICE,BENNETT,1/25/1950,M,F,janice4@adventure-works.com,"$60,000 ",2,Partial College,Professional,Y
15905,MRS.,TAYLOR,TAYLOR,4/18/1951,S,F,taylor56@adventure-works.com,"$70,000 ",2,High School,Professional,Y
15906,MRS.,KAITLYN,LEWIS,3/6/1951,S,F,kaitlyn44@adventure-works.com,"$70,000 ",2,High School,Professional,Y
15907,MR.,STEVEN,BAILEY,4/18/1951,M,M,steven25@adventure-works.com,"$60,000 ",2,Partial College,Professional,N
15908,MR.,DAVID,WILSON,9/20/1951,M,M,david65@adventure-works.com,"$60,000 ",2,Partial College,Professional,Y
15909,MRS.,CASSIDY,ROSS,9/7/1951,M,F,cassidy4@adventure-works.com,"$60,000 ",2,Partial College,Professional,Y
15910,MR.,CALEB,HUGHES,6/8/1951,M,M,caleb8@adventure-works.com,"$70,000 ",4,Partial College,Professional,N
15911,MRS.,MARIA,BAKER,4/26/1952,M,F,maria58@adventure-works.com,"$60,000 ",2,High School,Professional,Y
15912,MRS.,MYA,SIMMONS,3/7/1952,S,F,mya15@adventure-works.com,"$60,000 ",3,High School,Professional,Y
15913,MR.,ANTONIO,HUGHES,6/16/1952,M,M,antonio11@adventure-works.com,"$60,000 ",3,High School,Professional,Y
15914,MR.,LOGAN,BRYANT,8/22/1952,S,M,logan19@adventure-works.com,"$70,000 ",4,Partial College,Professional,Y
15915,MR.,ALEX,COX,7/11/1952,S,M,alex14@adventure-works.com,"$70,000 ",4,Partial College,Professional,Y
15916,MR.,BRANDON,WALKER,7/14/1952,M,M,brandon53@adventure-works.com,"$70,000 ",4,Partial College,Professional,N
15917,MRS.,EMILY,WHITE,9/20/1952,M,F,emily13@adventure-works.com,"$70,000 ",4,Partial College,Professional,Y
15918,MR.,ROBERTO,RUIZ,2/3/1952,S,M,roberto1@adventure-works.com,"$70,000 ",5,Partial College,Professional,Y
15919,MRS.,REBEKAH,PRASAD,5/7/1958,M,F,rebekah9@adventure-works.com,"$130,000 ",2,Partial College,Professional,Y
15920,MR.,COLIN,WU,8/14/1957,S,M,colin7@adventure-works.com,"$100,000 ",2,Partial College,Professional,Y
15921,MR.,DONALD,PATEL,11/26/1957,S,M,donald5@adventure-works.com,"$100,000 ",2,Partial College,Professional,Y
15922,MR.,ROGER,KUMAR,10/16/1957,M,M,roger35@adventure-works.com,"$150,000 ",2,High School,Professional,Y
15923,MR.,RICARDO,RAJE,10/7/1956,S,M,ricardo14@adventure-works.com,"$100,000 ",2,High School,Professional,Y
15924,MR.,OMAR,WANG,6/20/1956,M,M,omar1@adventure-works.com,"$100,000 ",2,High School,Professional,Y
15925,MR.,STANLEY,SUBRAM,6/27/1956,M,M,stanley14@adventure-works.com,"$110,000 ",3,Partial College,Professional,N
15926,MRS.,DONNA,DENG,2/12/1956,S,F,donna2@adventure-works.com,"$120,000 ",3,High School,Professional,Y
15927,MR.,GILBERT,HUANG,12/4/1956,S,M,gilbert5@adventure-works.com,"$120,000 ",3,High School,Professional,Y
15928,MRS.,PRISCILLA,PAL,5/8/1956,S,F,priscilla10@adventure-works.com,"$120,000 ",3,High School,Professional,Y
15929,MRS.,KARLA,RAJI,8/10/1956,M,F,karla22@adventure-works.com,"$150,000 ",3,High School,Professional,Y
15930,MRS.,TIFFANY,HE,4/2/1955,M,F,tiffany19@adventure-works.com,"$100,000 ",2,High School,Professional,Y
15931,MR.,MICAH,XU,1/8/1955,M,M,micah23@adventure-works.com,"$110,000 ",3,Partial College,Professional,Y
15932,MRS.,TABITHA,JIMENEZ,9/11/1955,M,F,tabitha25@adventure-works.com,"$130,000 ",3,Partial College,Professional,Y
15933,MR.,CLINTON,DOMINGUEZ,2/3/1955,S,M,clinton9@adventure-works.com,"$160,000 ",2,High School,Professional,N
15934,MRS.,NICHOLE,RAJI,3/28/1956,S,F,nichole21@adventure-works.com,"$70,000 ",3,Partial College,Professional,Y
15935,MRS.,AMBER,KING,10/28/1933,M,F,amber19@adventure-works.com,"$70,000 ",3,Graduate Degree,Management,N
15936,MRS.,ABIGAIL,JOHNSON,7/15/1933,M,F,abigail48@adventure-works.com,"$90,000 ",4,Bachelors,Management,Y
15937,MRS.,GRACE,LEWIS,5/12/1965,M,F,grace20@adventure-works.com,"$90,000 ",5,Partial College,Professional,Y
15938,MR.,SEAN,COLLINS,7/9/1965,M,M,sean33@adventure-works.com,"$100,000 ",4,Partial College,Professional,Y
15939,MRS.,JENNIFER,BROWN,2/11/1965,M,F,jennifer32@adventure-works.com,"$100,000 ",4,Partial College,Professional,Y
15940,MR.,JACK,BRYANT,11/27/1965,M,M,jack18@adventure-works.com,"$100,000 ",4,Partial College,Professional,Y
15941,MRS.,BAILEY,BROOKS,2/26/1965,S,F,bailey0@adventure-works.com,"$120,000 ",3,Bachelors,Management,N
15942,MR.,LUCAS,RODRIGUEZ,8/9/1964,M,M,lucas34@adventure-works.com,"$80,000 ",4,Bachelors,Management,Y
15943,MR.,RICHARD,WATSON,1/18/1964,M,M,richard80@adventure-works.com,"$80,000 ",4,Partial College,Professional,N
15944,MR.,DAMIEN,LU,5/12/1964,M,M,damien9@adventure-works.com,"$90,000 ",5,Partial College,Professional,Y
15945,MRS.,ALEXANDRIA,KELLY,6/24/1964,M,F,alexandria26@adventure-works.com,"$100,000 ",4,Partial College,Professional,Y
15946,MR.,WYATT,WILSON,7/20/1964,S,M,wyatt7@adventure-works.com,"$110,000 ",3,Bachelors,Management,N
15947,MRS.,MICHELLE,BLUE,10/12/1964,M,F,michelle14@adventure-works.com,"$120,000 ",4,Partial College,Professional,Y
15948,MRS.,ANGELA,HUGHES,11/20/1964,S,F,angela14@adventure-works.com,"$130,000 ",2,Bachelors,Management,N
15949,MRS.,KATHERINE,GREEN,9/10/1964,M,F,katherine62@adventure-works.com,"$130,000 ",3,Bachelors,Management,Y
15950,MRS.,ERIN,PETERSON,1/15/1956,M,F,erin9@adventure-works.com,"$70,000 ",3,Partial College,Professional,Y
15951,MRS.,JENNA,BAKER,10/13/1956,M,F,jenna16@adventure-works.com,"$70,000 ",4,Partial College,Professional,Y
15952,MR.,EVAN,COOPER,6/20/1956,M,M,evan9@adventure-works.com,"$90,000 ",2,Partial College,Professional,N
15953,MR.,JULIO,MORENO,4/11/1934,M,M,julio6@adventure-works.com,"$60,000 ",2,Graduate Degree,Management,Y
15954,MR.,MARSHALL,DENG,8/27/1963,M,M,marshall22@adventure-works.com,"$100,000 ",0,Partial College,Professional,Y
15955,MR.,NEIL,ORTEGA,11/17/1963,M,M,neil21@adventure-works.com,"$110,000 ",4,Bachelors,Management,Y
15956,MR.,RYAN,LI,5/17/1963,M,M,ryan30@adventure-works.com,"$130,000 ",3,Bachelors,Management,Y
15957,MR.,SAMUEL,ROSS,11/15/1963,S,M,samuel2@adventure-works.com,"$130,000 ",3,Bachelors,Management,N
15958,MRS.,NICOLE,ROSS,4/6/1962,M,F,nicole52@adventure-works.com,"$90,000 ",4,Partial College,Professional,Y
15959,MR.,LOGAN,RODRIGUEZ,3/2/1962,M,M,logan72@adventure-works.com,"$100,000 ",1,Partial College,Professional,Y
15960,MRS.,BRIANNA,BRYANT,10/8/1962,M,F,brianna63@adventure-works.com,"$120,000 ",1,Partial College,Professional,N
15961,MRS.,ASHLEY,WALKER,4/23/1962,S,F,ashley24@adventure-works.com,"$150,000 ",1,Partial College,Professional,N
15962,MR.,BENJAMIN,WINTER,1/11/1961,S,M,benjamin49@adventure-works.com,"$90,000 ",4,High School,Professional,Y
15963,MRS.,MADISON,SMITH,8/6/1961,S,F,madison0@adventure-works.com,"$90,000 ",4,High School,Professional,N
15964,MR.,STEVEN,COX,10/3/1961,S,M,steven20@adventure-works.com,"$130,000 ",1,Bachelors,Management,N
15965,MRS.,JENNIFER,WATSON,6/18/1961,S,F,jennifer71@adventure-works.com,"$150,000 ",1,Partial College,Professional,N
15966,MRS.,NATALIE,FOSTER,8/15/1955,M,F,natalie38@adventure-works.com,"$60,000 ",2,High School,Professional,N
15967,MR.,DAKOTA,DIAZ,6/16/1955,M,M,dakota18@adventure-works.com,"$70,000 ",4,High School,Professional,Y
15968,MR.,EDWARD,GONZALEZ,4/21/1955,S,M,edward10@adventure-works.com,"$70,000 ",4,High School,Professional,Y
15969,MR.,SEAN,MURPHY,6/1/1955,S,M,sean22@adventure-works.com,"$90,000 ",2,High School,Professional,Y
15970,MR.,SAMUEL,THOMPSON,9/6/1954,S,M,samuel54@adventure-works.com,"$80,000 ",2,Partial High School,Skilled Manual,N
15971,MR.,RYAN,JENKINS,8/26/1935,M,M,ryan9@adventure-works.com,"$50,000 ",2,Graduate Degree,Management,Y
15972,MRS.,CAITLIN,BAILEY,10/2/1935,M,F,caitlin13@adventure-works.com,"$70,000 ",4,Graduate Degree,Management,Y
15973,MR.,CHRISTOPHER,GARCIA,11/23/1936,M,M,christopher16@adventure-works.com,"$60,000 ",2,Graduate Degree,Management,Y
15974,MR.,MARCUS,GREEN,6/12/1960,M,M,marcus33@adventure-works.com,"$80,000 ",5,Partial College,Professional,Y
15975,MRS.,GABRIELLE,COLLINS,9/24/1960,S,F,gabrielle47@adventure-works.com,"$90,000 ",4,High School,Professional,N
15976,MR.,KRISTOPHER,PATEL,5/24/1960,S,M,kristopher3@adventure-works.com,"$90,000 ",4,High School,Professional,Y
15977,MRS.,JULIA,HARRIS,3/15/1960,M,F,julia35@adventure-works.com,"$90,000 ",4,High School,Professional,Y
15978,MR.,XAVIER,WALKER,11/18/1960,M,M,xavier20@adventure-works.com,"$90,000 ",4,High School,Professional,Y
15979,MRS.,NICOLE,COOK,6/14/1960,M,F,nicole30@adventure-works.com,"$90,000 ",4,High School,Professional,Y
15980,MRS.,GABRIELLE,MORGAN,5/22/1960,S,F,gabrielle5@adventure-works.com,"$100,000 ",3,Partial College,Professional,Y
15981,MR.,GABRIEL,POWELL,3/14/1960,S,M,gabriel5@adventure-works.com,"$100,000 ",0,Partial College,Professional,N
15982,MR.,JOSE,EVANS,5/22/1960,M,M,jose38@adventure-works.com,"$110,000 ",5,Partial College,Professional,Y
15984,MR.,NATHAN,WRIGHT,6/22/1960,M,M,nathan50@adventure-works.com,"$170,000 ",1,Bachelors,Management,Y
15985,MR.,DEVIN,JOHNSON,6/18/1960,M,M,devin1@adventure-works.com,"$170,000 ",1,Bachelors,Management,Y
15986,MR.,DALTON,SANCHEZ,9/11/1954,S,M,dalton89@adventure-works.com,"$60,000 ",2,Partial High School,Skilled Manual,Y
15987,MRS.,NICOLE,KELLY,9/25/1954,M,F,nicole46@adventure-works.com,"$60,000 ",2,Partial High School,Skilled Manual,Y
15988,MR.,EDWARD,MOORE,5/12/1954,M,M,edward30@adventure-works.com,"$70,000 ",3,High School,Professional,Y
15989,MRS.,SAVANNAH,CAMPBELL,11/19/1954,M,F,savannah29@adventure-works.com,"$70,000 ",3,High School,Professional,Y
15990,MR.,EDUARDO,RICHARDSON,5/25/1953,S,M,eduardo78@adventure-works.com,"$70,000 ",3,Graduate Degree,Management,Y
15991,MR.,DAVID,TAYLOR,1/19/1953,M,M,david67@adventure-works.com,"$70,000 ",3,Graduate Degree,Management,Y
15992,MRS.,ISABELLE,ALEXANDER,4/22/1953,S,F,isabelle17@adventure-works.com,"$70,000 ",3,Graduate Degree,Management,Y
15993,MR.,SPENCER,COLEMAN,5/22/1953,M,M,spencer7@adventure-works.com,"$60,000 ",3,Graduate Degree,Management,Y
15994,MRS.,OLIVIA,BLUE,11/1/1952,M,F,olivia49@adventure-works.com,"$40,000 ",3,Partial College,Professional,N
15995,MRS.,KAITLYN,JOHNSON,5/26/1952,M,F,kaitlyn24@adventure-works.com,"$40,000 ",3,Partial College,Professional,N
15996,,EMILY,BARNES,2/27/1952,M,NA,emily28@adventure-works.com,"$40,000 ",3,Partial College,Professional,N
15997,MRS.,MELISSA,JENKINS,9/11/1937,M,F,melissa1@adventure-works.com,"$70,000 ",4,Graduate Degree,Management,Y
15998,MRS.,MARISSA,FLORES,5/9/1937,M,F,marissa9@adventure-works.com,"$70,000 ",4,Graduate Degree,Management,Y
15999,MRS.,MARIA,HILL,7/23/1937,M,F,maria63@adventure-works.com,"$70,000 ",4,Graduate Degree,Management,Y
16000,MRS.,GABRIELLE,RAMIREZ,9/27/1937,M,F,gabrielle16@adventure-works.com,"$70,000 ",4,Graduate Degree,Management,Y
16001,MR.,RICARDO,PAL,10/25/1937,M,M,ricardo12@adventure-works.com,"$80,000 ",4,Graduate Degree,Management,Y
16002,MRS.,PAIGE,HAYES,2/10/1937,M,F,paige22@adventure-works.com,"$110,000 ",2,Graduate Degree,Management,Y
16003,MRS.,CAROL,ROBINSON,10/27/1937,M,F,carol17@adventure-works.com,"$130,000 ",2,Graduate Degree,Management,Y
16004,MR.,JOE,MARTINEZ,11/19/1938,M,M,joe20@adventure-works.com,"$90,000 ",5,Bachelors,Management,Y
16005,MR.,JORDAN,HILL,10/7/1938,S,M,jordan67@adventure-works.com,"$90,000 ",5,Bachelors,Management,Y
16006,MRS.,ANGELICA,HENDERSON,7/14/1938,M,F,angelica4@adventure-works.com,"$110,000 ",2,Graduate Degree,Management,Y
16007,MRS.,JANELLE,GONZALEZ,10/1/1939,M,F,janelle15@adventure-works.com,"$90,000 ",5,Bachelors,Management,Y
16008,MRS.,MORGAN,ALLEN,7/16/1939,M,F,morgan21@adventure-works.com,"$110,000 ",2,Graduate Degree,Management,Y
16009,MR.,MATTHEW,MARTINEZ,9/15/1939,S,M,matthew22@adventure-works.com,"$170,000 ",1,Graduate Degree,Management,N
16010,MRS.,NICOLE,WOOD,2/14/1940,M,F,nicole50@adventure-works.com,"$120,000 ",2,Graduate Degree,Management,Y
16011,MRS.,MARIA,MURPHY,9/6/1940,M,F,maria8@adventure-works.com,"$130,000 ",2,Bachelors,Management,Y
16012,MRS.,GRACE,COOPER,8/1/1968,S,F,grace34@adventure-works.com,"$90,000 ",4,Bachelors,Management,N
16013,MR.,XAVIER,WILLIAMS,7/21/1968,S,M,xavier2@adventure-works.com,"$90,000 ",4,Partial College,Skilled Manual,N
16014,MR.,CHRISTOPHER,WILSON,3/8/1968,M,M,christopher7@adventure-works.com,"$120,000 ",2,Bachelors,Management,Y
16015,MS.,JESSICA,COOPER,2/3/1979,S,F,jessica11@adventure-works.com,"$30,000 ",0,Partial College,Skilled Manual,N
16016,MR.,BRADLEY,SHE,8/12/1944,M,M,bradley3@adventure-works.com,"$20,000 ",4,High School,Skilled Manual,Y
16017,MR.,JEREMY,RAMIREZ,5/12/1979,M,M,jeremy36@adventure-works.com,"$60,000 ",0,Partial College,Skilled Manual,N
16018,MS.,EMMA,HENDERSON,5/2/1979,S,F,emma51@adventure-works.com,"$60,000 ",0,Partial College,Skilled Manual,N
16019,MS.,AMBER,HERNANDEZ,2/2/1979,S,F,amber18@adventure-works.com,"$60,000 ",0,Partial College,Skilled Manual,Y
16020,MR.,THOMAS,DIAZ,8/26/1978,M,M,thomas24@adventure-works.com,"$40,000 ",0,High School,Skilled Manual,Y
16021,MS.,SHELBY,SANCHEZ,10/26/1978,S,F,shelby24@adventure-works.com,"$40,000 ",0,Partial High School,Clerical,N
16022,MR.,DEVIN,HERNANDEZ,7/20/1978,S,M,devin24@adventure-works.com,"$40,000 ",0,Partial High School,Clerical,N
16023,MR.,WILLIE,ZHANG,7/17/1947,S,M,willie1@adventure-works.com,"$10,000 ",2,High School,Skilled Manual,Y
16024,MR.,ISAAC,HILL,8/17/1978,M,M,isaac35@adventure-works.com,"$40,000 ",0,Partial College,Skilled Manual,Y
16025,MR.,JORGE,SUN,3/7/1945,M,M,jorge15@adventure-works.com,"$10,000 ",2,Partial High School,Clerical,Y
16026,MR.,BYRON,JIMÉNEZ,7/10/1946,M,M,byron4@adventure-works.com,"$30,000 ",2,Partial College,Clerical,N
16027,MRS.,ANNE,VAZQUEZ,8/15/1946,M,F,anne16@adventure-works.com,"$30,000 ",2,Partial College,Clerical,N
16028,MR.,CODY,COOPER,1/28/1946,M,M,cody9@adventure-works.com,"$30,000 ",2,Partial College,Clerical,N
16029,MRS.,ABBY,PATEL,11/8/1946,M,F,abby2@adventure-works.com,"$30,000 ",2,Partial College,Clerical,N
16030,MR.,MAX,MARTIN,5/21/1947,M,M,max1@adventure-works.com,"$20,000 ",4,High School,Skilled Manual,Y
16031,MR.,IAN,ALLEN,10/10/1947,M,M,ian23@adventure-works.com,"$30,000 ",2,Partial College,Clerical,N
16032,MR.,COLIN,CHAVEZ,1/15/1948,M,M,colin38@adventure-works.com,"$10,000 ",2,Partial High School,Clerical,Y
16033,MS.,ERICA,LIN,10/15/1971,M,F,erica7@adventure-works.com,"$10,000 ",0,Graduate Degree,Manual,Y
16034,MRS.,PAMELA,SURI,12/11/1962,M,F,pamela3@adventure-works.com,"$10,000 ",1,Graduate Degree,Manual,Y
16035,MR.,SEBASTIAN,MORGAN,6/18/1962,M,M,sebastian13@adventure-works.com,"$20,000 ",1,Graduate Degree,Manual,Y
16036,MRS.,MARIA,LONG,12/3/1961,M,F,maria32@adventure-works.com,"$10,000 ",1,Bachelors,Manual,Y
16037,MRS.,MELISSA,KELLY,5/8/1961,M,F,melissa25@adventure-works.com,"$10,000 ",1,Bachelors,Manual,Y
16039,MR.,STEVE,YANG,5/6/1961,M,M,steve9@adventure-works.com,"$10,000 ",1,Bachelors,Manual,Y
16040,MR.,CASEY,GILL,10/7/1962,M,M,casey37@adventure-works.com,"$20,000 ",1,Graduate Degree,Clerical,Y
16041,MR.,PEDRO,RAMAN,5/8/1961,S,M,pedro12@adventure-works.com,"$20,000 ",1,Graduate Degree,Clerical,Y
16042,MR.,IAN,HALL,7/21/1936,S,M,ian22@adventure-works.com,"$20,000 ",1,Graduate Degree,Clerical,Y
16043,MR.,MATHEW,ROMERO,3/13/1958,S,M,mathew5@adventure-works.com,"$10,000 ",1,Bachelors,Manual,Y
16044,MRS.,CONNIE,RAI,9/9/1958,M,F,connie4@adventure-works.com,"$10,000 ",1,Bachelors,Manual,Y
16045,MRS.,EVELYN,SARA,7/4/1958,M,F,evelyn11@adventure-works.com,"$20,000 ",1,Graduate Degree,Clerical,Y
16046,MRS.,ROBYN,GOMEZ,8/20/1958,S,F,robyn0@adventure-works.com,"$20,000 ",1,Graduate Degree,Clerical,Y
16047,MRS.,TAYLOR,JOHNSON,7/9/1957,M,F,taylor48@adventure-works.com,"$10,000 ",1,Partial College,Manual,Y
16048,MRS.,KELLI,YANG,5/11/1957,S,F,kelli5@adventure-works.com,"$10,000 ",1,Partial College,Manual,Y
16049,MRS.,ASHLEE,NARA,5/12/1957,M,F,ashlee1@adventure-works.com,"$10,000 ",1,Partial College,Manual,Y
16050,MR.,REGINALD,MORENO,3/11/1957,M,M,reginald13@adventure-works.com,"$10,000 ",1,Partial College,Manual,Y
16051,MR.,LEONARD,XU,9/18/1956,M,M,leonard6@adventure-works.com,"$20,000 ",1,Bachelors,Clerical,Y
16052,MR.,DANNY,GUTIERREZ,11/6/1956,M,M,danny12@adventure-works.com,"$20,000 ",1,Bachelors,Clerical,Y
16053,MR.,FREDERICK,PEREZ,6/18/1956,M,M,frederick18@adventure-works.com,"$20,000 ",1,Bachelors,Clerical,Y
16054,MR.,HECTOR,ORTEGA,6/19/1956,S,M,hector19@adventure-works.com,"$20,000 ",1,Bachelors,Clerical,Y
16055,MR.,RYAN,LEE,12/19/1955,M,M,ryan58@adventure-works.com,"$10,000 ",2,Partial College,Manual,Y
16056,MRS.,ALISON,SHAN,9/21/1955,M,F,alison10@adventure-works.com,"$10,000 ",2,Partial College,Manual,Y
16057,MRS.,MICHELE,GOMEZ,12/14/1955,M,F,michele36@adventure-works.com,"$10,000 ",2,Partial College,Manual,Y
16058,MRS.,MARGARET,ZHANG,6/4/1954,M,F,margaret7@adventure-works.com,"$10,000 ",2,Partial College,Manual,Y
16059,MR.,JÉSUS,CARLSON,10/11/1938,M,M,jésus17@adventure-works.com,"$20,000 ",1,Bachelors,Clerical,Y
16060,MR.,ANTONIO,GRIFFIN,10/27/1970,M,M,antonio21@adventure-works.com,"$50,000 ",1,Bachelors,Skilled Manual,Y
16061,MR.,MIGUEL,BUTLER,7/6/1970,M,M,miguel60@adventure-works.com,"$50,000 ",1,Bachelors,Skilled Manual,Y
16062,MRS.,KATHERINE,JOHNSON,6/9/1970,M,F,katherine72@adventure-works.com,"$50,000 ",1,Bachelors,Skilled Manual,Y
16063,MR.,FRANCISCO,KAPOOR,7/16/1970,M,M,francisco2@adventure-works.com,"$50,000 ",1,Bachelors,Skilled Manual,Y
16064,MRS.,ISABELLA,GRIFFIN,3/1/1969,M,F,isabella31@adventure-works.com,"$50,000 ",1,Bachelors,Skilled Manual,Y
16065,MRS.,MAKAYLA,TORRES,7/21/1969,S,F,makayla4@adventure-works.com,"$50,000 ",2,Bachelors,Skilled Manual,Y
16066,MR.,ALEX,RAMIREZ,7/23/1969,M,M,alex10@adventure-works.com,"$50,000 ",2,Bachelors,Skilled Manual,Y
16067,MRS.,MARIA,BUTLER,4/20/1969,S,F,maria36@adventure-works.com,"$50,000 ",2,Bachelors,Skilled Manual,N
16068,MR.,JERRY,SHEN,3/3/1969,S,M,jerry2@adventure-works.com,"$50,000 ",2,Bachelors,Skilled Manual,N
16070,MRS.,SIERRA,PHILLIPS,12/22/1969,S,F,sierra5@adventure-works.com,"$60,000 ",1,Graduate Degree,Professional,Y
16071,MRS.,TAYLOR,RODRIGUEZ,1/10/1971,M,F,taylor66@adventure-works.com,"$60,000 ",1,Graduate Degree,Professional,Y
16072,MR.,CALEB,EVANS,10/12/1971,M,M,caleb29@adventure-works.com,"$60,000 ",1,Graduate Degree,Professional,Y
16073,MRS.,MIRANDA,BRYANT,12/12/1971,S,F,miranda18@adventure-works.com,"$60,000 ",1,Graduate Degree,Professional,Y
16074,MR.,CALEB,ROBERTS,11/12/1971,M,M,caleb33@adventure-works.com,"$60,000 ",1,Graduate Degree,Professional,Y
16075,MRS.,ALEXIS,JOHNSON,7/26/1971,S,F,alexis1@adventure-works.com,"$60,000 ",1,Graduate Degree,Professional,Y
16076,MRS.,CATHERINE,ROGERS,6/16/1971,M,F,catherine17@adventure-works.com,"$60,000 ",1,Graduate Degree,Professional,Y
16077,MRS.,STEPHANIE,ROGERS,6/1/1971,M,F,stephanie6@adventure-works.com,"$70,000 ",2,Graduate Degree,Professional,Y
16078,MRS.,NICOLE,JAMES,9/6/1971,M,F,nicole43@adventure-works.com,"$70,000 ",3,Graduate Degree,Professional,Y
16079,MRS.,NATALIE,CARTER,9/7/1971,M,F,natalie53@adventure-works.com,"$80,000 ",1,Graduate Degree,Professional,Y
16080,MR.,OSCAR,PATTERSON,8/1/1968,S,M,oscar18@adventure-works.com,"$40,000 ",4,High School,Skilled Manual,Y
16081,MR.,ARTURO,CAI,3/21/1968,M,M,arturo23@adventure-works.com,"$70,000 ",2,Bachelors,Skilled Manual,Y
16082,MRS.,AUTUMN,ZENG,5/22/1968,S,F,autumn21@adventure-works.com,"$70,000 ",2,Bachelors,Skilled Manual,N
16083,MRS.,MINDY,RAJE,7/3/1967,M,F,mindy18@adventure-works.com,"$40,000 ",5,High School,Skilled Manual,Y
16084,MS.,ALLISON,WRIGHT,11/17/1967,S,F,allison43@adventure-works.com,"$40,000 ",0,Bachelors,Professional,N
16085,MR.,TREVOR,GONZALES,1/10/1970,M,M,trevor17@adventure-works.com,"$60,000 ",1,Graduate Degree,Professional,Y
16086,MR.,CHARLES,WATSON,5/11/1970,M,M,charles47@adventure-works.com,"$70,000 ",4,Graduate Degree,Professional,Y
16087,MR.,MICAH,CHEN,6/13/1970,S,M,micah12@adventure-works.com,"$70,000 ",4,Graduate Degree,Professional,Y
16088,MR.,BRYCE,SANDERS,7/10/1967,S,M,bryce3@adventure-works.com,"$40,000 ",0,Bachelors,Professional,N
16089,MR.,LUCAS,BROOKS,8/3/1967,M,M,lucas72@adventure-works.com,"$50,000 ",2,Bachelors,Skilled Manual,Y
16090,MRS.,EMMA,WHITE,7/4/1967,S,F,emma12@adventure-works.com,"$50,000 ",2,Bachelors,Skilled Manual,Y
16091,MRS.,ALYSSA,LEWIS,4/25/1967,S,F,alyssa21@adventure-works.com,"$50,000 ",2,Bachelors,Skilled Manual,N
16092,MS.,JESSICA,BRYANT,1/2/1966,M,F,jessica42@adventure-works.com,"$60,000 ",0,Graduate Degree,Professional,Y
16093,MS.,KAITLYN,MORRIS,3/2/1966,S,F,kaitlyn48@adventure-works.com,"$60,000 ",0,Graduate Degree,Professional,Y
16094,MS.,KAYLA,BROWN,11/12/1966,S,F,kayla4@adventure-works.com,"$60,000 ",0,Graduate Degree,Professional,Y
16095,MR.,MARCUS,GARCIA,2/11/1966,M,M,marcus17@adventure-works.com,"$70,000 ",4,Graduate Degree,Professional,Y
16096,MR.,KENNETH,SHE,1/25/1969,M,M,kenneth1@adventure-works.com,"$60,000 ",2,Graduate Degree,Professional,Y
16097,MRS.,JESSICA,STEWART,11/5/1969,S,F,jessica0@adventure-works.com,"$60,000 ",2,Graduate Degree,Professional,Y
16098,MRS.,JASMINE,DIAZ,9/6/1969,M,F,jasmine61@adventure-works.com,"$70,000 ",5,Graduate Degree,Professional,Y
16099,MR.,JULIAN,JENKINS,8/9/1969,M,M,julian8@adventure-works.com,"$70,000 ",5,Graduate Degree,Professional,Y
16100,MR.,JOSE,JOHNSON,4/3/1969,S,M,jose57@adventure-works.com,"$70,000 ",5,Graduate Degree,Professional,Y
16101,MRS.,MARY,LOPEZ,9/19/1969,M,F,mary34@adventure-works.com,"$80,000 ",2,Graduate Degree,Professional,Y
16102,MR.,MARCUS,ALEXANDER,8/14/1965,S,M,marcus68@adventure-works.com,"$40,000 ",0,Bachelors,Professional,N
16103,MRS.,HALEY,HILL,10/11/1965,S,F,haley56@adventure-works.com,"$80,000 ",3,Bachelors,Skilled Manual,Y
16104,MRS.,JORDAN,HERNANDEZ,11/4/1965,S,F,jordan47@adventure-works.com,"$80,000 ",3,Bachelors,Skilled Manual,Y
16105,MRS.,KRISTY,DIAZ,2/4/1965,S,F,kristy3@adventure-works.com,"$80,000 ",3,Bachelors,Skilled Manual,Y
16106,MR.,IAN,BARNES,3/21/1965,M,M,ian43@adventure-works.com,"$60,000 ",0,Graduate Degree,Professional,Y
16107,MRS.,JORDAN,EDWARDS,4/20/1964,S,F,jordan30@adventure-works.com,"$50,000 ",4,Bachelors,Skilled Manual,Y
16108,MR.,BRYCE,HOWARD,6/24/1964,S,M,bryce10@adventure-works.com,"$60,000 ",4,Bachelors,Skilled Manual,N
16109,MR.,ADAM,TURNER,7/5/1964,S,M,adam35@adventure-works.com,"$60,000 ",4,Bachelors,Skilled Manual,Y
16110,MR.,BRANDON,LONG,7/1/1964,M,M,brandon7@adventure-works.com,"$60,000 ",4,Bachelors,Skilled Manual,Y
16111,MRS.,ALLISON,GREEN,8/9/1963,S,F,allison37@adventure-works.com,"$70,000 ",4,Bachelors,Skilled Manual,Y
16112,MR.,FRANK,MUNOZ,3/5/1963,S,M,frank15@adventure-works.com,"$70,000 ",4,Bachelors,Professional,Y
16113,MR.,ROGER,LAL,2/13/1963,S,M,roger36@adventure-works.com,"$70,000 ",4,Bachelors,Professional,N
16114,MR.,GAVIN,ROSS,3/14/1963,M,M,gavin3@adventure-works.com,"$70,000 ",4,Bachelors,Professional,Y
16115,MS.,JENNIFER,DIAZ,6/13/1968,S,F,jennifer95@adventure-works.com,"$70,000 ",0,Bachelors,Professional,N
16116,MR.,BEGOÑA,HURTADO,6/6/1968,S,M,begoña0@adventure-works.com,"$70,000 ",0,Bachelors,Professional,Y
16117,MR.,BRAD,LAL,11/2/1962,M,M,brad8@adventure-works.com,"$40,000 ",4,High School,Skilled Manual,Y
16118,MR.,JAMES,WRIGHT,9/3/1962,M,M,james70@adventure-works.com,"$70,000 ",1,Bachelors,Professional,N
16119,MRS.,HAILEY,WATSON,9/12/1961,M,F,hailey18@adventure-works.com,"$40,000 ",4,High School,Skilled Manual,Y
16120,MR.,BRYCE,RAMIREZ,4/14/1961,M,M,bryce6@adventure-works.com,"$40,000 ",4,High School,Skilled Manual,Y
16121,MRS.,KAITLYN,ROSS,5/4/1961,M,F,kaitlyn71@adventure-works.com,"$40,000 ",4,High School,Skilled Manual,N
16122,MR.,JASON,PHILLIPS,12/16/1961,M,M,jason35@adventure-works.com,"$40,000 ",4,High School,Skilled Manual,Y
16123,MRS.,NATALIE,PATTERSON,7/8/1961,M,F,natalie33@adventure-works.com,"$40,000 ",4,High School,Skilled Manual,Y
16124,MR.,EDUARDO,MURPHY,11/3/1961,M,M,eduardo82@adventure-works.com,"$40,000 ",4,High School,Skilled Manual,Y
16125,MRS.,VICTORIA,WATSON,3/6/1961,M,F,victoria45@adventure-works.com,"$60,000 ",1,Partial College,Skilled Manual,Y
16126,MRS.,FAITH,KELLY,7/17/1961,M,F,faith24@adventure-works.com,"$60,000 ",1,Partial College,Skilled Manual,Y
16127,MRS.,AMANDA,EDWARDS,3/17/1961,M,F,amanda45@adventure-works.com,"$60,000 ",1,Partial College,Skilled Manual,Y
16128,MRS.,DESTINY,WARD,6/24/1961,M,F,destiny38@adventure-works.com,"$60,000 ",1,Partial College,Skilled Manual,Y
16129,MRS.,JORDYN,RUSSELL,10/11/1960,S,F,jordyn18@adventure-works.com,"$40,000 ",4,High School,Skilled Manual,Y
16130,MS.,MIKE,SEAMANS,12/24/1960,S,F,mike5@adventure-works.com,"$40,000 ",0,Bachelors,Professional,N
16131,MR.,ALBERT,ROMERO,5/14/1960,S,M,albert11@adventure-works.com,"$40,000 ",0,Bachelors,Professional,N
16132,MRS.,SIERRA,NELSON,12/3/1960,M,F,sierra9@adventure-works.com,"$60,000 ",1,Partial College,Skilled Manual,Y
16133,MR.,DYLAN,SIMMONS,8/13/1967,S,M,dylan14@adventure-works.com,"$50,000 ",0,Partial College,Skilled Manual,N
16134,MR.,ROY,HERNANDEZ,6/6/1967,S,M,roy24@adventure-works.com,"$50,000 ",0,Partial College,Skilled Manual,N
16135,MS.,CHELSEA,RAMAN,7/1/1967,S,F,chelsea13@adventure-works.com,"$50,000 ",0,Partial College,Skilled Manual,N
16136,MR.,GEORGE,SRINI,6/4/1967,S,M,george14@adventure-works.com,"$50,000 ",0,Partial College,Skilled Manual,N
16137,MR.,TIMOTHY,KING,3/15/1967,S,M,timothy45@adventure-works.com,"$50,000 ",0,Partial College,Skilled Manual,Y
16138,MR.,DAVID,BUTLER,2/9/1967,S,M,david47@adventure-works.com,"$60,000 ",0,Graduate Degree,Professional,N
16139,MRS.,JACQUELINE,ALEXANDER,8/25/1960,M,F,jacqueline19@adventure-works.com,"$60,000 ",1,Partial College,Skilled Manual,Y
16140,MR.,SETH,HARRIS,4/4/1960,M,M,seth14@adventure-works.com,"$60,000 ",1,Partial College,Skilled Manual,Y
16141,MRS.,SHELBY,RAMIREZ,11/1/1960,M,F,shelby7@adventure-works.com,"$60,000 ",1,Partial College,Skilled Manual,Y
16142,MRS.,SOPHIA,KING,1/11/1959,S,F,sophia17@adventure-works.com,"$60,000 ",4,Bachelors,Professional,Y
16143,MRS.,SARA,EVANS,3/19/1959,M,F,sara25@adventure-works.com,"$60,000 ",4,Bachelors,Professional,Y
16144,MR.,PATRICK,KELLY,12/4/1959,M,M,patrick8@adventure-works.com,"$70,000 ",1,Graduate Degree,Professional,Y
16145,MRS.,SYDNEY,ANDERSON,10/25/1959,S,F,sydney73@adventure-works.com,"$70,000 ",5,Graduate Degree,Professional,Y
16146,MRS.,JACQUELYN,SAUNDERS,2/21/1959,M,F,jacquelyn21@adventure-works.com,"$80,000 ",1,Graduate Degree,Professional,Y
16147,MR.,NATHAN,GRIFFIN,11/24/1958,M,M,nathan17@adventure-works.com,"$80,000 ",1,Partial College,Skilled Manual,Y
16148,MRS.,KAREN,WALKER,3/26/1958,M,F,karen9@adventure-works.com,"$80,000 ",1,Partial College,Skilled Manual,Y
16149,MR.,DALTON,PERRY,3/1/1958,S,M,dalton53@adventure-works.com,"$60,000 ",3,Bachelors,Professional,Y
16150,MRS.,NICOLE,THOMPSON,2/13/1958,M,F,nicole16@adventure-works.com,"$60,000 ",1,Bachelors,Professional,Y
16151,MRS.,CHLOE,SANCHEZ,1/3/1958,M,F,chloe46@adventure-works.com,"$60,000 ",1,Bachelors,Professional,Y
16152,MRS.,KATHERINE,EVANS,11/16/1958,M,F,katherine49@adventure-works.com,"$70,000 ",5,Graduate Degree,Professional,Y
16153,MR.,ERIC,JAI,4/11/1958,M,M,eric40@adventure-works.com,"$70,000 ",5,Graduate Degree,Professional,Y
16154,MRS.,JENNIFER,SCOTT,12/6/1958,M,F,jennifer16@adventure-works.com,"$70,000 ",5,Bachelors,Professional,Y
16155,MRS.,JOAN,JENKINS,4/10/1969,M,F,joan6@adventure-works.com,"$80,000 ",4,Graduate Degree,Management,Y
16156,MR.,JAVIER,HERNANDEZ,9/11/1969,M,M,javier0@adventure-works.com,"$90,000 ",1,Graduate Degree,Management,Y
16157,MRS.,CINDY,RAMAN,4/27/1969,M,F,cindy12@adventure-works.com,"$90,000 ",1,Graduate Degree,Management,N
16159,MRS.,MINDY,GOLDBERG,6/21/1969,M,F,mindy24@adventure-works.com,"$100,000 ",1,Graduate Degree,Management,Y
16160,MRS.,ERIKA,HERNANDEZ,6/20/1968,M,F,erika3@adventure-works.com,"$60,000 ",2,Bachelors,Professional,Y
16161,MRS.,JODI,DENG,8/24/1968,M,F,jodi1@adventure-works.com,"$60,000 ",2,Bachelors,Professional,Y
16162,MRS.,MACKENZIE,MORGAN,9/26/1968,S,F,mackenzie21@adventure-works.com,"$70,000 ",5,Bachelors,Professional,Y
16163,MR.,WILLIE,CHANDE,12/15/1967,S,M,willie34@adventure-works.com,"$60,000 ",2,Bachelors,Professional,Y
16164,MRS.,AMY,LIANG,2/2/1967,S,F,amy23@adventure-works.com,"$60,000 ",2,Bachelors,Professional,Y
16165,MRS.,JENNY,LIU,2/3/1967,M,F,jenny6@adventure-works.com,"$70,000 ",5,Bachelors,Professional,Y
16166,MRS.,APRIL,GOEL,8/10/1967,M,F,april15@adventure-works.com,"$70,000 ",5,Bachelors,Professional,Y
16167,MR.,DEVIN,MOORE,1/6/1967,M,M,devin6@adventure-works.com,"$70,000 ",5,Bachelors,Professional,Y
16168,MRS.,KATHRYN,ASHE,9/8/1967,M,F,kathryn20@adventure-works.com,"$70,000 ",5,Bachelors,Professional,Y
16169,MR.,DENNIS,LIN,3/17/1967,S,M,dennis9@adventure-works.com,"$70,000 ",5,Bachelors,Professional,Y
16170,MR.,JUAN,RUBIO,9/8/1966,S,M,juan8@adventure-works.com,"$80,000 ",5,Graduate Degree,Management,Y
16171,MR.,BRUCE,RUIZ,4/6/1966,M,M,bruce24@adventure-works.com,"$80,000 ",5,Graduate Degree,Management,Y
16172,MRS.,JANELLE,PEREZ,10/11/1966,S,F,janelle18@adventure-works.com,"$80,000 ",5,Bachelors,Professional,Y
16173,MR.,CORY,RANA,1/6/1965,M,M,cory9@adventure-works.com,"$60,000 ",2,Bachelors,Professional,Y
16174,MRS.,MELINDA,HERNANDEZ,3/24/1965,S,F,melinda0@adventure-works.com,"$60,000 ",3,Bachelors,Professional,N
16175,MR.,TONY,SHAN,9/5/1965,S,M,tony13@adventure-works.com,"$60,000 ",3,Bachelors,Professional,N
16176,MS.,MICHELE,TORRES,8/19/1968,S,F,michele45@adventure-works.com,"$70,000 ",0,Bachelors,Professional,Y
16177,MS.,BETHANY,NATH,9/10/1968,S,F,bethany22@adventure-works.com,"$70,000 ",0,Bachelors,Professional,N
16178,MR.,ALFREDO,CARLSON,11/16/1968,M,M,alfredo19@adventure-works.com,"$80,000 ",5,Bachelors,Professional,Y
16179,MRS.,JAMIE,ZHAO,8/22/1968,S,F,jamie13@adventure-works.com,"$80,000 ",5,Bachelors,Professional,Y
16180,MR.,KYLE,PEREZ,8/22/1965,S,M,kyle33@adventure-works.com,"$70,000 ",0,Bachelors,Professional,N
16181,MS.,DAISY,RUBIO,6/23/1965,S,F,daisy16@adventure-works.com,"$70,000 ",0,Bachelors,Professional,N
16182,MR.,LOUIS,SUN,4/21/1964,M,M,louis7@adventure-works.com,"$60,000 ",3,Bachelors,Professional,Y
16183,MRS.,TANYA,CARLSON,11/4/1964,S,F,tanya15@adventure-works.com,"$60,000 ",3,Bachelors,Professional,Y
16184,MRS.,CHRISTINE,SHE,6/6/1964,M,F,christine0@adventure-works.com,"$60,000 ",4,Bachelors,Professional,Y
16185,MR.,GRANT,RAJI,12/13/1964,S,M,grant23@adventure-works.com,"$60,000 ",4,Bachelors,Professional,Y
16186,MS.,BETHANY,RAJI,7/25/1974,S,F,bethany2@adventure-works.com,"$30,000 ",0,Partial College,Clerical,Y
16187,MR.,LOUIS,HU,8/17/1980,S,M,louis15@adventure-works.com,"$20,000 ",0,Partial High School,Manual,N
16188,MS.,TERESA,TORRES,4/5/1980,S,F,teresa12@adventure-works.com,"$20,000 ",0,Partial High School,Manual,N
16189,MS.,AMANDA,HUGHES,4/2/1979,M,F,amanda32@adventure-works.com,"$30,000 ",0,Partial College,Clerical,N
16190,MR.,LANCE,ALVAREZ,1/8/1979,S,M,lance4@adventure-works.com,"$30,000 ",0,Partial College,Clerical,N
16191,MS.,MARGARET,ZENG,3/18/1978,S,F,margaret27@adventure-works.com,"$30,000 ",0,High School,Manual,Y
16192,MS.,MARIE,LOPEZ,6/4/1978,S,F,marie18@adventure-works.com,"$30,000 ",0,High School,Manual,N
16193,MR.,VICTOR,RUBIO,6/20/1978,S,M,victor21@adventure-works.com,"$30,000 ",0,High School,Manual,N
16194,MS.,KATIE,DENG,9/16/1973,S,F,katie4@adventure-works.com,"$30,000 ",0,High School,Manual,N
16195,MS.,ABBY,PEREZ,4/12/1973,M,F,abby18@adventure-works.com,"$30,000 ",0,High School,Manual,N
16196,MR.,KURT,RAHEEM,10/21/1973,M,M,kurt18@adventure-works.com,"$40,000 ",1,Bachelors,Skilled Manual,Y
16197,MS.,HEIDI,PRASAD,8/19/1972,S,F,heidi11@adventure-works.com,"$20,000 ",0,Partial High School,Manual,N
16198,MR.,ARTHUR,NAVARRO,10/13/1972,S,M,arthur34@adventure-works.com,"$30,000 ",0,High School,Manual,Y
16199,MR.,TERRENCE,XIE,8/18/1972,S,M,terrence3@adventure-works.com,"$40,000 ",2,Partial College,Clerical,Y
16200,MS.,JULIA,EDWARDS,4/18/1971,S,F,julia3@adventure-works.com,"$10,000 ",0,Partial High School,Manual,N
16201,MR.,ROSS,MARTIN,9/6/1971,S,M,ross21@adventure-works.com,"$20,000 ",0,Partial High School,Manual,Y
16202,MR.,KENNETH,JAI,4/21/1971,S,M,kenneth9@adventure-works.com,"$30,000 ",0,High School,Manual,N
16203,MR.,WARREN,RAJE,5/4/1970,S,M,warren3@adventure-works.com,"$40,000 ",2,Partial College,Clerical,Y
16204,MR.,TERRENCE,ANAND,4/13/1971,S,M,terrence23@adventure-works.com,"$40,000 ",2,Partial College,Clerical,Y
16205,MRS.,MELANIE,SANDERS,4/1/1971,S,F,melanie14@adventure-works.com,"$40,000 ",2,Partial College,Clerical,Y
16206,MRS.,CINDY,LEWIS,5/19/1971,S,F,cindy21@adventure-works.com,"$40,000 ",2,Partial College,Clerical,Y
16207,MR.,JORDAN,SHAN,3/13/1971,S,M,jordan27@adventure-works.com,"$40,000 ",2,Partial College,Clerical,Y
16208,,RUTH,CHANDRA,7/21/1971,S,NA,ruth7@adventure-works.com,"$40,000 ",2,Partial College,Clerical,Y
16209,MS.,CAROLYN,ALVAREZ,3/18/1970,S,F,carolyn26@adventure-works.com,"$50,000 ",0,Graduate Degree,Skilled Manual,Y
16210,MRS.,OLIVIA,COOPER,3/12/1974,S,F,olivia34@adventure-works.com,"$40,000 ",3,Partial College,Clerical,Y
16211,MR.,JESSE,ROBERTS,11/23/1974,S,M,jesse28@adventure-works.com,"$40,000 ",3,Partial College,Clerical,Y
16212,MRS.,JACQUELINE,RIVERA,1/3/1930,M,F,jacqueline41@adventure-works.com,"$50,000 ",1,Graduate Degree,Skilled Manual,Y
16213,MS.,KAYLEE,TURNER,5/16/1966,S,F,kaylee26@adventure-works.com,"$60,000 ",0,Graduate Degree,Skilled Manual,Y
16214,MR.,BRETT,FERNANDEZ,2/3/1966,M,M,brett15@adventure-works.com,"$60,000 ",0,Graduate Degree,Skilled Manual,Y
16215,MR.,THOMAS,TURNER,5/12/1966,M,M,thomas42@adventure-works.com,"$60,000 ",0,Graduate Degree,Skilled Manual,Y
16216,MR.,CHARLES,MITCHELL,9/27/1966,S,M,charles39@adventure-works.com,"$60,000 ",0,Graduate Degree,Skilled Manual,Y
16217,MS.,AMANDA,GONZALES,9/25/1966,S,F,amanda38@adventure-works.com,"$60,000 ",0,Graduate Degree,Skilled Manual,Y
16218,MRS.,JULIA,SIMMONS,10/4/1953,M,F,julia81@adventure-works.com,"$30,000 ",1,Bachelors,Skilled Manual,Y
16219,MR.,ANGEL,SANDERS,11/22/1953,M,M,angel2@adventure-works.com,"$30,000 ",1,Bachelors,Skilled Manual,Y
16220,MRS.,MEGAN,RUSSELL,7/6/1953,M,F,megan67@adventure-works.com,"$30,000 ",1,Bachelors,Skilled Manual,Y
16221,MR.,DARREN,SAUNDERS,5/14/1953,M,M,darren13@adventure-works.com,"$30,000 ",1,Bachelors,Skilled Manual,Y
16222,MR.,BRANDON,ANDERSON,12/18/1953,M,M,brandon30@adventure-works.com,"$30,000 ",1,Bachelors,Skilled Manual,Y
16223,MR.,CARLOS,COLLINS,5/18/1953,M,M,carlos28@adventure-works.com,"$30,000 ",1,Bachelors,Skilled Manual,Y
16224,MR.,JACOB,MARTINEZ,7/20/1953,M,M,jacob13@adventure-works.com,"$30,000 ",1,Bachelors,Skilled Manual,Y
16225,MR.,WYATT,NELSON,10/12/1953,M,M,wyatt38@adventure-works.com,"$30,000 ",1,Bachelors,Skilled Manual,Y
16226,MRS.,MARIA,BLUE,5/23/1953,M,F,maria7@adventure-works.com,"$30,000 ",1,Partial College,Clerical,Y
16227,MR.,ERIC,LOPEZ,6/18/1954,M,M,eric53@adventure-works.com,"$30,000 ",1,High School,Clerical,Y
16228,MR.,RAFAEL,ZHU,12/27/1955,M,M,rafael15@adventure-works.com,"$40,000 ",1,Partial College,Clerical,Y
16229,MR.,WAYNE,CHANDE,5/20/1955,M,M,wayne17@adventure-works.com,"$40,000 ",1,Partial College,Clerical,Y
16230,MR.,CRAIG,BLANCO,5/4/1955,M,M,craig15@adventure-works.com,"$40,000 ",1,Partial College,Clerical,Y
16231,MRS.,DANA,MARTIN,11/9/1955,M,F,dana16@adventure-works.com,"$40,000 ",1,Partial College,Clerical,Y
16232,MR.,CHASE,RICHARDSON,10/6/1955,M,M,chase9@adventure-works.com,"$40,000 ",1,Partial College,Clerical,Y
16233,MRS.,REBECCA,KING,3/25/1955,S,F,rebecca20@adventure-works.com,"$80,000 ",5,Graduate Degree,Skilled Manual,Y
16234,MR.,WYATT,MARTIN,5/7/1956,M,M,wyatt15@adventure-works.com,"$40,000 ",1,Partial College,Clerical,Y
16235,MR.,SEBASTIAN,MORRIS,2/17/1956,M,M,sebastian17@adventure-works.com,"$40,000 ",1,Partial College,Clerical,Y
16236,MR.,NICHOLAS,MARTINEZ,12/16/1956,M,M,nicholas18@adventure-works.com,"$40,000 ",1,Partial College,Clerical,Y
16237,MRS.,ERIN,JAMES,1/12/1957,M,F,erin12@adventure-works.com,"$40,000 ",1,Partial College,Clerical,Y
16238,MRS.,ANN,ARUN,12/2/1957,M,F,ann12@adventure-works.com,"$40,000 ",1,Partial College,Clerical,Y
16239,MR.,GABRIEL,NELSON,12/1/1957,M,M,gabriel40@adventure-works.com,"$40,000 ",1,Partial College,Clerical,Y
16240,MRS.,MADELINE,GREEN,2/15/1958,S,F,madeline14@adventure-works.com,"$80,000 ",4,Graduate Degree,Skilled Manual,Y
16241,MRS.,ISABEL,BUTLER,10/8/1958,S,F,isabel13@adventure-works.com,"$80,000 ",4,Graduate Degree,Skilled Manual,Y
16242,MRS.,MEGAN,GARCIA,2/24/1958,S,F,megan19@adventure-works.com,"$80,000 ",4,Graduate Degree,Skilled Manual,Y
16243,MRS.,MARIA,JAMES,6/25/1958,S,F,maria18@adventure-works.com,"$80,000 ",4,Graduate Degree,Skilled Manual,Y
16244,MR.,GREGORY,KUMAR,12/19/1958,M,M,gregory12@adventure-works.com,"$80,000 ",4,Graduate Degree,Skilled Manual,Y
16245,MRS.,ALEXANDRA,GRIFFIN,9/25/1958,S,F,alexandra42@adventure-works.com,"$80,000 ",4,Graduate Degree,Skilled Manual,Y
16246,MR.,LUCAS,SIMMONS,11/26/1958,S,M,lucas63@adventure-works.com,"$80,000 ",4,Graduate Degree,Skilled Manual,Y
16247,MRS.,ANNA,BROWN,5/3/1959,S,F,anna65@adventure-works.com,"$60,000 ",4,Graduate Degree,Skilled Manual,Y
16248,MRS.,ALYSSA,ROSS,2/28/1959,S,F,alyssa50@adventure-works.com,"$60,000 ",4,Graduate Degree,Skilled Manual,Y
16249,MR.,JESSE,RIVERA,12/5/1959,M,M,jesse17@adventure-works.com,"$60,000 ",4,Graduate Degree,Skilled Manual,N
16250,MR.,BRENDAN,RAJE,5/21/1968,S,M,brendan12@adventure-works.com,"$40,000 ",0,Graduate Degree,Clerical,Y
16251,MRS.,MAKAYLA,HOWARD,3/12/1967,S,F,makayla10@adventure-works.com,"$10,000 ",3,High School,Manual,Y
16252,MR.,DANNY,JIMÉNEZ,9/22/1967,S,M,danny6@adventure-works.com,"$10,000 ",3,Partial High School,Manual,Y
16253,MRS.,BETHANY,LAL,9/3/1967,S,F,bethany12@adventure-works.com,"$20,000 ",1,Partial College,Manual,N
16254,MRS.,MARIA,MORRIS,8/21/1967,S,F,maria2@adventure-works.com,"$20,000 ",1,Partial College,Manual,N
16255,MRS.,TAYLOR,RUSSELL,8/22/1967,S,F,taylor44@adventure-works.com,"$20,000 ",1,Partial College,Manual,N
16256,MR.,RICHARD,COLLINS,7/17/1967,M,M,richard39@adventure-works.com,"$20,000 ",1,Partial College,Manual,Y
16257,MRS.,MICHELE,CHANDRA,10/18/1967,M,F,michele57@adventure-works.com,"$20,000 ",1,High School,Manual,Y
16258,MRS.,DEANNA,MALHOTRA,11/3/1967,S,F,deanna8@adventure-works.com,"$30,000 ",1,Bachelors,Clerical,N
16259,MRS.,EBONY,SAI,4/21/1966,S,F,ebony5@adventure-works.com,"$10,000 ",4,Partial High School,Manual,Y
16260,MRS.,GINA,SCHMIDT,2/20/1966,S,F,gina20@adventure-works.com,"$20,000 ",1,High School,Manual,N
16261,MS.,DIANA,NAVARRO,8/10/1967,M,F,diana9@adventure-works.com,"$40,000 ",0,Bachelors,Clerical,Y
16262,MS.,KATHRYN,XIE,11/19/1967,M,F,kathryn3@adventure-works.com,"$40,000 ",0,Bachelors,Clerical,Y
16263,MR.,EDUARDO,ROBINSON,6/11/1967,M,M,eduardo17@adventure-works.com,"$40,000 ",0,Bachelors,Clerical,Y
16264,MRS.,JENNIFER,HOWARD,4/22/1928,M,F,jennifer65@adventure-works.com,"$10,000 ",4,High School,Manual,N
16265,MRS.,JULIE,GOEL,6/19/1966,M,F,julie21@adventure-works.com,"$30,000 ",1,Bachelors,Clerical,Y
16266,MRS.,ALISHA,YANG,4/18/1966,M,F,alisha5@adventure-works.com,"$30,000 ",1,Bachelors,Skilled Manual,Y
16267,MR.,EDWIN,CHEN,10/23/1966,M,M,edwin2@adventure-works.com,"$30,000 ",1,Bachelors,Skilled Manual,Y
16268,MRS.,LINDSEY,KUMAR,11/20/1966,M,F,lindsey8@adventure-works.com,"$30,000 ",1,Bachelors,Skilled Manual,Y
16269,MRS.,TARA,NATH,2/25/1966,M,F,tara19@adventure-works.com,"$30,000 ",1,Bachelors,Skilled Manual,Y
16270,MR.,JEROME,HERNANDEZ,6/10/1966,M,M,jerome4@adventure-works.com,"$30,000 ",1,Bachelors,Skilled Manual,Y
16271,MRS.,MICHELE,GUTIERREZ,6/13/1965,S,F,michele44@adventure-works.com,"$20,000 ",2,High School,Manual,Y
16272,MR.,RAUL,DENG,8/7/1965,S,M,raul2@adventure-works.com,"$20,000 ",2,High School,Manual,Y
16273,MRS.,MARIE,MARTINEZ,5/14/1965,M,F,marie19@adventure-works.com,"$30,000 ",1,Bachelors,Skilled Manual,Y
16274,MR.,ROSS,DIAZ,3/16/1964,M,M,ross23@adventure-works.com,"$10,000 ",3,Partial High School,Manual,N
16275,MRS.,DEBORAH,MCDONALD,1/1/1964,M,F,deborah10@adventure-works.com,"$20,000 ",2,High School,Manual,N
16276,MRS.,BRANDI,CARLSON,3/5/1964,S,F,brandi17@adventure-works.com,"$20,000 ",3,High School,Manual,Y
16277,MRS.,CHRISTY,LUO,9/28/1964,M,F,christy24@adventure-works.com,"$30,000 ",1,Bachelors,Skilled Manual,Y
16278,MR.,ANGEL,TURNER,6/23/1964,M,M,angel27@adventure-works.com,"$30,000 ",2,Partial College,Manual,N
16279,MRS.,VICTORIA,PATTERSON,6/25/1963,S,F,victoria58@adventure-works.com,"$10,000 ",3,Partial High School,Manual,Y
16280,MR.,GLENN,MA,8/19/1963,S,M,glenn17@adventure-works.com,"$10,000 ",3,Partial High School,Manual,Y
16281,MR.,GILBERT,LUO,1/6/1963,S,M,gilbert27@adventure-works.com,"$10,000 ",3,Partial High School,Manual,Y
16282,MRS.,KRISTINE,SUAREZ,9/1/1963,S,F,kristine20@adventure-works.com,"$20,000 ",3,High School,Manual,Y
16283,MR.,CLAYTON,RAJI,9/13/1963,S,M,clayton39@adventure-works.com,"$20,000 ",3,High School,Manual,Y
16284,MR.,TROY,PEREZ,6/11/1963,S,M,troy23@adventure-works.com,"$20,000 ",3,High School,Manual,Y
16285,MS.,MINDY,XIE,11/2/1966,M,F,mindy7@adventure-works.com,"$40,000 ",0,Bachelors,Professional,N
16286,MR.,BILLY,TORRES,11/24/1966,M,M,billy13@adventure-works.com,"$40,000 ",0,Bachelors,Professional,Y
16287,MS.,LAURA,XU,11/3/1966,M,F,laura18@adventure-works.com,"$40,000 ",0,Bachelors,Professional,Y
16288,MR.,EDWIN,SHEN,8/24/1963,M,M,edwin24@adventure-works.com,"$30,000 ",2,Partial College,Clerical,N
16289,MRS.,JULIE,PAL,9/24/1965,S,F,julie17@adventure-works.com,"$30,000 ",2,Partial College,Clerical,Y
16290,MR.,RUSSELL,NATH,10/23/1965,S,M,russell21@adventure-works.com,"$30,000 ",2,Partial College,Clerical,Y
16291,MRS.,LINDSEY,LAL,1/6/1964,S,F,lindsey9@adventure-works.com,"$30,000 ",2,Partial College,Clerical,Y
16292,MRS.,CARLY,LAL,5/4/1964,M,F,carly8@adventure-works.com,"$40,000 ",1,Bachelors,Skilled Manual,Y
16293,MR.,SEAN,ADAMS,11/12/1964,M,M,sean47@adventure-works.com,"$40,000 ",1,Bachelors,Skilled Manual,Y
16294,MR.,STEVE,HU,6/24/1964,M,M,steve23@adventure-works.com,"$40,000 ",1,Bachelors,Skilled Manual,Y
16295,MR.,ROGER,XU,11/14/1963,S,M,roger17@adventure-works.com,"$30,000 ",2,Partial College,Clerical,Y
16296,MRS.,SYDNEY,WHITE,12/21/1963,M,F,sydney75@adventure-works.com,"$30,000 ",3,Partial College,Clerical,N
16297,MRS.,DEANNA,GARCIA,9/12/1963,M,F,deanna18@adventure-works.com,"$40,000 ",1,Bachelors,Skilled Manual,Y
16298,MRS.,ADRIENNE,SANZ,5/16/1963,M,F,adrienne16@adventure-works.com,"$40,000 ",1,Bachelors,Skilled Manual,Y
16299,MS.,ALISON,TANG,11/24/1977,S,F,alison3@adventure-works.com,"$20,000 ",0,High School,Manual,N
16300,MR.,ORLANDO,MARTIN,11/10/1977,S,M,orlando1@adventure-works.com,"$20,000 ",0,High School,Manual,N
16301,MR.,OMAR,CAI,2/6/1977,S,M,omar20@adventure-works.com,"$20,000 ",0,High School,Manual,N
16302,MRS.,ROSA,ZENG,11/12/1979,S,F,rosa22@adventure-works.com,"$20,000 ",4,High School,Manual,Y
16303,MRS.,TRACY,YUAN,9/7/1979,S,F,tracy6@adventure-works.com,"$20,000 ",5,High School,Manual,Y
16304,MR.,JUSTIN,MOORE,10/16/1979,S,M,justin39@adventure-works.com,"$20,000 ",5,High School,Manual,Y
16305,MR.,STANLEY,GONZALEZ,9/23/1979,S,M,stanley20@adventure-works.com,"$30,000 ",3,Partial College,Clerical,Y
16307,MRS.,KELLI,SUN,6/7/1963,M,F,kelli14@adventure-works.com,"$40,000 ",1,Bachelors,Skilled Manual,Y
16308,MRS.,SHEENA,CHANDER,4/27/1963,M,F,sheena14@adventure-works.com,"$40,000 ",1,Bachelors,Skilled Manual,Y
16309,MRS.,DESIREE,ORTEGA,9/21/1962,M,F,desiree18@adventure-works.com,"$40,000 ",1,Bachelors,Skilled Manual,Y
16310,MRS.,DIANA,RUBIO,3/4/1962,M,F,diana20@adventure-works.com,"$40,000 ",1,Bachelors,Skilled Manual,Y
16311,MR.,CARL,BECK,10/10/1962,M,M,carl19@adventure-works.com,"$40,000 ",1,Bachelors,Skilled Manual,Y
16312,MRS.,BETHANY,BECK,1/20/1978,S,F,bethany1@adventure-works.com,"$30,000 ",3,Partial College,Clerical,Y
16313,MRS.,HAILEY,RUSSELL,3/26/1978,S,F,hailey40@adventure-works.com,"$30,000 ",4,Partial College,Clerical,Y
16314,MR.,GABRIEL,ROSS,4/24/1978,S,M,gabriel1@adventure-works.com,"$30,000 ",4,Partial College,Clerical,Y
16315,MR.,GARRETT,RICHARDSON,7/22/1977,S,M,garrett14@adventure-works.com,"$30,000 ",5,Partial College,Clerical,Y
16316,MS.,KELLI,HU,10/24/1977,S,F,kelli20@adventure-works.com,"$30,000 ",0,Partial College,Clerical,N
16317,MR.,JOEL,RAMAN,9/23/1977,S,M,joel11@adventure-works.com,"$30,000 ",0,Partial College,Clerical,N
16318,MS.,KELLIE,MORENO,6/8/1977,S,F,kellie5@adventure-works.com,"$30,000 ",0,Partial College,Clerical,N
16319,MS.,JOY,ORTEGA,11/21/1976,S,F,joy19@adventure-works.com,"$20,000 ",0,High School,Manual,Y
16320,MS.,RACHEL,SIMMONS,3/4/1976,S,F,rachel63@adventure-works.com,"$20,000 ",0,High School,Manual,N
16321,MS.,RUTH,MALHOTRA,10/25/1974,M,F,ruth9@adventure-works.com,"$10,000 ",0,Partial High School,Manual,Y
16322,MS.,GLORIA,DOMINGUEZ,9/17/1974,S,F,gloria13@adventure-works.com,"$10,000 ",0,Partial High School,Manual,Y
16323,MR.,DUSTIN,RAJE,4/5/1975,S,M,dustin14@adventure-works.com,"$30,000 ",0,Partial College,Clerical,Y
16324,MR.,JUAN,ROMERO,3/19/1975,M,M,juan1@adventure-works.com,"$40,000 ",1,Bachelors,Skilled Manual,Y
16325,MRS.,EMMA,WILLIAMS,9/10/1913,S,F,emma1@adventure-works.com,"$30,000 ",1,Partial College,Clerical,Y
16326,MR.,JÉSUS,ROMERO,1/17/1973,S,M,jésus8@adventure-works.com,"$10,000 ",0,Partial High School,Manual,N
16327,MR.,DARREN,DIAZ,3/6/1973,S,M,darren24@adventure-works.com,"$20,000 ",0,Partial High School,Manual,N
16328,MR.,MAURICE,RAI,2/15/1973,S,M,maurice18@adventure-works.com,"$20,000 ",0,Partial High School,Manual,Y
16329,MS.,JAMIE,YE,12/13/1973,S,F,jamie12@adventure-works.com,"$20,000 ",0,Partial High School,Manual,N
16330,MR.,LUKE,SIMMONS,7/6/1973,S,M,luke4@adventure-works.com,"$30,000 ",0,Partial College,Clerical,Y
16331,MS.,ERIN,RICHARDSON,3/12/1977,S,F,erin14@adventure-works.com,"$40,000 ",0,Partial High School,Clerical,N
16332,MRS.,JOAN,VAZQUEZ,10/4/1948,M,F,joan17@adventure-works.com,"$10,000 ",2,Partial High School,Clerical,N
16333,MR.,CALEB,HILL,2/21/1977,M,M,caleb43@adventure-works.com,"$30,000 ",0,Partial College,Skilled Manual,N
16334,MS.,NATALIE,BAILEY,12/12/1977,S,F,natalie9@adventure-works.com,"$30,000 ",0,Partial College,Skilled Manual,N
16335,MS.,KRISTEN,LU,8/25/1977,S,F,kristen10@adventure-works.com,"$30,000 ",0,Partial College,Skilled Manual,Y
16336,MR.,JONATHAN,WRIGHT,6/8/1977,M,M,jonathan51@adventure-works.com,"$60,000 ",0,Partial College,Skilled Manual,Y
16337,MR.,JOSE,WHITE,7/6/1977,M,M,jose74@adventure-works.com,"$60,000 ",0,Partial College,Skilled Manual,N
16338,MRS.,BARBARA,ZHANG,3/18/1949,M,F,barbara10@adventure-works.com,"$20,000 ",2,Partial High School,Clerical,Y
16339,MR.,SETH,DAVIS,5/2/1950,M,M,seth5@adventure-works.com,"$30,000 ",3,Partial College,Clerical,N
16340,MR.,SEAN,MITCHELL,12/24/1980,S,M,sean43@adventure-works.com,"$20,000 ",0,Partial College,Skilled Manual,N
16341,MRS.,LACEY,RAJI,11/26/1951,M,F,lacey10@adventure-works.com,"$30,000 ",3,High School,Skilled Manual,N
16342,MR.,GREGORY,JAI,4/9/1951,M,M,gregory14@adventure-works.com,"$30,000 ",3,High School,Skilled Manual,N
16343,MR.,JOEL,MALHOTRA,8/24/1951,M,M,joel4@adventure-works.com,"$30,000 ",3,High School,Skilled Manual,N
16344,MR.,XAVIER,KING,5/18/1980,S,M,xavier25@adventure-works.com,"$70,000 ",0,Partial College,Skilled Manual,N
16345,MR.,FRANCIS,RAMOS,10/24/1953,M,M,francis15@adventure-works.com,"$40,000 ",3,Partial College,Skilled Manual,Y
16346,MR.,MARC,NAVARRO,6/14/1953,M,M,marc14@adventure-works.com,"$40,000 ",3,Partial College,Skilled Manual,N
16347,MR.,RAUL,SHARMA,6/3/1953,M,M,raul8@adventure-works.com,"$70,000 ",2,Graduate Degree,Management,Y
16348,MR.,ROY,RAMAN,7/4/1954,M,M,roy12@adventure-works.com,"$80,000 ",2,Partial College,Skilled Manual,Y
16349,MR.,LEVI,SAI,4/15/1954,S,M,levi5@adventure-works.com,"$80,000 ",2,Partial College,Skilled Manual,N
16350,MR.,FERNANDO,THOMPSON,2/14/1954,S,M,fernando14@adventure-works.com,"$80,000 ",2,Partial College,Skilled Manual,Y
16351,MRS.,MARTHA,XU,7/7/1954,S,F,martha12@adventure-works.com,"$80,000 ",2,Partial College,Skilled Manual,N
16352,MRS.,TIFFANY,GAO,8/6/1954,S,F,tiffany15@adventure-works.com,"$80,000 ",2,Partial College,Skilled Manual,Y
16353,MR.,ALEJANDRO,XU,11/7/1975,M,M,alejandro31@adventure-works.com,"$30,000 ",0,Partial College,Skilled Manual,Y
16354,MS.,JANET,TORRES,2/7/1975,S,F,janet30@adventure-works.com,"$30,000 ",0,High School,Skilled Manual,N
16355,MS.,SAM,FOSTER,6/27/1975,S,F,sam2@adventure-works.com,"$30,000 ",0,High School,Skilled Manual,Y
16356,MS.,SOPHIA,BAKER,12/18/1975,M,F,sophia15@adventure-works.com,"$60,000 ",0,Partial College,Skilled Manual,Y
16357,MS.,MARGARET,RUSSELL,9/16/1974,S,F,margaret5@adventure-works.com,"$30,000 ",0,High School,Skilled Manual,Y
16358,MR.,SAMUEL,JAI,1/8/1974,M,M,samuel29@adventure-works.com,"$30,000 ",0,High School,Skilled Manual,Y
16359,MRS.,SHELBY,RICHARDSON,3/11/1954,M,F,shelby10@adventure-works.com,"$30,000 ",1,High School,Clerical,Y
16360,MR.,JUSTIN,GARCIA,8/2/1954,M,M,justin44@adventure-works.com,"$30,000 ",1,High School,Clerical,Y
16361,MR.,WYATT,WHITE,5/10/1955,M,M,wyatt13@adventure-works.com,"$40,000 ",1,Partial College,Clerical,Y
16362,MR.,JOSHUA,SMITH,5/2/1955,M,M,joshua2@adventure-works.com,"$40,000 ",1,Partial College,Clerical,Y
16363,MRS.,MELANIE,RAMIREZ,3/3/1955,M,F,melanie32@adventure-works.com,"$40,000 ",1,Partial College,Clerical,Y
16364,MRS.,SHAWNA,YUAN,5/11/1955,M,F,shawna7@adventure-works.com,"$40,000 ",1,Partial College,Clerical,Y
16365,MRS.,JENNA,YOUNG,7/19/1955,M,F,jenna23@adventure-works.com,"$40,000 ",1,Partial College,Clerical,Y
16366,MRS.,ISABELLE,HENDERSON,7/9/1955,M,F,isabelle5@adventure-works.com,"$40,000 ",1,Partial College,Clerical,Y
16367,MRS.,EMILY,WILLIAMS,6/1/1955,S,F,emily2@adventure-works.com,"$80,000 ",5,Graduate Degree,Skilled Manual,Y
16368,MRS.,LAUREN,WILLIAMS,11/8/1955,S,F,lauren20@adventure-works.com,"$80,000 ",5,Graduate Degree,Skilled Manual,Y
16369,MRS.,ISABEL,POWELL,8/26/1956,M,F,isabel9@adventure-works.com,"$40,000 ",1,Partial College,Clerical,Y
16370,MRS.,MOLLY,GONZALEZ,1/26/1956,M,F,molly17@adventure-works.com,"$40,000 ",1,Partial College,Clerical,Y
16371,MR.,CALEB,DIAZ,3/14/1956,M,M,caleb18@adventure-works.com,"$40,000 ",1,Partial College,Clerical,Y
16372,MRS.,VANESSA,FOSTER,8/5/1957,M,F,vanessa17@adventure-works.com,"$40,000 ",1,Partial College,Clerical,Y
16373,MRS.,SARA,COOK,4/22/1957,M,F,sara23@adventure-works.com,"$40,000 ",1,Partial College,Clerical,Y
16374,MR.,EDWARD,PHILLIPS,12/15/1957,M,M,edward17@adventure-works.com,"$40,000 ",1,Partial College,Clerical,Y
16375,MRS.,GABRIELLA,HERNANDEZ,8/23/1957,M,F,gabriella42@adventure-works.com,"$40,000 ",1,Partial College,Clerical,Y
16376,MRS.,MARIA,WRIGHT,12/7/1957,M,F,maria61@adventure-works.com,"$40,000 ",1,Partial College,Clerical,Y
16377,MRS.,JORDAN,ADAMS,9/25/1958,S,F,jordan44@adventure-works.com,"$80,000 ",4,Graduate Degree,Skilled Manual,N
16378,MRS.,HAILEY,BAKER,3/18/1958,S,F,hailey56@adventure-works.com,"$80,000 ",4,Graduate Degree,Skilled Manual,N
16379,MR.,MARC,JIMENEZ,9/25/1958,M,M,marc9@adventure-works.com,"$80,000 ",4,Graduate Degree,Skilled Manual,N
16380,MRS.,MARIAH,TORRES,10/24/1958,S,F,mariah28@adventure-works.com,"$80,000 ",4,Graduate Degree,Skilled Manual,Y
16381,MRS.,KAYLA,DAVIS,6/3/1958,S,F,kayla5@adventure-works.com,"$80,000 ",4,Graduate Degree,Skilled Manual,Y
16382,MRS.,JENNIFER,DAVIS,6/3/1958,S,F,jennifer33@adventure-works.com,"$80,000 ",4,Graduate Degree,Skilled Manual,N
16383,MR.,BRIAN,KELLY,4/27/1958,S,M,brian14@adventure-works.com,"$80,000 ",4,Graduate Degree,Skilled Manual,Y
16384,MRS.,JADA,REED,5/23/1959,S,F,jada12@adventure-works.com,"$60,000 ",4,Graduate Degree,Skilled Manual,Y
16385,MR.,JAMES,PEREZ,12/17/1959,M,M,james62@adventure-works.com,"$60,000 ",4,Graduate Degree,Skilled Manual,Y
16386,MR.,PHILIP,MOYER,9/15/1968,S,M,philip7@adventure-works.com,"$20,000 ",1,Partial College,Manual,N
16387,MR.,DOUGLAS,VANCE,10/25/1968,M,M,douglas7@adventure-works.com,"$20,000 ",1,Partial College,Manual,Y
16388,MR.,JAY,TORRES,11/26/1968,M,M,jay41@adventure-works.com,"$30,000 ",1,Bachelors,Clerical,Y
16389,MR.,ARTURO,SHEN,10/4/1968,S,M,arturo26@adventure-works.com,"$30,000 ",1,Bachelors,Clerical,Y
16390,MR.,MARIO,NATH,2/26/1968,S,M,mario17@adventure-works.com,"$30,000 ",1,Bachelors,Clerical,N
16391,MR.,SERGIO,SURI,11/4/1968,S,M,sergio0@adventure-works.com,"$30,000 ",1,Bachelors,Clerical,N
16392,MS.,KARI,RAMAN,10/9/1968,M,F,kari12@adventure-works.com,"$40,000 ",0,Graduate Degree,Clerical,Y
16393,MR.,XAVIER,EDWARDS,7/13/1968,M,M,xavier41@adventure-works.com,"$40,000 ",0,Graduate Degree,Clerical,Y
16394,MR.,BRYAN,BELL,6/7/1967,S,M,bryan14@adventure-works.com,"$10,000 ",3,High School,Manual,Y
16395,MRS.,TARA,PAL,12/8/1967,M,F,tara12@adventure-works.com,"$10,000 ",3,High School,Manual,N
16396,MR.,KEITH,RAI,4/17/1967,S,M,keith21@adventure-works.com,"$10,000 ",4,Partial High School,Manual,Y
16397,MR.,ANDY,NAVARRO,4/14/1967,M,M,andy14@adventure-works.com,"$20,000 ",1,Partial College,Manual,Y
16398,MR.,EMMANUEL,RANA,12/14/1967,S,M,emmanuel10@adventure-works.com,"$20,000 ",1,High School,Manual,N
16399,MR.,ARTURO,XU,10/17/1967,S,M,arturo29@adventure-works.com,"$30,000 ",1,Bachelors,Clerical,N
16400,MR.,THEODORE,RAMOS,3/10/1967,M,M,theodore18@adventure-works.com,"$30,000 ",1,Bachelors,Clerical,Y
16401,MRS.,MARGARET,GAO,9/9/1967,S,F,margaret21@adventure-works.com,"$30,000 ",1,Bachelors,Clerical,N
16402,MR.,ALEXANDER,MARTIN,10/3/1967,S,M,alexander18@adventure-works.com,"$30,000 ",1,Bachelors,Clerical,N
16403,MR.,BYRON,SUAREZ,10/19/1966,M,M,byron13@adventure-works.com,"$20,000 ",1,High School,Manual,Y
16404,MR.,RAUL,NARA,7/6/1967,M,M,raul14@adventure-works.com,"$40,000 ",0,Bachelors,Clerical,Y
16405,MS.,ADRIANA,SAI,4/8/1967,M,F,adriana6@adventure-works.com,"$40,000 ",0,Bachelors,Clerical,Y
16406,MR.,DAKOTA,HENDERSON,11/14/1967,M,M,dakota4@adventure-works.com,"$40,000 ",0,Bachelors,Clerical,N
16408,MR.,ARTHUR,MADAN,2/8/1965,M,M,arthur9@adventure-works.com,"$30,000 ",1,Bachelors,Skilled Manual,Y
16409,MRS.,EBONY,MORENO,10/17/1965,M,F,ebony29@adventure-works.com,"$30,000 ",1,Bachelors,Skilled Manual,Y
16410,MRS.,JOY,NAVARRO,10/19/1964,S,F,joy11@adventure-works.com,"$10,000 ",4,Partial High School,Manual,Y
16411,MR.,STANLEY,SANCHEZ,8/21/1964,S,M,stanley22@adventure-works.com,"$10,000 ",3,Partial High School,Manual,Y
16412,MRS.,LEAH,LIANG,6/11/1964,S,F,leah13@adventure-works.com,"$10,000 ",3,Partial High School,Manual,Y
16413,MRS.,JULIA,GONZALEZ,5/7/1931,M,F,julia14@adventure-works.com,"$10,000 ",4,High School,Manual,N
16414,MRS.,KELLY,FLORES,6/17/1964,S,F,kelly17@adventure-works.com,"$10,000 ",3,Partial High School,Manual,Y
16415,MR.,ANDRE,PATEL,6/17/1964,S,M,andre3@adventure-works.com,"$20,000 ",3,High School,Manual,Y
16416,MR.,BRIAN,RIVERA,5/17/1964,S,M,brian28@adventure-works.com,"$30,000 ",2,Partial College,Manual,Y
16417,MR.,NOAH,BRYANT,9/1/1964,S,M,noah15@adventure-works.com,"$30,000 ",2,Partial College,Manual,Y
16418,MRS.,KATRINA,RAI,8/26/1963,S,F,katrina16@adventure-works.com,"$10,000 ",3,Partial High School,Manual,Y
16419,MRS.,LACEY,SIMPSON,6/23/1963,M,F,lacey38@adventure-works.com,"$20,000 ",3,High School,Manual,N
16420,MR.,EDDIE,ALONSO,11/19/1963,S,M,eddie8@adventure-works.com,"$20,000 ",3,High School,Manual,Y
16421,MRS.,NATASHA,DIAZ,10/10/1963,S,F,natasha3@adventure-works.com,"$20,000 ",3,High School,Manual,Y
16422,MR.,KURT,XU,3/27/1963,S,M,kurt4@adventure-works.com,"$20,000 ",3,High School,Manual,Y
16423,MR.,SERGIO,MADAN,5/23/1933,S,M,sergio8@adventure-works.com,"$10,000 ",4,High School,Manual,Y
16424,MS.,BRANDI,DIAZ,7/18/1966,M,F,brandi3@adventure-works.com,"$40,000 ",0,Bachelors,Professional,N
16425,MS.,LISA,LU,2/15/1966,M,F,lisa15@adventure-works.com,"$40,000 ",0,Bachelors,Professional,Y
16426,MR.,JORGE,YE,7/11/1966,M,M,jorge11@adventure-works.com,"$40,000 ",0,Bachelors,Professional,Y
16427,MS.,KENDRA,ALONSO,3/15/1966,S,F,kendra8@adventure-works.com,"$60,000 ",0,Graduate Degree,Skilled Manual,Y
16428,MR.,RYAN,ROSS,3/28/1963,S,M,ryan6@adventure-works.com,"$20,000 ",4,High School,Manual,Y
16429,MRS.,JACLYN,LUO,10/16/1962,M,F,jaclyn29@adventure-works.com,"$30,000 ",1,Partial College,Clerical,Y
16430,MR.,FRANKLIN,RAI,8/7/1965,S,M,franklin34@adventure-works.com,"$30,000 ",2,Partial College,Clerical,Y
16431,MR.,JERMAINE,RODRIGUEZ,9/3/1965,S,M,jermaine18@adventure-works.com,"$30,000 ",2,Partial College,Clerical,Y
16432,MR.,JOHN,GARCIA,8/8/1964,S,M,john35@adventure-works.com,"$30,000 ",2,Partial College,Clerical,Y
16433,MR.,MATHEW,DOMINGUEZ,5/27/1964,M,M,mathew8@adventure-works.com,"$30,000 ",2,Partial College,Clerical,N
16434,MRS.,TAYLOR,BAILEY,10/4/1964,M,F,taylor9@adventure-works.com,"$40,000 ",1,Bachelors,Skilled Manual,Y
16435,MR.,STEVEN,COOPER,7/9/1964,M,M,steven18@adventure-works.com,"$40,000 ",1,Bachelors,Skilled Manual,Y
16436,MR.,ETHAN,HENDERSON,8/15/1963,S,M,ethan1@adventure-works.com,"$30,000 ",2,Partial College,Clerical,Y
16437,MR.,JÉSUS,GUTIERREZ,10/24/1977,S,M,jésus10@adventure-works.com,"$20,000 ",0,High School,Manual,N
16438,MS.,KAITLIN,ARTHUR,7/17/1976,M,F,kaitlin6@adventure-works.com,"$10,000 ",0,Partial High School,Manual,N
16439,MRS.,DAWN,DENG,10/26/1979,S,F,dawn25@adventure-works.com,"$20,000 ",4,High School,Manual,Y
16440,MR.,JIMMY,MARTIN,12/4/1979,S,M,jimmy2@adventure-works.com,"$20,000 ",4,High School,Manual,Y
16441,MR.,JASON,YOUNG,3/12/1979,M,M,jason45@adventure-works.com,"$20,000 ",5,High School,Manual,N
16442,MR.,LUKE,GONZALEZ,8/27/1979,S,M,luke40@adventure-works.com,"$30,000 ",3,Partial College,Clerical,Y
16443,MRS.,DAWN,GAO,3/8/1979,S,F,dawn17@adventure-works.com,"$30,000 ",3,Partial College,Clerical,Y
16444,MRS.,ERIKA,CARLSON,10/23/1963,M,F,erika15@adventure-works.com,"$40,000 ",1,Bachelors,Skilled Manual,Y
16445,MRS.,CAITLIN,WARD,6/13/1962,S,F,caitlin10@adventure-works.com,"$30,000 ",1,Partial College,Clerical,Y
16446,MRS.,KRISTINE,MUNOZ,5/12/1962,M,F,kristine8@adventure-works.com,"$30,000 ",1,Partial College,Clerical,Y
16447,MRS.,KATE,BECKER,12/9/1962,M,F,kate17@adventure-works.com,"$40,000 ",1,Bachelors,Skilled Manual,Y
16448,MRS.,CHERYL,MARTIN,2/2/1962,M,F,cheryl2@adventure-works.com,"$40,000 ",1,Bachelors,Skilled Manual,Y
16449,MR.,CASEY,BROWNING,2/14/1978,S,M,casey39@adventure-works.com,"$30,000 ",4,Partial College,Clerical,Y
16450,MRS.,REBEKAH,GUTIERREZ,8/15/1977,S,F,rebekah31@adventure-works.com,"$30,000 ",5,Partial College,Clerical,Y
16451,MR.,KARL,STONE,9/5/1977,S,M,karl0@adventure-works.com,"$30,000 ",0,Partial College,Clerical,N
16453,MS.,MAYRA,CHANDRA,4/9/1977,S,F,mayra1@adventure-works.com,"$30,000 ",0,Partial College,Clerical,N
16454,MR.,MARCO,SURI,6/5/1977,M,M,marco0@adventure-works.com,"$30,000 ",0,Partial College,Clerical,N
16455,MRS.,DEB,MORENO,8/13/1911,M,F,deb3@adventure-works.com,"$10,000 ",4,High School,Manual,N
16456,MR.,LARRY,NAVARRO,7/13/1975,S,M,larry12@adventure-works.com,"$20,000 ",0,High School,Manual,N
16457,MS.,KATHLEEN,MARTIN,2/19/1976,S,F,kathleen2@adventure-works.com,"$20,000 ",0,Partial High School,Manual,N
16458,MS.,MICHELE,RUIZ,12/19/1976,S,F,michele37@adventure-works.com,"$30,000 ",0,Partial College,Clerical,N
16459,MS.,CAROLYN,KAPOOR,4/17/1976,M,F,carolyn2@adventure-works.com,"$30,000 ",0,Partial College,Clerical,N
16460,MS.,JODI,XU,11/17/1976,S,F,jodi5@adventure-works.com,"$30,000 ",0,Partial College,Clerical,N
16461,MS.,ROSA,WU,2/6/1976,S,F,rosa7@adventure-works.com,"$30,000 ",0,Partial College,Clerical,N
16462,MS.,MARISSA,GONZALES,4/17/1975,S,F,marissa14@adventure-works.com,"$20,000 ",0,Partial High School,Manual,N
16463,,ANNA,MURPHY,10/22/1975,S,NA,anna10@adventure-works.com,"$20,000 ",0,Partial High School,Manual,N
16464,MR.,ALAN,LIU,5/18/1974,S,M,alan8@adventure-works.com,"$10,000 ",0,Partial High School,Manual,Y
16465,MS.,KARA,GOEL,11/1/1974,S,F,kara17@adventure-works.com,"$20,000 ",0,Partial High School,Manual,N
16466,MS.,ALISHA,KUMAR,6/15/1974,S,F,alisha32@adventure-works.com,"$20,000 ",0,Partial High School,Manual,N
16467,MR.,RONALD,SRINI,9/8/1974,S,M,ronald10@adventure-works.com,"$20,000 ",0,Partial High School,Manual,Y
16468,MR.,ORLANDO,DOMINGUEZ,11/18/1975,S,M,orlando12@adventure-works.com,"$30,000 ",0,Partial College,Clerical,Y
16469,MS.,MICHELE,TANG,11/19/1975,S,F,michele4@adventure-works.com,"$30,000 ",0,Partial College,Clerical,Y
16470,MR.,WESLEY,GUO,11/9/1975,M,M,wesley17@adventure-works.com,"$40,000 ",1,Bachelors,Skilled Manual,Y
16471,MRS.,VANESSA,HAYES,8/17/1913,M,F,vanessa23@adventure-works.com,"$10,000 ",4,High School,Manual,N
16472,MS.,OLIVIA,ROBINSON,3/14/1974,S,F,olivia17@adventure-works.com,"$20,000 ",0,Partial High School,Manual,N
16473,MS.,DAWN,ANDERSEN,3/3/1973,S,F,dawn37@adventure-works.com,"$10,000 ",0,Partial High School,Manual,N
16474,MR.,JAY,SERRANO,4/21/1973,M,M,jay46@adventure-works.com,"$10,000 ",0,Partial High School,Manual,N
16475,MR.,KURT,ANAND,12/13/1973,S,M,kurt21@adventure-works.com,"$20,000 ",0,Partial High School,Manual,N
16476,MR.,SHAWN,XIE,12/11/1973,S,M,shawn5@adventure-works.com,"$30,000 ",0,Partial College,Clerical,N
16477,MS.,ANNA,GONZALES,5/4/1977,S,F,anna42@adventure-works.com,"$40,000 ",0,Partial High School,Clerical,N
16478,MR.,ADRIAN,GRAY,1/21/1977,S,M,adrian8@adventure-works.com,"$70,000 ",0,Partial College,Skilled Manual,N
16479,MS.,VICTORIA,BROOKS,5/9/1976,S,F,victoria46@adventure-works.com,"$60,000 ",0,Partial College,Skilled Manual,Y
16480,MR.,ALAN,ZHOU,2/8/1949,M,M,alan12@adventure-works.com,"$20,000 ",2,Partial High School,Clerical,Y
16481,MRS.,MADISON,BRYANT,6/17/1949,S,F,madison30@adventure-works.com,"$20,000 ",2,Partial High School,Clerical,Y
16482,MRS.,TABITHA,ARTHUR,5/15/1950,M,F,tabitha5@adventure-works.com,"$30,000 ",3,Partial College,Clerical,N
16483,MR.,WARREN,JAI,10/17/1950,M,M,warren42@adventure-works.com,"$40,000 ",2,Bachelors,Management,Y
16484,MR.,DUSTIN,LAL,2/7/1950,M,M,dustin8@adventure-works.com,"$40,000 ",2,Partial College,Clerical,N
16485,MR.,IAN,FOSTER,4/23/1980,S,M,ian56@adventure-works.com,"$40,000 ",0,Partial High School,Clerical,Y
16486,MRS.,RACHAEL,MADAN,5/16/1951,M,F,rachael7@adventure-works.com,"$30,000 ",3,High School,Skilled Manual,N
16487,MRS.,BRIANNA,GRIFFIN,5/17/1951,S,F,brianna66@adventure-works.com,"$30,000 ",3,High School,Skilled Manual,Y
16488,MR.,JOEL,RODRIGUEZ,4/28/1951,M,M,joel18@adventure-works.com,"$30,000 ",3,High School,Skilled Manual,Y
16489,MR.,FREDERICK,GARCIA,7/6/1951,M,M,frederick13@adventure-works.com,"$30,000 ",3,High School,Skilled Manual,Y
16490,MS.,MEGAN,ROBINSON,5/17/1980,M,F,megan21@adventure-works.com,"$60,000 ",0,Partial College,Skilled Manual,Y
16492,MR.,THEODORE,SANZ,3/24/1952,M,M,theodore21@adventure-works.com,"$40,000 ",2,Partial College,Clerical,N
16493,MRS.,BRENDA,FERNANDEZ,11/5/1953,M,F,brenda19@adventure-works.com,"$40,000 ",3,Partial College,Skilled Manual,Y
16494,MRS.,JORDYN,SIMMONS,11/25/1954,S,F,jordyn15@adventure-works.com,"$80,000 ",2,Partial College,Skilled Manual,N
16495,MRS.,MONIQUE,RAMOS,8/8/1954,S,F,monique14@adventure-works.com,"$80,000 ",2,Partial College,Skilled Manual,N
16496,MRS.,DAWN,TANG,5/18/1954,S,F,dawn28@adventure-works.com,"$80,000 ",2,Partial College,Skilled Manual,Y
16497,MS.,JULIA,PETERSON,7/7/1975,S,F,julia59@adventure-works.com,"$30,000 ",0,Partial College,Skilled Manual,Y
16498,MR.,HUNTER,JONES,11/9/1975,S,M,hunter62@adventure-works.com,"$30,000 ",0,Partial College,Skilled Manual,Y
16499,MS.,DANIELLE,KELLY,10/17/1975,S,F,danielle5@adventure-works.com,"$30,000 ",0,High School,Skilled Manual,Y
16500,MS.,CHLOE,PERRY,2/20/1975,S,F,chloe74@adventure-works.com,"$30,000 ",0,High School,Skilled Manual,N
16501,MS.,VANESSA,WOOD,7/27/1975,S,F,vanessa2@adventure-works.com,"$30,000 ",0,High School,Skilled Manual,Y
16502,MR.,JACKSON,PARKER,2/13/1975,S,M,jackson29@adventure-works.com,"$30,000 ",0,High School,Skilled Manual,Y
16503,MR.,CHRISTIAN,ANDERSON,3/2/1975,M,M,christian45@adventure-works.com,"$60,000 ",0,Partial College,Skilled Manual,Y
16504,MR.,JUSTIN,RUSSELL,8/5/1974,S,M,justin17@adventure-works.com,"$30,000 ",0,High School,Skilled Manual,N
16505,MS.,ERIN,GRAY,8/7/1974,S,F,erin10@adventure-works.com,"$30,000 ",0,High School,Skilled Manual,Y
16506,MS.,CATHERINE,MURPHY,12/13/1973,M,F,catherine13@adventure-works.com,"$60,000 ",0,Partial College,Skilled Manual,Y
16508,MR.,BRENT,ZHU,8/14/1939,M,M,brent13@adventure-works.com,"$10,000 ",2,Bachelors,Clerical,Y
16509,MRS.,VERONICA,SAI,5/2/1941,M,F,veronica6@adventure-works.com,"$30,000 ",1,Bachelors,Clerical,Y
16510,MR.,BRAD,NARA,12/5/1942,M,M,brad17@adventure-works.com,"$10,000 ",3,Partial College,Manual,Y
16511,MR.,JOE,RAMAN,6/20/1942,M,M,joe15@adventure-works.com,"$30,000 ",1,Bachelors,Clerical,Y
16512,MR.,RICARDO,SHARMA,4/7/1942,S,M,ricardo9@adventure-works.com,"$40,000 ",1,Graduate Degree,Clerical,Y
16513,MR.,RONNIE,WAGNER,5/14/1943,S,M,ronnie1@adventure-works.com,"$10,000 ",3,Partial College,Manual,Y
16514,MR.,MANUEL,FERNANDEZ,1/11/1980,S,M,manuel14@adventure-works.com,"$10,000 ",0,Partial College,Manual,Y
16515,MR.,TROY,SAI,2/4/1980,M,M,troy6@adventure-works.com,"$10,000 ",0,Partial College,Manual,N
16516,MR.,MELVIN,SHE,7/27/1980,M,M,melvin0@adventure-works.com,"$20,000 ",0,Bachelors,Clerical,Y
16517,MRS.,KATRINA,RAJI,3/19/1976,M,F,katrina20@adventure-works.com,"$10,000 ",1,High School,Manual,Y
16518,MRS.,KRYSTAL,HOLT,6/19/1976,S,F,krystal6@adventure-works.com,"$10,000 ",1,High School,Manual,N
16519,MRS.,YOLANDA,CHANDER,8/14/1976,S,F,yolanda14@adventure-works.com,"$10,000 ",1,High School,Manual,N
16520,MRS.,MISTY,RAJI,10/23/1976,M,F,misty23@adventure-works.com,"$10,000 ",1,High School,Manual,Y
16521,MRS.,TONYA,SHE,8/11/1979,S,F,tonya0@adventure-works.com,"$10,000 ",1,High School,Manual,N
16522,MRS.,CASEY,PAL,7/5/1979,M,F,casey13@adventure-works.com,"$10,000 ",1,High School,Manual,Y
16523,MS.,SANDRA,HUANG,1/11/1979,M,F,sandra12@adventure-works.com,"$20,000 ",0,Bachelors,Clerical,Y
16524,MR.,DAMIEN,HUANG,7/24/1979,M,M,damien4@adventure-works.com,"$20,000 ",0,Bachelors,Clerical,Y
16525,MS.,MARTHA,LIANG,5/25/1978,M,F,martha16@adventure-works.com,"$20,000 ",0,Bachelors,Clerical,N
16526,MR.,ARTHUR,PEREZ,10/25/1978,S,M,arthur22@adventure-works.com,"$20,000 ",0,Bachelors,Clerical,Y
16527,MR.,CORY,ARUN,6/20/1978,S,M,cory5@adventure-works.com,"$20,000 ",0,Bachelors,Clerical,Y
16528,MS.,DOMINIQUE,GARCIA,8/25/1978,S,F,dominique12@adventure-works.com,"$20,000 ",0,Bachelors,Clerical,Y
16529,MR.,JONATHON,GUTIERREZ,7/28/1977,M,M,jonathon8@adventure-works.com,"$20,000 ",0,Bachelors,Clerical,Y
16530,MRS.,PRISCILLA,CHANDER,10/18/1943,M,F,priscilla14@adventure-works.com,"$30,000 ",1,Bachelors,Clerical,Y
16531,MRS.,LACEY,GAO,6/25/1943,S,F,lacey27@adventure-works.com,"$30,000 ",1,Bachelors,Clerical,Y
16532,MR.,TOMMY,SHARMA,6/24/1961,S,M,tommy6@adventure-works.com,"$20,000 ",1,Partial College,Manual,N
16533,MRS.,KRISTEN,CAI,5/24/1961,M,F,kristen18@adventure-works.com,"$20,000 ",1,Partial College,Manual,Y
16534,MRS.,CLAUDIA,HOLT,2/5/1961,M,F,claudia18@adventure-works.com,"$30,000 ",4,Graduate Degree,Clerical,Y
16535,MR.,COLIN,CHEN,5/12/1960,S,M,colin2@adventure-works.com,"$10,000 ",1,High School,Manual,N
16536,MRS.,MEGHAN,JIMENEZ,7/22/1960,S,F,meghan5@adventure-works.com,"$10,000 ",1,High School,Manual,N
16537,MR.,ARTHUR,DOMINGUEZ,10/13/1960,S,M,arthur37@adventure-works.com,"$20,000 ",1,Partial College,Manual,N
16538,MRS.,STACEY,LIANG,1/13/1960,S,F,stacey18@adventure-works.com,"$20,000 ",1,Partial College,Manual,N
16539,MRS.,CHRISTY,LI,1/11/1960,S,F,christy3@adventure-works.com,"$20,000 ",1,Partial College,Manual,N
16540,MR.,THEODORE,BROWNING,9/15/1960,M,M,theodore16@adventure-works.com,"$20,000 ",1,Partial College,Manual,Y
16541,MR.,MICAH,HU,12/28/1960,S,M,micah8@adventure-works.com,"$20,000 ",1,Partial College,Manual,N
16542,MR.,JÉSUS,ORTEGA,6/9/1960,M,M,jésus21@adventure-works.com,"$20,000 ",1,Partial College,Manual,Y
16543,MRS.,JENNY,MCDONALD,6/10/1960,M,F,jenny17@adventure-works.com,"$20,000 ",1,Partial College,Manual,Y
16544,MR.,EDUARDO,MORGAN,4/8/1959,M,M,eduardo80@adventure-works.com,"$10,000 ",1,High School,Manual,Y
16545,MRS.,ALICIA,PAL,1/12/1959,M,F,alicia10@adventure-works.com,"$10,000 ",1,High School,Manual,Y
16546,MR.,TERRANCE,JORDAN,8/28/1959,M,M,terrance1@adventure-works.com,"$20,000 ",2,Partial College,Manual,Y
16547,MR.,JAKE,YANG,2/15/1958,M,M,jake5@adventure-works.com,"$20,000 ",2,Partial College,Manual,Y
16549,MRS.,LINDA,MORENO,8/6/1959,S,F,linda21@adventure-works.com,"$30,000 ",3,Bachelors,Clerical,Y
16550,MR.,FREDERICK,MADAN,2/22/1959,M,M,frederick6@adventure-works.com,"$30,000 ",0,Bachelors,Clerical,Y
16551,MS.,CHRISTY,SHAN,11/14/1959,S,F,christy27@adventure-works.com,"$30,000 ",0,Bachelors,Clerical,Y
16552,MR.,JOE,SANCHEZ,7/10/1959,M,M,joe22@adventure-works.com,"$30,000 ",0,Bachelors,Clerical,Y
16553,MRS.,GABRIELLA,ROBERTS,3/5/1959,M,F,gabriella26@adventure-works.com,"$40,000 ",3,Graduate Degree,Clerical,Y
16554,MRS.,CASEY,CHANDER,8/17/1958,S,F,casey17@adventure-works.com,"$30,000 ",1,Bachelors,Clerical,Y
16555,MR.,MATHEW,VAZQUEZ,6/21/1970,M,M,mathew10@adventure-works.com,"$10,000 ",1,High School,Manual,Y
16556,MS.,ANGELICA,BUTLER,1/6/1970,S,F,angelica14@adventure-works.com,"$20,000 ",0,Partial College,Manual,N
16557,MR.,DEREK,CHANDER,4/17/1970,S,M,derek14@adventure-works.com,"$20,000 ",0,Partial College,Manual,Y
16558,MR.,PRESTON,SARA,4/17/1970,S,M,preston9@adventure-works.com,"$20,000 ",0,Partial College,Manual,N
16559,MRS.,CANDACE,MARTINEZ,10/23/1969,S,F,candace16@adventure-works.com,"$10,000 ",2,High School,Manual,Y
16560,MR.,KELVIN,SUN,10/14/1970,S,M,kelvin31@adventure-works.com,"$30,000 ",0,Bachelors,Clerical,Y
16561,MR.,KURT,YUAN,12/6/1970,M,M,kurt6@adventure-works.com,"$30,000 ",0,Bachelors,Clerical,Y
16562,MS.,COLLEEN,ZHANG,9/10/1970,M,F,colleen0@adventure-works.com,"$40,000 ",0,Graduate Degree,Clerical,Y
16563,MRS.,MACKENZIE,BAKER,8/27/1919,S,F,mackenzie37@adventure-works.com,"$20,000 ",2,Graduate Degree,Clerical,Y
16564,MS.,SUSAN,WU,8/7/1969,S,F,susan16@adventure-works.com,"$20,000 ",0,Partial College,Manual,Y
16565,MR.,COREY,ANAND,4/8/1969,M,M,corey19@adventure-works.com,"$40,000 ",0,Graduate Degree,Clerical,Y
16566,MS.,ASHLEE,SHEN,1/22/1969,S,F,ashlee9@adventure-works.com,"$40,000 ",0,Graduate Degree,Clerical,Y
16567,MR.,ERICK,LOPEZ,9/10/1969,S,M,erick16@adventure-works.com,"$50,000 ",0,Graduate Degree,Skilled Manual,Y
16568,MRS.,CAROLINE,COLEMAN,2/13/1922,M,F,caroline8@adventure-works.com,"$40,000 ",1,Graduate Degree,Clerical,Y
16569,MRS.,COLLEEN,LI,9/12/1952,S,F,colleen3@adventure-works.com,"$10,000 ",3,Partial College,Manual,Y
16570,MRS.,JULIE,SHE,3/20/1952,M,F,julie4@adventure-works.com,"$20,000 ",2,Partial College,Manual,Y
16571,MRS.,AUDREY,TORRES,9/9/1951,M,F,audrey13@adventure-works.com,"$20,000 ",2,Partial College,Manual,Y
16572,MR.,JON,XU,5/17/1968,S,M,jon45@adventure-works.com,"$10,000 ",2,High School,Manual,Y
16573,MR.,RUBEN,DOMINGUEZ,2/10/1968,S,M,ruben36@adventure-works.com,"$20,000 ",1,Partial College,Manual,N
16574,MR.,JOE,GOMEZ,3/12/1968,S,M,joe25@adventure-works.com,"$20,000 ",1,Partial College,Manual,N
16575,MRS.,VERONICA,VANCE,9/3/1944,S,F,veronica4@adventure-works.com,"$170,000 ",3,Graduate Degree,Management,N
16576,MR.,COREY,BECK,10/12/1946,S,M,corey17@adventure-works.com,"$90,000 ",5,Partial College,Professional,Y
16577,MRS.,LEAH,CHEN,4/3/1946,S,F,leah1@adventure-works.com,"$90,000 ",5,Partial College,Professional,N
16578,MRS.,STEFANIE,WEBER,12/5/1946,S,F,stefanie3@adventure-works.com,"$100,000 ",2,Bachelors,Management,Y
16579,MR.,ZACHARY,DAVIS,6/20/1953,M,M,zachary34@adventure-works.com,"$70,000 ",4,High School,Professional,Y
16580,MRS.,DAWN,CHEN,7/4/1954,M,F,dawn3@adventure-works.com,"$100,000 ",3,High School,Professional,N
16581,MR.,KENNETH,BECKER,7/23/1954,S,M,kenneth17@adventure-works.com,"$100,000 ",3,High School,Professional,Y
16582,MR.,FRANK,TORRES,10/4/1954,M,M,frank19@adventure-works.com,"$100,000 ",3,High School,Professional,Y
16583,MR.,JUSTIN,MARTINEZ,5/5/1954,M,M,justin45@adventure-works.com,"$100,000 ",3,High School,Professional,Y
16584,MR.,DEVIN,GRAY,5/3/1954,S,M,devin73@adventure-works.com,"$170,000 ",0,High School,Professional,N
16585,MR.,VINCENT,SUN,5/6/1954,M,M,vincent12@adventure-works.com,"$170,000 ",0,Partial High School,Professional,Y
16586,MR.,LEONARD,CHANDER,6/23/1953,M,M,leonard17@adventure-works.com,"$100,000 ",3,Partial College,Professional,Y
16587,MR.,ZACHARY,MARTINEZ,9/11/1953,M,M,zachary48@adventure-works.com,"$120,000 ",3,Bachelors,Management,Y
16588,MR.,ANDRE,MARTINEZ,4/3/1953,M,M,andre17@adventure-works.com,"$130,000 ",4,Partial College,Professional,Y
16589,MR.,MARTIN,SURI,4/10/1953,M,M,martin6@adventure-works.com,"$130,000 ",5,Partial College,Professional,Y
16590,,SHAWN,DENG,9/2/1953,M,NA,shawn3@adventure-works.com,"$150,000 ",3,Bachelors,Management,Y
16591,MR.,CLARENCE,HE,10/27/1953,M,M,clarence11@adventure-works.com,"$160,000 ",3,Bachelors,Management,Y
16592,MRS.,JACQUELYN,GOMEZ,11/15/1952,M,F,jacquelyn1@adventure-works.com,"$80,000 ",4,Partial College,Professional,Y
16593,MRS.,SUZANNE,HE,1/5/1952,M,F,suzanne20@adventure-works.com,"$120,000 ",4,Partial College,Professional,N
16594,MR.,ANDREW,JONES,3/4/1952,M,M,andrew12@adventure-works.com,"$170,000 ",4,Bachelors,Management,N
16595,MR.,CAMERON,ANDERSON,7/19/1952,M,M,cameron50@adventure-works.com,"$170,000 ",4,Bachelors,Management,Y
16596,MRS.,GABRIELLE,CARTER,3/28/1951,S,F,gabrielle53@adventure-works.com,"$70,000 ",5,Partial High School,Skilled Manual,Y
16597,MRS.,KELLI,XU,3/15/1951,S,F,kelli13@adventure-works.com,"$100,000 ",3,Partial College,Professional,Y
16598,MRS.,KATE,RAI,11/3/1951,S,F,kate14@adventure-works.com,"$130,000 ",4,High School,Professional,N
16599,MR.,RAMÓN,CAI,5/17/1950,M,M,ramón19@adventure-works.com,"$150,000 ",4,Bachelors,Management,Y
16600,MRS.,JANET,SUAREZ,5/16/1948,S,F,janet25@adventure-works.com,"$90,000 ",4,High School,Management,Y
16601,MRS.,TABITHA,RANA,2/9/1948,S,F,tabitha9@adventure-works.com,"$130,000 ",5,High School,Management,N
16602,MRS.,JILL,TRAVERS,9/19/1948,M,F,jill19@adventure-works.com,"$150,000 ",4,High School,Management,Y
16603,MRS.,SCOTT,SEELY,11/19/1947,M,F,scott11@adventure-works.com,"$110,000 ",4,Partial High School,Professional,Y
16604,MR.,ROY,SERRANO,1/4/1947,M,M,roy36@adventure-works.com,"$120,000 ",5,High School,Management,N
16605,MS.,TONI,RANDALL,11/10/1975,M,F,toni11@adventure-works.com,"$60,000 ",0,Bachelors,Professional,Y
16606,MR.,RICKY,BLANCO,11/9/1976,S,M,ricky16@adventure-works.com,"$70,000 ",0,Bachelors,Professional,Y
16607,MR.,LOGAN,GONZALES,8/27/1975,M,M,logan18@adventure-works.com,"$70,000 ",0,Bachelors,Professional,Y
16608,MR.,RICKY,MARTIN,12/13/1975,S,M,ricky0@adventure-works.com,"$70,000 ",0,Bachelors,Professional,Y
16609,MR.,GARY,JIMENEZ,8/13/1974,S,M,gary16@adventure-works.com,"$70,000 ",0,Bachelors,Professional,N
16610,MS.,SYDNEY,CLARK,6/23/1974,M,F,sydney81@adventure-works.com,"$70,000 ",0,Bachelors,Professional,N
16611,MR.,DYLAN,RODRIGUEZ,1/16/1975,S,M,dylan50@adventure-works.com,"$80,000 ",0,Bachelors,Professional,N
16612,MS.,EBONY,ASHE,8/22/1975,S,F,ebony31@adventure-works.com,"$90,000 ",0,Bachelors,Professional,N
16613,MS.,CASSIE,SUTTON,4/8/1974,M,F,cassie2@adventure-works.com,"$70,000 ",0,Bachelors,Professional,Y
16614,MS.,ALISON,SHEN,9/22/1973,M,F,alison1@adventure-works.com,"$80,000 ",0,Bachelors,Professional,Y
16615,MS.,KAITLIN,PATEL,2/8/1973,S,F,kaitlin3@adventure-works.com,"$80,000 ",0,Bachelors,Professional,N
16616,MR.,KELVIN,LIANG,6/6/1974,S,M,kelvin35@adventure-works.com,"$90,000 ",0,Bachelors,Professional,N
16617,MR.,ALVIN,XIE,2/6/1974,M,M,alvin25@adventure-works.com,"$100,000 ",0,High School,Management,Y
16618,MS.,CASSANDRA,SUBRAM,6/17/1974,M,F,cassandra14@adventure-works.com,"$110,000 ",0,Partial College,Management,Y
16619,MRS.,WHITNEY,PEREZ,5/5/1974,M,F,whitney20@adventure-works.com,"$120,000 ",5,Partial High School,Professional,N
16620,MR.,CAMERON,THOMPSON,5/16/1973,M,M,cameron33@adventure-works.com,"$90,000 ",0,Bachelors,Professional,Y
16621,MS.,BIRGIT,SEIDEL,3/16/1973,M,F,birgit0@adventure-works.com,"$100,000 ",0,High School,Management,N
16622,MR.,BYRON,NAVARRO,5/15/1973,S,M,byron6@adventure-works.com,"$100,000 ",0,High School,Management,Y
16623,MR.,ANDRES,LAL,9/4/1973,S,M,andres5@adventure-works.com,"$150,000 ",5,Bachelors,Professional,Y
16624,MR.,ALBERT,ALVAREZ,7/27/1972,S,M,albert7@adventure-works.com,"$90,000 ",0,Bachelors,Professional,N
16625,MR.,GRANT,DENG,5/22/1972,M,M,grant3@adventure-works.com,"$100,000 ",0,High School,Management,N
16626,,NATHANIEL,MORGAN,7/18/1972,S,NA,nathaniel14@adventure-works.com,"$100,000 ",0,High School,Management,Y
16627,MS.,CLAUDIA,CHEN,5/27/1971,M,F,claudia1@adventure-works.com,"$80,000 ",0,Bachelors,Professional,Y
16628,MR.,FRANCISCO,PRASAD,4/19/1971,S,M,francisco10@adventure-works.com,"$80,000 ",0,Bachelors,Professional,N
16629,MS.,ROSA,ZHENG,9/13/1972,S,F,rosa19@adventure-works.com,"$110,000 ",0,High School,Management,Y
16630,MR.,JAIME,SUTTON,7/11/1972,M,M,jaime28@adventure-works.com,"$110,000 ",0,High School,Management,Y
16631,MS.,HALEY,WARD,3/20/1971,S,F,haley13@adventure-works.com,"$90,000 ",0,Bachelors,Professional,Y
16632,MR.,RUBEN,ROMERO,5/17/1971,S,M,ruben32@adventure-works.com,"$100,000 ",0,High School,Management,Y
16633,MS.,KELLI,BECKER,12/26/1971,M,F,kelli43@adventure-works.com,"$100,000 ",0,High School,Management,Y
16634,MS.,JENNY,HU,2/16/1970,M,F,jenny22@adventure-works.com,"$90,000 ",0,Bachelors,Professional,Y
16635,MR.,ERICK,SURI,2/14/1970,M,M,erick0@adventure-works.com,"$100,000 ",0,Partial High School,Professional,Y
16636,MR.,DANNY,GOMEZ,8/26/1970,M,M,danny1@adventure-works.com,"$110,000 ",0,High School,Management,Y
16638,MR.,DENNIS,YE,8/11/1971,M,M,dennis11@adventure-works.com,"$110,000 ",0,Partial High School,Professional,Y
16639,MS.,RENEE,ROMERO,7/11/1971,S,F,renee8@adventure-works.com,"$110,000 ",0,Partial High School,Professional,Y
16640,MR.,COLIN,LAL,6/3/1971,M,M,colin32@adventure-works.com,"$130,000 ",0,Partial High School,Management,N
16641,MRS.,JULIA,BAILEY,5/17/1941,S,F,julia52@adventure-works.com,"$70,000 ",5,Bachelors,Management,Y
16642,MR.,MASON,MITCHELL,11/7/1941,S,M,mason32@adventure-works.com,"$130,000 ",2,Bachelors,Management,N
16643,MR.,FERNANDO,WILSON,7/19/1941,S,M,fernando7@adventure-works.com,"$170,000 ",1,Graduate Degree,Management,N
16644,MR.,LEONARD,GOEL,12/23/1941,M,M,leonard21@adventure-works.com,"$170,000 ",1,Graduate Degree,Management,Y
16645,MRS.,CHELSEA,SUBRAM,10/18/1942,M,F,chelsea14@adventure-works.com,"$80,000 ",5,Bachelors,Management,Y
16646,MR.,XAVIER,COLLINS,10/25/1942,M,M,xavier42@adventure-works.com,"$100,000 ",2,Graduate Degree,Management,Y
16647,MRS.,ANNA,ALEXANDER,10/18/1942,M,F,anna44@adventure-works.com,"$120,000 ",2,Graduate Degree,Management,Y
16648,MRS.,RACHEL,COLEMAN,6/26/1942,M,F,rachel53@adventure-works.com,"$130,000 ",2,Bachelors,Management,Y
16649,MRS.,MAKAYLA,STEWART,2/7/1943,M,F,makayla18@adventure-works.com,"$110,000 ",2,Bachelors,Management,Y
16650,MRS.,KAITLYN,GREEN,9/3/1943,M,F,kaitlyn12@adventure-works.com,"$120,000 ",2,Graduate Degree,Management,Y
16651,MRS.,ABIGAIL,MARTINEZ,9/26/1943,M,F,abigail58@adventure-works.com,"$120,000 ",2,Bachelors,Management,Y
16652,MS.,NICOLE,RICHARDSON,8/6/1973,M,F,nicole36@adventure-works.com,"$60,000 ",0,Partial College,Skilled Manual,Y
16653,MS.,ISABELLA,PHILLIPS,4/16/1973,M,F,isabella36@adventure-works.com,"$70,000 ",0,Partial College,Professional,Y
16654,MS.,HEATHER,ZHANG,3/18/1973,M,F,heather0@adventure-works.com,"$70,000 ",0,Partial College,Professional,Y
16655,MS.,DESTINY,TAYLOR,3/26/1976,M,F,destiny9@adventure-works.com,"$60,000 ",0,Partial College,Professional,Y
16656,MR.,RONNIE,ZHANG,5/10/1955,M,M,ronnie0@adventure-works.com,"$80,000 ",2,High School,Skilled Manual,N
16657,MR.,ALVIN,SHE,3/21/1955,M,M,alvin22@adventure-works.com,"$80,000 ",2,High School,Skilled Manual,N
16658,MRS.,ASHLEE,RAJE,4/15/1955,S,F,ashlee20@adventure-works.com,"$80,000 ",2,High School,Skilled Manual,Y
16659,MRS.,EMILY,JONES,12/3/1955,S,F,emily3@adventure-works.com,"$80,000 ",2,High School,Skilled Manual,Y
16660,MR.,LEE,BLANCO,6/3/1956,S,M,lee14@adventure-works.com,"$70,000 ",2,High School,Skilled Manual,N
16661,MR.,SHANE,RAMAN,4/15/1956,S,M,shane15@adventure-works.com,"$70,000 ",2,High School,Skilled Manual,Y
16662,MRS.,STACEY,GAO,3/8/1957,S,F,stacey16@adventure-works.com,"$70,000 ",2,High School,Professional,N
16663,MRS.,ROSA,LU,10/9/1957,S,F,rosa12@adventure-works.com,"$70,000 ",2,High School,Professional,N
16664,MS.,SOPHIA,NELSON,6/17/1958,M,F,sophia8@adventure-works.com,"$130,000 ",0,Graduate Degree,Management,Y
16665,MS.,LINDA,SUAREZ,6/25/1958,S,F,linda34@adventure-works.com,"$130,000 ",0,Graduate Degree,Management,N
16666,MS.,TAYLOR,TORRES,4/9/1973,S,F,taylor16@adventure-works.com,"$80,000 ",0,Bachelors,Management,N
16667,MS.,ALLISON,SANCHEZ,11/5/1974,S,F,allison25@adventure-works.com,"$30,000 ",0,High School,Professional,Y
16668,MR.,LEVI,MALHOTRA,7/18/1974,S,M,levi4@adventure-works.com,"$30,000 ",0,High School,Professional,N
16669,MR.,BENJAMIN,MARTINEZ,3/24/1974,S,M,benjamin54@adventure-works.com,"$60,000 ",0,Partial College,Professional,Y
16670,MS.,SARAH,WHITE,7/18/1974,S,F,sarah15@adventure-works.com,"$60,000 ",0,Partial College,Professional,N
16671,MS.,MEGAN,WOOD,8/25/1974,S,F,megan52@adventure-works.com,"$60,000 ",0,Partial College,Professional,Y
16672,MS.,NICOLE,MARTINEZ,6/28/1974,S,F,nicole17@adventure-works.com,"$60,000 ",0,Partial College,Professional,Y
16673,MR.,CURTIS,GUO,5/8/1974,S,M,curtis14@adventure-works.com,"$60,000 ",0,Partial College,Professional,N
16674,MR.,RICARDO,YUAN,11/13/1959,M,M,ricardo6@adventure-works.com,"$130,000 ",0,Graduate Degree,Management,Y
16675,MS.,KRISTI,ARTHUR,6/17/1959,S,F,kristi23@adventure-works.com,"$160,000 ",0,Graduate Degree,Management,N
16676,,AMANDA,PERRY,3/26/1966,M,NA,amanda29@adventure-works.com,"$130,000 ",0,Graduate Degree,Management,Y
16677,MR.,JACK,HUGHES,8/14/1966,M,M,jack11@adventure-works.com,"$130,000 ",0,Graduate Degree,Management,Y
16678,MR.,IAN,RAMIREZ,10/15/1957,M,M,ian73@adventure-works.com,"$70,000 ",2,Partial High School,Skilled Manual,Y
16679,MS.,AMBER,CARTER,10/5/1963,S,F,amber10@adventure-works.com,"$70,000 ",0,Bachelors,Professional,N
16680,MR.,CARLOS,EDWARDS,3/16/1963,M,M,carlos27@adventure-works.com,"$70,000 ",0,Bachelors,Professional,N
16681,MR.,LOUIS,CHANDE,3/15/1967,S,M,louis31@adventure-works.com,"$80,000 ",5,Bachelors,Professional,Y
16682,MRS.,KRISTY,RAMOS,7/9/1967,M,F,kristy15@adventure-works.com,"$90,000 ",4,Bachelors,Professional,Y
16683,MRS.,CHRISTY,RAI,3/5/1967,M,F,christy35@adventure-works.com,"$90,000 ",4,Bachelors,Professional,Y
16684,MR.,JOEL,PEREZ,11/18/1962,M,M,joel20@adventure-works.com,"$60,000 ",1,Bachelors,Professional,Y
16685,MRS.,ROBIN,DOMINGUEZ,6/13/1962,S,F,robin9@adventure-works.com,"$60,000 ",1,Bachelors,Professional,Y
16686,MRS.,KRISTINE,ALONSO,7/15/1962,M,F,kristine9@adventure-works.com,"$60,000 ",1,Bachelors,Professional,Y
16687,MR.,LAWRENCE,ROMERO,4/11/1961,S,M,lawrence7@adventure-works.com,"$60,000 ",1,Partial College,Skilled Manual,N
16688,MRS.,TABITHA,GOMEZ,10/4/1961,S,F,tabitha20@adventure-works.com,"$60,000 ",1,Partial College,Skilled Manual,N
16689,MR.,RAFAEL,SHEN,9/3/1961,M,M,rafael25@adventure-works.com,"$60,000 ",1,Partial College,Skilled Manual,Y
16690,MS.,AIMEE,WU,11/2/1966,M,F,aimee6@adventure-works.com,"$110,000 ",0,Graduate Degree,Management,Y
16691,MS.,PAULA,ROMERO,11/6/1966,S,F,paula12@adventure-works.com,"$110,000 ",0,Graduate Degree,Management,N
16692,MR.,JAY,DIAZ,4/17/1960,M,M,jay32@adventure-works.com,"$60,000 ",1,Partial College,Skilled Manual,Y
16693,MR.,ETHAN,COLEMAN,7/23/1960,M,M,ethan2@adventure-works.com,"$60,000 ",1,Partial College,Skilled Manual,Y
16694,MRS.,MANDY,SUN,5/10/1960,M,F,mandy15@adventure-works.com,"$60,000 ",1,Partial College,Skilled Manual,Y
16695,MR.,DWAYNE,SERRANO,4/27/1959,M,M,dwayne15@adventure-works.com,"$90,000 ",1,Bachelors,Professional,Y
16696,MS.,CLAUDIA,ZENG,2/11/1965,S,F,claudia19@adventure-works.com,"$70,000 ",0,Bachelors,Professional,N
16697,MR.,WYATT,HENDERSON,5/3/1965,S,M,wyatt56@adventure-works.com,"$80,000 ",5,Bachelors,Professional,Y
16698,MS.,MALLORY,GILL,8/9/1964,S,F,mallory0@adventure-works.com,"$70,000 ",0,Bachelors,Professional,N
16699,MR.,DOMINIC,KAPOOR,8/28/1959,M,M,dominic2@adventure-works.com,"$100,000 ",5,Bachelors,Professional,Y
16700,MR.,BILLY,GILL,6/21/1963,S,M,billy15@adventure-works.com,"$70,000 ",0,Bachelors,Professional,N
16701,MS.,LAURA,ZHENG,7/17/1963,S,F,laura25@adventure-works.com,"$70,000 ",0,Bachelors,Professional,N
16702,MRS.,PATRICIA,RAMAN,3/16/1962,M,F,patricia15@adventure-works.com,"$60,000 ",1,Partial College,Skilled Manual,Y
16703,MRS.,DENISE,SANCHEZ,5/5/1962,M,F,denise21@adventure-works.com,"$60,000 ",1,Partial College,Skilled Manual,Y
16704,MRS.,KARLA,CHAVEZ,6/2/1961,M,F,karla16@adventure-works.com,"$70,000 ",5,Partial College,Skilled Manual,Y
16705,MRS.,JACQUELINE,WOOD,7/11/1958,M,F,jacqueline2@adventure-works.com,"$80,000 ",5,Bachelors,Professional,N
16706,MRS.,JENNY,SHAN,5/10/1958,M,F,jenny33@adventure-works.com,"$80,000 ",5,Bachelors,Professional,Y
16707,MR.,DERRICK,SERRANO,4/7/1958,S,M,derrick15@adventure-works.com,"$90,000 ",2,Bachelors,Professional,Y
16708,MRS.,KELLIE,SANZ,10/11/1958,S,F,kellie17@adventure-works.com,"$90,000 ",2,Bachelors,Management,N
16709,MR.,ROY,ALVAREZ,6/16/1936,M,M,roy25@adventure-works.com,"$30,000 ",2,Partial College,Clerical,N
16710,MRS.,CARLA,ARTHUR,9/15/1960,M,F,carla9@adventure-works.com,"$70,000 ",5,Partial College,Skilled Manual,Y
16711,MR.,JORGE,ZHAO,2/2/1960,M,M,jorge12@adventure-works.com,"$70,000 ",5,Partial College,Skilled Manual,Y
16712,MRS.,SUZANNE,LU,10/24/1956,S,F,suzanne12@adventure-works.com,"$70,000 ",1,Partial College,Skilled Manual,N
16713,MR.,TONY,NARA,11/6/1953,M,M,tony19@adventure-works.com,"$40,000 ",2,Bachelors,Management,Y
16714,MR.,DALTON,NICHOLLS,8/10/1976,M,M,dalton34@adventure-works.com,"$30,000 ",0,High School,Skilled Manual,Y
16715,MS.,KATELYN,RAMIREZ,9/21/1976,M,F,katelyn5@adventure-works.com,"$30,000 ",0,High School,Skilled Manual,Y
16716,MR.,JOSE,HENDERSON,2/3/1976,S,M,jose28@adventure-works.com,"$30,000 ",0,High School,Skilled Manual,N
16717,MS.,MASAKI,UMEDA,4/11/1975,M,F,masaki0@adventure-works.com,"$40,000 ",0,High School,Skilled Manual,Y
16718,MR.,GAVIN,STONE,7/26/1975,S,M,gavin14@adventure-works.com,"$40,000 ",0,High School,Skilled Manual,Y
16719,MR.,TREVOR,RUSSELL,1/11/1975,S,M,trevor20@adventure-works.com,"$40,000 ",0,High School,Skilled Manual,Y
16720,MS.,MORGAN,PERRY,11/17/1980,S,F,morgan77@adventure-works.com,"$30,000 ",0,High School,Skilled Manual,Y
16721,MR.,XAVIER,SANDERS,9/3/1980,M,M,xavier69@adventure-works.com,"$30,000 ",0,High School,Skilled Manual,N
16722,MR.,SEAN,GRAY,6/27/1980,S,M,sean13@adventure-works.com,"$30,000 ",0,High School,Skilled Manual,Y
16723,MS.,BARBARA,ZHAO,9/14/1980,M,F,barbara20@adventure-works.com,"$30,000 ",0,High School,Skilled Manual,Y
16724,MR.,GABRIEL,YANG,5/16/1980,S,M,gabriel24@adventure-works.com,"$30,000 ",0,High School,Skilled Manual,N
16725,MR.,JACOB,WILLIAMS,6/21/1980,M,M,jacob3@adventure-works.com,"$30,000 ",0,High School,Skilled Manual,Y
16726,MR.,MIGUEL,WOOD,5/26/1979,M,M,miguel48@adventure-works.com,"$30,000 ",0,High School,Skilled Manual,Y
16727,MR.,CHARLES,JOHNSTON,11/17/1980,S,M,charles4@adventure-works.com,"$40,000 ",0,High School,Skilled Manual,N
16728,MR.,COLE,MORRIS,1/21/1980,M,M,cole19@adventure-works.com,"$40,000 ",0,High School,Skilled Manual,Y
16729,MR.,TOMMY,NARA,6/13/1937,M,M,tommy13@adventure-works.com,"$30,000 ",2,Partial College,Clerical,N
16730,MRS.,MARIAH,LONG,10/1/1937,M,F,mariah14@adventure-works.com,"$30,000 ",2,Partial College,Clerical,N
16732,MS.,NATALIE,FLORES,6/25/1978,S,F,natalie35@adventure-works.com,"$40,000 ",0,High School,Skilled Manual,N
16733,MR.,DOUGLAS,SRINI,9/6/1938,M,M,douglas12@adventure-works.com,"$40,000 ",2,Bachelors,Management,Y
16734,MRS.,EMMA,MARTINEZ,3/23/1938,S,F,emma16@adventure-works.com,"$40,000 ",2,Bachelors,Management,Y
16735,MS.,MELISSA,HAYES,6/6/1977,S,F,melissa18@adventure-works.com,"$40,000 ",0,High School,Skilled Manual,N
16736,MS.,KELLY,ALEXANDER,9/20/1977,S,F,kelly23@adventure-works.com,"$40,000 ",0,High School,Skilled Manual,N
16737,MS.,STEVEN,SELIKOFF,5/2/1979,S,F,steven3@adventure-works.com,"$40,000 ",0,High School,Skilled Manual,Y
16738,MR.,RAMON,LU,9/3/1939,M,M,ramon11@adventure-works.com,"$30,000 ",2,Partial College,Clerical,N
16739,MR.,CORY,WEBER,6/27/1939,M,M,cory2@adventure-works.com,"$40,000 ",2,Bachelors,Management,Y
16740,MR.,ELIJAH,LI,10/26/1940,M,M,elijah0@adventure-works.com,"$40,000 ",2,Bachelors,Management,N
16741,MR.,ALAN,XU,9/7/1940,M,M,alan15@adventure-works.com,"$40,000 ",2,Bachelors,Management,N
16742,MR.,MITCHELL,PAL,11/12/1940,M,M,mitchell11@adventure-works.com,"$40,000 ",2,Bachelors,Management,N
16743,MRS.,ARIANA,STEWART,5/20/1942,M,F,ariana21@adventure-works.com,"$40,000 ",2,Bachelors,Management,Y
16744,MRS.,LACEY,GUO,6/15/1942,M,F,lacey30@adventure-works.com,"$40,000 ",2,Bachelors,Management,Y
16745,MRS.,KRISTA,MORENO,11/24/1942,S,F,krista7@adventure-works.com,"$60,000 ",2,Graduate Degree,Management,N
16746,MS.,BRIANNA,PETERSON,11/5/1976,S,F,brianna41@adventure-works.com,"$40,000 ",0,High School,Skilled Manual,N
16747,MR.,ALEXANDER,DAVIS,6/14/1975,S,M,alexander7@adventure-works.com,"$40,000 ",0,High School,Skilled Manual,N
16748,MR.,PATRICK,PETERSON,6/1/1975,S,M,patrick11@adventure-works.com,"$40,000 ",0,High School,Skilled Manual,Y
16749,MR.,AARON,COLEMAN,5/10/1974,S,M,aaron5@adventure-works.com,"$30,000 ",0,Partial College,Skilled Manual,Y
16750,MR.,SETH,SANDERS,5/11/1974,M,M,seth76@adventure-works.com,"$30,000 ",0,Partial College,Skilled Manual,Y
16751,MR.,AARON,SCOTT,12/13/1973,M,M,aaron45@adventure-works.com,"$60,000 ",0,Partial College,Skilled Manual,Y
16752,MR.,MASON,WRIGHT,2/27/1973,S,M,mason42@adventure-works.com,"$60,000 ",0,Partial College,Skilled Manual,Y
16753,MS.,RACHEL,HARRIS,2/23/1972,S,F,rachel16@adventure-works.com,"$70,000 ",0,Partial College,Skilled Manual,Y
16754,MR.,ALEX,BELL,12/5/1972,S,M,alex18@adventure-works.com,"$80,000 ",0,Bachelors,Management,Y
16755,MS.,OLIVIA,JAMES,7/26/1972,M,F,olivia43@adventure-works.com,"$80,000 ",0,Bachelors,Management,Y
16756,MR.,RICHARD,ALLEN,9/18/1968,M,M,richard18@adventure-works.com,"$80,000 ",0,Bachelors,Management,N
16757,MS.,MACKENZIE,COX,7/3/1967,M,F,mackenzie9@adventure-works.com,"$110,000 ",0,Graduate Degree,Management,Y
16758,MR.,JUSTIN,PERRY,11/18/1967,M,M,justin4@adventure-works.com,"$110,000 ",0,Graduate Degree,Management,Y
16759,MS.,JASMINE,BELL,7/3/1967,M,F,jasmine26@adventure-works.com,"$110,000 ",0,Graduate Degree,Management,N
16760,MRS.,SYDNEY,ALEXANDER,8/11/1959,S,F,sydney41@adventure-works.com,"$60,000 ",4,Graduate Degree,Skilled Manual,N
16761,MR.,ANGEL,WARD,12/12/1972,S,M,angel12@adventure-works.com,"$40,000 ",4,Partial College,Clerical,Y
16762,MR.,FRANKLIN,FERRIER,7/26/1972,M,M,franklin39@adventure-works.com,"$50,000 ",0,Graduate Degree,Skilled Manual,Y
16763,MR.,JUAN,SUAREZ,11/4/1973,M,M,juan6@adventure-works.com,"$50,000 ",0,Graduate Degree,Skilled Manual,Y
16764,MR.,THOMAS,DAVIS,5/23/1973,M,M,thomas65@adventure-works.com,"$50,000 ",0,Graduate Degree,Skilled Manual,Y
16765,MR.,DALTON,WHITE,7/7/1973,M,M,dalton12@adventure-works.com,"$50,000 ",1,Graduate Degree,Skilled Manual,Y
16766,MRS.,SUMMER,ARUN,8/4/1973,S,F,summer5@adventure-works.com,"$50,000 ",1,Graduate Degree,Skilled Manual,Y
16767,MR.,RAFAEL,LIU,4/5/1973,M,M,rafael4@adventure-works.com,"$50,000 ",1,Graduate Degree,Skilled Manual,Y
16768,MR.,EDUARDO,BARNES,7/10/1973,M,M,eduardo47@adventure-works.com,"$50,000 ",1,Graduate Degree,Skilled Manual,Y
16769,MR.,TYLER,WALKER,10/24/1971,M,M,tyler23@adventure-works.com,"$60,000 ",1,Graduate Degree,Skilled Manual,Y
16770,MR.,CHARLES,ROGERS,9/22/1971,M,M,charles67@adventure-works.com,"$60,000 ",1,Graduate Degree,Skilled Manual,Y
16771,MR.,IAN,WALKER,12/24/1972,M,M,ian21@adventure-works.com,"$50,000 ",1,Graduate Degree,Skilled Manual,Y
16772,MRS.,MORGAN,PARKER,1/15/1972,M,F,morgan6@adventure-works.com,"$50,000 ",1,Graduate Degree,Skilled Manual,Y
16773,MR.,DAVID,LAL,11/6/1972,M,M,david61@adventure-works.com,"$60,000 ",1,Graduate Degree,Skilled Manual,Y
16774,MR.,EDUARDO,PERRY,2/11/1972,S,M,eduardo52@adventure-works.com,"$60,000 ",1,Graduate Degree,Skilled Manual,Y
16775,MRS.,SARAH,RUSSELL,9/17/1972,M,F,sarah44@adventure-works.com,"$60,000 ",1,Graduate Degree,Professional,Y
16776,MR.,DALTON,LEWIS,3/22/1970,M,M,dalton20@adventure-works.com,"$50,000 ",1,Bachelors,Skilled Manual,Y
16777,MR.,CAMERON,SIMMONS,9/4/1944,M,M,cameron10@adventure-works.com,"$70,000 ",4,Bachelors,Management,Y
16778,MR.,BLAKE,HAYES,9/3/1944,S,M,blake70@adventure-works.com,"$60,000 ",4,Graduate Degree,Management,Y
16779,MRS.,MORGAN,WATSON,10/27/1944,M,F,morgan66@adventure-works.com,"$70,000 ",5,Bachelors,Management,Y
16780,MR.,CARLOS,BAILEY,9/24/1945,M,M,carlos18@adventure-works.com,"$70,000 ",5,Bachelors,Management,Y
16781,MR.,DYLAN,CHEN,6/18/1945,M,M,dylan25@adventure-works.com,"$70,000 ",5,Bachelors,Management,Y
16782,MR.,LUCAS,CLARK,2/21/1946,M,M,lucas33@adventure-works.com,"$60,000 ",5,Bachelors,Management,Y
16783,MRS.,GRACE,BARNES,12/7/1946,M,F,grace50@adventure-works.com,"$60,000 ",5,Bachelors,Management,Y
16784,MRS.,CHLOE,LONG,2/10/1946,M,F,chloe76@adventure-works.com,"$60,000 ",5,Bachelors,Management,Y
16785,MR.,CHRISTIAN,LEE,8/12/1946,M,M,christian42@adventure-works.com,"$70,000 ",3,Bachelors,Management,Y
16786,MR.,LUCAS,REED,9/24/1946,M,M,lucas91@adventure-works.com,"$70,000 ",4,Bachelors,Management,Y
16787,MRS.,NICOLE,JACKSON,4/26/1946,S,F,nicole12@adventure-works.com,"$70,000 ",4,Bachelors,Management,Y
16788,MR.,RONNIE,GAO,4/14/1947,M,M,ronnie13@adventure-works.com,"$60,000 ",5,Bachelors,Management,Y
16789,MRS.,JENNIFER,HARRIS,9/21/1947,M,F,jennifer42@adventure-works.com,"$60,000 ",5,Bachelors,Management,Y
16790,MR.,HUNTER,LOPEZ,2/10/1947,M,M,hunter52@adventure-works.com,"$60,000 ",5,Bachelors,Management,Y
16791,MR.,LEONARD,YUAN,5/7/1947,S,M,leonard8@adventure-works.com,"$60,000 ",5,Bachelors,Management,Y
16792,MRS.,MARIA,TORRES,6/10/1947,M,F,maria16@adventure-works.com,"$60,000 ",5,Bachelors,Management,Y
16793,MRS.,SAVANNAH,HERNANDEZ,5/7/1947,S,F,savannah41@adventure-works.com,"$60,000 ",2,Bachelors,Management,Y
16794,MRS.,TAYLOR,COOK,4/20/1947,M,F,taylor5@adventure-works.com,"$60,000 ",2,Bachelors,Management,Y
16795,MRS.,REGINA,GARCIA,5/4/1947,M,F,regina14@adventure-works.com,"$70,000 ",4,Bachelors,Management,Y
16796,MRS.,KAITLYN,MARTIN,6/5/1948,S,F,kaitlyn37@adventure-works.com,"$60,000 ",2,Partial College,Professional,Y
16797,MR.,EVAN,REED,11/18/1948,M,M,evan21@adventure-works.com,"$60,000 ",2,Partial College,Professional,N
16798,MRS.,LATASHA,MARTIN,5/4/1948,M,F,latasha0@adventure-works.com,"$60,000 ",2,Bachelors,Management,Y
16799,MRS.,STEPHANIE,GONZALES,10/7/1948,M,F,stephanie44@adventure-works.com,"$60,000 ",2,Bachelors,Management,Y
16800,MRS.,JORDAN,ROBERTS,6/21/1949,M,F,jordan32@adventure-works.com,"$40,000 ",2,High School,Professional,Y
16801,MRS.,JASMINE,HENDERSON,1/22/1949,S,F,jasmine45@adventure-works.com,"$60,000 ",2,Partial College,Professional,Y
16802,MR.,LUCAS,ALLEN,7/12/1949,S,M,lucas39@adventure-works.com,"$60,000 ",2,Partial College,Professional,Y
16803,MR.,MARCUS,PETERSON,7/21/1949,M,M,marcus80@adventure-works.com,"$60,000 ",2,Partial College,Professional,N
16804,MR.,ADAM,ZHANG,12/20/1950,M,M,adam20@adventure-works.com,"$60,000 ",2,High School,Professional,Y
16805,MR.,FERNANDO,ALLEN,3/14/1950,S,M,fernando23@adventure-works.com,"$60,000 ",2,High School,Professional,Y
16806,MR.,LOUIS,ZHAO,8/4/1950,M,M,louis4@adventure-works.com,"$60,000 ",2,Partial College,Professional,Y
16807,MRS.,VIRGINIA,SURI,10/5/1950,M,F,virginia1@adventure-works.com,"$60,000 ",2,Partial College,Professional,Y
16808,MRS.,JESSICA,LONG,10/4/1950,M,F,jessica34@adventure-works.com,"$70,000 ",4,Partial College,Professional,N
16809,MRS.,BAILEY,SANDERS,6/24/1950,S,F,bailey2@adventure-works.com,"$70,000 ",4,Partial College,Professional,Y
16810,MR.,MICHAEL,RODRIGUEZ,9/1/1951,M,M,michael52@adventure-works.com,"$70,000 ",2,High School,Professional,N
16811,MR.,LUIS,ZHANG,4/19/1951,M,M,luis23@adventure-works.com,"$60,000 ",2,Partial College,Professional,Y
16812,MRS.,ALEXA,RICHARDSON,9/13/1951,M,F,alexa7@adventure-works.com,"$60,000 ",2,Partial College,Professional,Y
16813,MR.,CARSON,DIAZ,4/14/1951,M,M,carson21@adventure-works.com,"$60,000 ",2,Partial College,Professional,Y
16814,MRS.,ISABELLA,COLLINS,8/12/1951,S,F,isabella35@adventure-works.com,"$70,000 ",4,Partial College,Professional,Y
16815,MR.,JACOB,BROWN,5/10/1951,M,M,jacob4@adventure-works.com,"$70,000 ",4,Partial College,Professional,Y
16816,MRS.,JULIA,MILLER,3/11/1951,M,F,julia28@adventure-works.com,"$70,000 ",4,Partial College,Professional,Y
16817,MR.,EVAN,PETERSON,12/20/1951,M,M,evan5@adventure-works.com,"$70,000 ",4,Partial College,Professional,Y
16818,MRS.,GABRIELLE,REED,2/3/1951,M,F,gabrielle3@adventure-works.com,"$70,000 ",4,Partial College,Professional,Y
16819,MR.,DALTON,COX,7/3/1952,M,M,dalton81@adventure-works.com,"$70,000 ",4,Partial College,Professional,Y
16820,MRS.,ISABELLA,GRAY,1/13/1952,M,F,isabella5@adventure-works.com,"$70,000 ",5,Partial College,Professional,Y
16821,MRS.,MARY,CARTER,7/20/1958,M,F,mary23@adventure-works.com,"$130,000 ",2,Bachelors,Management,N
16822,MR.,MARSHALL,LIN,11/28/1958,M,M,marshall7@adventure-works.com,"$150,000 ",1,Partial College,Professional,N
16823,MRS.,STACY,RUIZ,7/20/1958,M,F,stacy3@adventure-works.com,"$160,000 ",1,Partial College,Professional,N
16824,MR.,RANDALL,MUNOZ,5/17/1957,M,M,randall8@adventure-works.com,"$120,000 ",2,High School,Professional,Y
16825,MRS.,SUSAN,ZENG,8/4/1957,M,F,susan33@adventure-works.com,"$120,000 ",2,High School,Professional,Y
16826,MR.,ROBERTO,VAZQUEZ,11/12/1957,M,M,roberto15@adventure-works.com,"$130,000 ",3,Partial College,Professional,Y
16828,MR.,LOGAN,MITCHELL,2/10/1956,M,M,logan37@adventure-works.com,"$160,000 ",2,High School,Professional,Y
16829,MR.,WAYNE,LAL,4/27/1956,M,M,wayne10@adventure-works.com,"$160,000 ",2,High School,Professional,Y
16830,MRS.,ALEXANDRA,HALL,10/21/1955,M,F,alexandra89@adventure-works.com,"$130,000 ",3,Partial College,Professional,Y
16831,MR.,THEODORE,VAZQUEZ,5/12/1955,M,M,theodore15@adventure-works.com,"$130,000 ",3,Partial College,Professional,Y
16832,MR.,ISAIAH,PARKER,6/12/1932,S,M,isaiah21@adventure-works.com,"$70,000 ",3,Graduate Degree,Management,Y
16833,MR.,RICHARD,COOPER,8/24/1932,M,M,richard90@adventure-works.com,"$90,000 ",3,Graduate Degree,Management,Y
16834,MRS.,MORGAN,PETERSON,7/21/1933,S,F,morgan62@adventure-works.com,"$50,000 ",2,Graduate Degree,Management,Y
16835,,NOAH,NELSON,10/14/1933,M,NA,noah36@adventure-works.com,"$70,000 ",4,Graduate Degree,Management,Y
16836,MR.,DAVID,THOMAS,11/22/1965,M,M,david69@adventure-works.com,"$90,000 ",4,Partial College,Professional,Y
16837,MRS.,ELIZABETH,JACKSON,10/23/1965,M,F,elizabeth15@adventure-works.com,"$90,000 ",4,Partial College,Professional,Y
16838,MR.,JONATHAN,GRIFFIN,1/16/1965,S,M,jonathan20@adventure-works.com,"$110,000 ",2,Bachelors,Management,N
16839,MS.,JULIA,ROSS,6/19/1965,M,F,julia70@adventure-works.com,"$170,000 ",0,Graduate Degree,Management,Y
16840,MR.,XAVIER,TORRES,3/14/1964,M,M,xavier70@adventure-works.com,"$80,000 ",4,Bachelors,Management,Y
16841,MR.,JAMES,TURNER,11/16/1964,M,M,james54@adventure-works.com,"$80,000 ",4,Partial College,Professional,Y
16842,MRS.,JENNY,YANG,4/9/1964,M,F,jenny7@adventure-works.com,"$110,000 ",3,Bachelors,Management,Y
16843,MR.,JIMMY,RAMOS,2/16/1964,S,M,jimmy21@adventure-works.com,"$130,000 ",2,Graduate Degree,Management,N
16844,MRS.,EMMA,ROBINSON,7/25/1964,M,F,emma17@adventure-works.com,"$160,000 ",1,Bachelors,Management,Y
16845,MS.,ANDREA,ADAMS,9/15/1964,S,F,andrea37@adventure-works.com,"$170,000 ",0,Graduate Degree,Management,N
16846,MR.,JAMES,PHILLIPS,5/9/1963,S,M,james55@adventure-works.com,"$80,000 ",4,Partial College,Professional,Y
16847,MR.,EDUARDO,HALL,3/23/1963,M,M,eduardo23@adventure-works.com,"$80,000 ",4,Partial College,Professional,Y
16848,MRS.,JESSICA,THOMAS,4/7/1963,S,F,jessica58@adventure-works.com,"$80,000 ",4,Partial College,Professional,N
16849,MR.,JONATHAN,COLLINS,9/28/1963,M,M,jonathan32@adventure-works.com,"$80,000 ",4,Partial College,Professional,Y
16850,MS.,JESSICA,JENKINS,10/2/1963,S,F,jessica31@adventure-works.com,"$90,000 ",0,Partial College,Professional,N
16851,MR.,KEVIN,HAYES,4/1/1963,S,M,kevin25@adventure-works.com,"$100,000 ",0,Partial College,Professional,Y
16852,MRS.,KATE,SHE,6/7/1963,S,F,kate0@adventure-works.com,"$110,000 ",4,Bachelors,Management,Y
16853,MRS.,CHRISTINA,BAILEY,2/20/1963,S,F,christina14@adventure-works.com,"$110,000 ",4,Bachelors,Management,Y
16854,MR.,SETH,ADAMS,8/27/1963,M,M,seth33@adventure-works.com,"$170,000 ",0,Graduate Degree,Management,Y
16855,MRS.,EVELYN,SRINI,11/13/1962,M,F,evelyn9@adventure-works.com,"$80,000 ",5,Partial College,Professional,Y
16856,MRS.,ERIN,RIVERA,12/11/1962,M,F,erin21@adventure-works.com,"$90,000 ",5,Partial College,Professional,Y
16857,MR.,LAWRENCE,MUNOZ,12/18/1962,M,M,lawrence5@adventure-works.com,"$90,000 ",5,Partial College,Professional,Y
16858,MRS.,JAN,LOPEZ,8/13/1962,M,F,jan17@adventure-works.com,"$100,000 ",1,Partial College,Professional,Y
16859,MR.,JACK,KUMAR,8/21/1962,S,M,jack29@adventure-works.com,"$100,000 ",1,Partial College,Professional,Y
16860,MRS.,HALEY,ROGERS,3/17/1962,M,F,haley3@adventure-works.com,"$110,000 ",1,Bachelors,Management,Y
16861,MR.,LUIS,SHARMA,6/10/1962,S,M,luis30@adventure-works.com,"$130,000 ",1,Bachelors,Management,N
16862,MR.,TIMOTHY,NELSON,12/20/1962,M,M,timothy35@adventure-works.com,"$130,000 ",1,Bachelors,Management,Y
16863,MRS.,KAITLYN,CLARK,8/11/1961,M,F,kaitlyn42@adventure-works.com,"$80,000 ",5,Partial College,Professional,Y
16865,MRS.,JORDYN,DIAZ,6/6/1961,M,F,jordyn20@adventure-works.com,"$120,000 ",1,High School,Professional,Y
16866,MRS.,ALEXANDRA,PARKER,10/26/1961,M,F,alexandra50@adventure-works.com,"$130,000 ",1,Bachelors,Management,Y
16867,MRS.,KATELYN,KING,8/26/1961,S,F,katelyn43@adventure-works.com,"$130,000 ",1,Bachelors,Management,N
16868,MR.,XAVIER,JACKSON,2/4/1961,M,M,xavier9@adventure-works.com,"$160,000 ",1,Bachelors,Management,N
16869,MS.,VANESSA,PATTERSON,2/1/1961,M,F,vanessa11@adventure-works.com,"$170,000 ",0,Graduate Degree,Management,Y
16870,MRS.,ANDREA,MORGAN,10/2/1955,M,F,andrea22@adventure-works.com,"$60,000 ",2,High School,Professional,N
16871,MRS.,ANNA,CLARK,2/11/1955,M,F,anna57@adventure-works.com,"$90,000 ",2,High School,Professional,Y
16872,MR.,SAMUEL,TAYLOR,2/27/1954,M,M,samuel65@adventure-works.com,"$80,000 ",2,Partial High School,Skilled Manual,Y
16873,MR.,DAMIEN,DENG,3/14/1935,M,M,damien18@adventure-works.com,"$30,000 ",4,High School,Professional,N
16874,MRS.,LESLIE,MUNOZ,9/1/1935,S,F,leslie8@adventure-works.com,"$90,000 ",4,Bachelors,Management,Y
16875,MRS.,SAMANTHA,DIAZ,2/27/1935,M,F,samantha44@adventure-works.com,"$90,000 ",4,Bachelors,Management,Y
16876,MR.,JACKSON,SHARMA,6/5/1936,M,M,jackson3@adventure-works.com,"$40,000 ",3,Partial College,Professional,N
16877,MRS.,KATELYN,ADAMS,9/2/1936,S,F,katelyn39@adventure-works.com,"$50,000 ",2,Graduate Degree,Management,Y
16878,MR.,DEVIN,YOUNG,11/19/1936,S,M,devin23@adventure-works.com,"$50,000 ",2,Graduate Degree,Management,Y
16879,MRS.,MORGAN,TAYLOR,2/28/1936,S,F,morgan31@adventure-works.com,"$50,000 ",2,Graduate Degree,Management,Y
16880,MR.,EDGAR,PATEL,11/22/1936,M,M,edgar3@adventure-works.com,"$70,000 ",4,Graduate Degree,Management,Y
16881,MR.,RUBEN,ALONSO,2/11/1936,M,M,ruben31@adventure-works.com,"$70,000 ",4,Graduate Degree,Management,Y
16882,MR.,ROBERT,YOUNG,6/15/1960,S,M,robert59@adventure-works.com,"$100,000 ",3,Partial College,Professional,Y
16883,MR.,TYLER,DAVIS,12/28/1960,S,M,tyler10@adventure-works.com,"$120,000 ",4,High School,Professional,Y
16884,MR.,RICHARD,MILLER,8/8/1954,M,M,richard46@adventure-works.com,"$60,000 ",2,High School,Professional,N
16885,MR.,GARRETT,COOK,6/6/1954,M,M,garrett26@adventure-works.com,"$60,000 ",2,Partial High School,Skilled Manual,N
16886,MR.,AIDAN,FLORES,10/19/1954,M,M,aidan13@adventure-works.com,"$60,000 ",2,Partial High School,Skilled Manual,Y
16887,MR.,CODY,RIVERA,8/11/1954,M,M,cody8@adventure-works.com,"$60,000 ",2,Partial High School,Skilled Manual,Y
16888,MRS.,ARIANNA,HUGHES,2/18/1954,S,F,arianna9@adventure-works.com,"$60,000 ",3,Partial High School,Skilled Manual,Y
16889,MR.,DANIEL,RODRIGUEZ,9/6/1954,S,M,daniel21@adventure-works.com,"$60,000 ",3,Partial High School,Skilled Manual,Y
16890,MR.,TIMOTHY,REED,3/3/1954,M,M,timothy22@adventure-works.com,"$60,000 ",3,Partial High School,Skilled Manual,Y
16891,MRS.,NATALIE,GONZALES,11/9/1954,M,F,natalie39@adventure-works.com,"$70,000 ",3,High School,Professional,Y
16892,MRS.,REBECCA,EVANS,2/10/1954,M,F,rebecca4@adventure-works.com,"$70,000 ",3,High School,Professional,Y
16893,MR.,ISAAC,HOWARD,7/3/1953,S,M,isaac11@adventure-works.com,"$70,000 ",3,Graduate Degree,Management,Y
16894,MRS.,ABIGAIL,WALKER,2/12/1953,S,F,abigail63@adventure-works.com,"$60,000 ",3,Graduate Degree,Management,Y
16896,MRS.,NATALIE,PEREZ,10/21/1952,M,F,natalie55@adventure-works.com,"$40,000 ",3,Partial College,Professional,N
16897,MRS.,LAUREN,TORRES,8/22/1952,S,F,lauren14@adventure-works.com,"$40,000 ",3,Partial College,Professional,Y
16898,MR.,ANGEL,REED,5/10/1952,M,M,angel19@adventure-works.com,"$40,000 ",3,Partial College,Professional,N
16899,MRS.,WHITNEY,SANCHEZ,10/1/1937,M,F,whitney19@adventure-works.com,"$110,000 ",2,Graduate Degree,Management,N
16900,MR.,MIGUEL,JONES,11/21/1937,M,M,miguel2@adventure-works.com,"$120,000 ",2,Graduate Degree,Management,Y
16901,MR.,RICKY,MUNOZ,10/24/1937,M,M,ricky7@adventure-works.com,"$130,000 ",2,Bachelors,Management,Y
16902,MR.,SHAWN,SHE,10/7/1938,S,M,shawn2@adventure-works.com,"$90,000 ",5,Bachelors,Management,Y
16903,MR.,IAN,WRIGHT,8/2/1938,S,M,ian26@adventure-works.com,"$110,000 ",2,Graduate Degree,Management,Y
16904,MRS.,ARIANNA,BAILEY,7/11/1938,M,F,arianna38@adventure-works.com,"$110,000 ",2,Graduate Degree,Management,Y
16905,MRS.,JANET,STEWART,4/10/1938,M,F,janet31@adventure-works.com,"$130,000 ",2,Bachelors,Management,Y
16906,MRS.,BRITTANY,FLORES,8/12/1938,M,F,brittany11@adventure-works.com,"$170,000 ",1,Graduate Degree,Management,Y
16907,MRS.,SARAH,HALL,3/21/1939,S,F,sarah1@adventure-works.com,"$80,000 ",4,Graduate Degree,Management,Y
16908,MRS.,KRISTI,PATEL,6/2/1939,S,F,kristi19@adventure-works.com,"$80,000 ",4,Graduate Degree,Management,Y
16909,MRS.,CHLOE,WALKER,11/10/1939,M,F,chloe32@adventure-works.com,"$90,000 ",5,Bachelors,Management,Y
16910,MR.,RYAN,DIAZ,6/14/1939,M,M,ryan25@adventure-works.com,"$120,000 ",2,Graduate Degree,Management,Y
16911,MR.,CALEB,PATTERSON,4/19/1940,M,M,caleb7@adventure-works.com,"$90,000 ",5,Bachelors,Management,Y
16912,MR.,DALTON,PATTERSON,3/7/1940,M,M,dalton56@adventure-works.com,"$90,000 ",5,Bachelors,Management,N
16913,MR.,MARCUS,FLORES,11/12/1940,S,M,marcus62@adventure-works.com,"$100,000 ",2,Graduate Degree,Management,Y
16914,MRS.,ALEXANDRA,CAMPBELL,10/24/1968,M,F,alexandra49@adventure-works.com,"$100,000 ",3,Bachelors,Management,Y
16915,MR.,MASON,PHILLIPS,9/6/1968,M,M,mason26@adventure-works.com,"$100,000 ",3,Bachelors,Management,Y
16916,MRS.,CHERYL,DOMINGUEZ,6/23/1968,S,F,cheryl15@adventure-works.com,"$110,000 ",1,Graduate Degree,Management,N
16917,MR.,BRETT,SUBRAM,2/3/1968,M,M,brett12@adventure-works.com,"$120,000 ",1,Bachelors,Management,Y
16918,MS.,ALEXANDRIA,COX,8/11/1979,S,F,alexandria32@adventure-works.com,"$40,000 ",0,High School,Skilled Manual,Y
16919,MRS.,KAITLIN,SULLIVAN,10/18/1944,M,F,kaitlin13@adventure-works.com,"$20,000 ",4,High School,Skilled Manual,N
16920,MR.,EDUARDO,STEWART,1/17/1979,M,M,eduardo89@adventure-works.com,"$60,000 ",0,Partial College,Skilled Manual,N
16921,MR.,EDWIN,JAI,11/14/1978,M,M,edwin34@adventure-works.com,"$40,000 ",0,High School,Skilled Manual,Y
16922,MS.,EMMA,JACKSON,2/2/1978,S,F,emma11@adventure-works.com,"$40,000 ",0,Partial College,Skilled Manual,Y
16923,MR.,CONNOR,GONZALES,11/9/1978,S,M,connor11@adventure-works.com,"$40,000 ",0,Partial College,Skilled Manual,Y
16924,MS.,JULIA,PRICE,11/5/1978,S,F,julia66@adventure-works.com,"$60,000 ",0,Partial College,Skilled Manual,N
16925,MR.,SPENCER,PATTERSON,7/21/1978,S,M,spencer12@adventure-works.com,"$60,000 ",0,Partial College,Skilled Manual,N
16926,MR.,RODNEY,SANZ,2/26/1945,M,M,rodney14@adventure-works.com,"$10,000 ",2,Partial High School,Clerical,Y
16927,MRS.,REBEKAH,GONZALEZ,4/21/1945,M,F,rebekah18@adventure-works.com,"$20,000 ",4,High School,Skilled Manual,Y
16928,MR.,BRYAN,STEWART,10/21/1946,S,M,bryan22@adventure-works.com,"$30,000 ",2,Partial College,Clerical,Y
16929,MRS.,SAVANNAH,SCOTT,6/12/1946,M,F,savannah36@adventure-works.com,"$30,000 ",2,Partial College,Clerical,N
16930,MRS.,KRISTEN,ZHAO,7/9/1947,S,F,kristen9@adventure-works.com,"$20,000 ",4,High School,Skilled Manual,Y
16931,MR.,DALTON,LEE,9/14/1947,S,M,dalton21@adventure-works.com,"$30,000 ",3,Partial College,Clerical,Y
16932,MR.,ADAM,KING,7/10/1962,M,M,adam49@adventure-works.com,"$20,000 ",1,Graduate Degree,Manual,Y
16933,MR.,DONALD,ARUN,7/22/1962,S,M,donald8@adventure-works.com,"$20,000 ",1,Graduate Degree,Manual,Y
16934,MRS.,MICHELE,VAZQUEZ,6/10/1962,S,F,michele48@adventure-works.com,"$20,000 ",1,Graduate Degree,Manual,Y
16935,MR.,BRUCE,PEREZ,3/1/1962,S,M,bruce21@adventure-works.com,"$20,000 ",1,Graduate Degree,Clerical,Y
16936,MRS.,ALICE,SERVENTI,8/3/1936,M,F,alice3@adventure-works.com,"$10,000 ",1,Graduate Degree,Clerical,Y
16937,MR.,CRAIG,RUBIO,8/28/1962,M,M,craig20@adventure-works.com,"$30,000 ",5,Graduate Degree,Clerical,Y
16938,MRS.,ABIGAIL,WILLIAMS,5/11/1958,S,F,abigail49@adventure-works.com,"$20,000 ",1,Bachelors,Manual,Y
16939,MRS.,BAILEY,EVANS,12/10/1957,M,F,bailey21@adventure-works.com,"$10,000 ",1,Partial College,Manual,Y
16940,MRS.,JENNY,ZENG,11/1/1957,S,F,jenny24@adventure-works.com,"$20,000 ",1,Bachelors,Clerical,Y
16941,MRS.,AMY,YANG,9/19/1956,M,F,amy12@adventure-works.com,"$10,000 ",2,Partial College,Manual,Y
16942,MRS.,KAITLYN,BENNETT,4/4/1954,M,F,kaitlyn69@adventure-works.com,"$10,000 ",2,Partial College,Manual,Y
16943,MRS.,VERONICA,GARCIA,8/28/1938,M,F,veronica16@adventure-works.com,"$20,000 ",1,Bachelors,Clerical,Y
16944,MR.,ALEJANDRO,RAJI,5/7/1938,S,M,alejandro46@adventure-works.com,"$20,000 ",1,Bachelors,Clerical,Y
16945,MRS.,BRIANNA,KELLY,5/14/1938,S,F,brianna46@adventure-works.com,"$30,000 ",1,Graduate Degree,Clerical,Y
16946,MRS.,TERESA,DIAZ,7/26/1938,M,F,teresa4@adventure-works.com,"$30,000 ",1,Graduate Degree,Clerical,Y
16947,MRS.,SAVANNAH,STEWART,4/4/1970,M,F,savannah24@adventure-works.com,"$50,000 ",1,Bachelors,Skilled Manual,Y
16948,MRS.,EMMA,LEE,9/15/1970,M,F,emma21@adventure-works.com,"$50,000 ",1,Bachelors,Skilled Manual,Y
16949,MR.,LUIS,FLORES,4/16/1970,M,M,luis11@adventure-works.com,"$50,000 ",1,Bachelors,Skilled Manual,Y
16950,MR.,CONNOR,EDWARDS,11/15/1970,M,M,connor30@adventure-works.com,"$50,000 ",1,Bachelors,Skilled Manual,Y
16951,MRS.,CASSIDY,BENNETT,10/2/1970,M,F,cassidy1@adventure-works.com,"$50,000 ",1,Bachelors,Skilled Manual,Y
16952,MR.,THOMAS,MARTIN,10/22/1970,M,M,thomas76@adventure-works.com,"$50,000 ",1,Bachelors,Skilled Manual,Y
16953,MRS.,PAIGE,WARD,10/4/1970,M,F,paige36@adventure-works.com,"$60,000 ",1,Graduate Degree,Professional,Y
16954,MR.,FERNANDO,DAVIS,5/27/1970,S,M,fernando5@adventure-works.com,"$60,000 ",1,Graduate Degree,Professional,Y
16955,MR.,NATHANIEL,BRADLEY,8/18/1969,M,M,nathaniel15@adventure-works.com,"$50,000 ",2,Bachelors,Skilled Manual,Y
16956,MR.,AUSTIN,FLORES,1/9/1969,M,M,austin8@adventure-works.com,"$50,000 ",2,Bachelors,Skilled Manual,Y
16957,MR.,SETH,WILSON,11/20/1969,M,M,seth7@adventure-works.com,"$60,000 ",1,Graduate Degree,Professional,Y
16958,MR.,PEDRO,TORRES,11/2/1971,M,M,pedro32@adventure-works.com,"$60,000 ",1,Graduate Degree,Professional,Y
16959,MR.,CARSON,FOSTER,2/8/1971,M,M,carson15@adventure-works.com,"$60,000 ",1,Graduate Degree,Professional,Y
16960,MRS.,PAIGE,GRAY,9/7/1971,M,F,paige29@adventure-works.com,"$60,000 ",1,Graduate Degree,Professional,Y
16961,MRS.,FAITH,PERRY,6/16/1971,M,F,faith7@adventure-works.com,"$70,000 ",2,Graduate Degree,Professional,Y
16962,MR.,ZACHARY,COLEMAN,8/25/1969,M,M,zachary4@adventure-works.com,"$60,000 ",1,Graduate Degree,Professional,Y
16963,MRS.,FAITH,HUGHES,1/27/1969,M,F,faith10@adventure-works.com,"$60,000 ",1,Graduate Degree,Professional,Y
16964,MR.,GAVIN,WOOD,5/20/1969,M,M,gavin2@adventure-works.com,"$60,000 ",1,Graduate Degree,Professional,Y
16965,MRS.,KRISTI,ROMERO,3/2/1968,S,F,kristi4@adventure-works.com,"$70,000 ",2,Bachelors,Skilled Manual,N
16966,MRS.,AMANDA,DIAZ,6/11/1967,M,F,amanda43@adventure-works.com,"$40,000 ",5,High School,Skilled Manual,N
16967,MR.,NOAH,HERNANDEZ,2/15/1970,S,M,noah45@adventure-works.com,"$70,000 ",3,Graduate Degree,Professional,Y
16968,MR.,IAN,GRIFFIN,2/15/1970,S,M,ian61@adventure-works.com,"$80,000 ",2,Graduate Degree,Professional,Y
16969,MR.,JACKSON,TURNER,9/2/1970,M,M,jackson35@adventure-works.com,"$80,000 ",2,Graduate Degree,Professional,Y
16970,MRS.,KATHERINE,FOSTER,8/16/1967,S,F,katherine42@adventure-works.com,"$50,000 ",2,Bachelors,Skilled Manual,Y
16972,MR.,LUCAS,HERNANDEZ,4/10/1967,S,M,lucas41@adventure-works.com,"$50,000 ",2,Bachelors,Skilled Manual,Y
16973,MRS.,KATHERINE,COLLINS,3/27/1967,S,F,katherine51@adventure-works.com,"$50,000 ",2,Bachelors,Skilled Manual,Y
16974,MRS.,PAIGE,RIVERA,6/28/1967,S,F,paige41@adventure-works.com,"$50,000 ",2,Bachelors,Skilled Manual,Y
16975,MR.,BENJAMIN,LEE,6/10/1966,M,M,benjamin37@adventure-works.com,"$60,000 ",3,Bachelors,Skilled Manual,Y
16976,MRS.,SANDRA,XU,3/10/1966,S,F,sandra19@adventure-works.com,"$60,000 ",3,Bachelors,Skilled Manual,N
16977,MR.,NOAH,ADAMS,10/6/1966,S,M,noah41@adventure-works.com,"$60,000 ",0,Graduate Degree,Professional,Y
16978,MR.,JEREMY,RIVERA,4/4/1966,M,M,jeremy37@adventure-works.com,"$60,000 ",0,Graduate Degree,Professional,Y
16979,MRS.,KAITLYN,ROGERS,8/3/1966,S,F,kaitlyn49@adventure-works.com,"$70,000 ",4,Graduate Degree,Professional,Y
16980,MRS.,JILL,MOORE,4/8/1966,M,F,jill5@adventure-works.com,"$70,000 ",4,Graduate Degree,Professional,Y
16981,MR.,HUNTER,SIMMONS,7/16/1969,M,M,hunter12@adventure-works.com,"$70,000 ",5,Graduate Degree,Professional,Y
16982,MRS.,JILLIAN,LOPEZ,3/7/1969,M,F,jillian17@adventure-works.com,"$70,000 ",5,Graduate Degree,Professional,Y
16983,MR.,GABRIEL,COLLINS,3/5/1969,M,M,gabriel32@adventure-works.com,"$80,000 ",3,Graduate Degree,Professional,Y
16984,MR.,RODNEY,MORENO,1/4/1965,S,M,rodney2@adventure-works.com,"$40,000 ",0,Bachelors,Professional,Y
16985,MR.,ADAM,LI,10/4/1965,S,M,adam23@adventure-works.com,"$80,000 ",3,Bachelors,Skilled Manual,Y
16986,MRS.,SARA,ADAMS,2/4/1965,S,F,sara42@adventure-works.com,"$80,000 ",3,Bachelors,Skilled Manual,Y
16987,MR.,MIGUEL,CLARK,4/9/1965,S,M,miguel19@adventure-works.com,"$80,000 ",3,Bachelors,Skilled Manual,Y
16988,MR.,BRIAN,BAILEY,4/19/1965,S,M,brian27@adventure-works.com,"$80,000 ",3,Bachelors,Skilled Manual,N
16989,MRS.,EMMA,RICHARDSON,9/20/1965,S,F,emma36@adventure-works.com,"$80,000 ",3,Bachelors,Skilled Manual,Y
16990,MR.,ZACHARY,GRIFFIN,7/21/1965,M,M,zachary19@adventure-works.com,"$60,000 ",0,Graduate Degree,Professional,Y
16991,MRS.,BRIANNA,HENDERSON,9/21/1964,S,F,brianna51@adventure-works.com,"$60,000 ",4,Bachelors,Skilled Manual,Y
16992,MR.,LUCAS,WATSON,9/16/1964,S,M,lucas71@adventure-works.com,"$60,000 ",4,Bachelors,Skilled Manual,Y
16993,MR.,RUSSELL,RAI,8/18/1964,M,M,russell20@adventure-works.com,"$60,000 ",4,Bachelors,Skilled Manual,Y
16994,MRS.,DEANNA,TORRES,6/16/1964,S,F,deanna38@adventure-works.com,"$60,000 ",5,Bachelors,Skilled Manual,Y
16995,MRS.,TAYLOR,HALL,7/21/1964,S,F,taylor70@adventure-works.com,"$60,000 ",5,Bachelors,Skilled Manual,Y
16996,MRS.,DESTINY,WALKER,7/14/1964,S,F,destiny21@adventure-works.com,"$60,000 ",5,Bachelors,Skilled Manual,Y
16997,MRS.,NATALIE,ALLEN,4/24/1964,S,F,natalie66@adventure-works.com,"$60,000 ",4,Bachelors,Skilled Manual,N
16998,MRS.,JENNIFER,LOPEZ,7/11/1964,S,F,jennifer24@adventure-works.com,"$60,000 ",4,Bachelors,Skilled Manual,N
16999,MRS.,CHLOE,KELLY,4/18/1964,S,F,chloe64@adventure-works.com,"$60,000 ",4,Bachelors,Skilled Manual,N
17000,MRS.,MIRANDA,HENDERSON,7/3/1963,S,F,miranda5@adventure-works.com,"$70,000 ",4,Bachelors,Skilled Manual,Y
17001,MRS.,ASHLEY,MOORE,9/2/1963,S,F,ashley8@adventure-works.com,"$70,000 ",4,Bachelors,Skilled Manual,N
17002,MR.,DYLAN,MARTIN,12/15/1963,S,M,dylan44@adventure-works.com,"$70,000 ",4,Bachelors,Professional,Y
17003,MRS.,JOANNA,DOMINGUEZ,10/28/1963,S,F,joanna11@adventure-works.com,"$70,000 ",4,Bachelors,Professional,N
17004,MRS.,KRISTA,TORRES,5/8/1963,S,F,krista12@adventure-works.com,"$70,000 ",4,Bachelors,Professional,Y
17005,MRS.,PRISCILLA,ANAND,1/19/1963,S,F,priscilla21@adventure-works.com,"$70,000 ",4,Bachelors,Professional,Y
17006,MR.,HUNTER,WILLIAMS,2/7/1963,M,M,hunter61@adventure-works.com,"$70,000 ",4,Bachelors,Professional,Y
17007,MR.,SAMUEL,HAYES,6/21/1968,S,M,samuel22@adventure-works.com,"$70,000 ",0,Bachelors,Professional,N
17008,MR.,CONNOR,TURNER,4/28/1968,S,M,connor34@adventure-works.com,"$70,000 ",0,Bachelors,Professional,N
17009,MR.,WYATT,BUTLER,10/26/1968,S,M,wyatt64@adventure-works.com,"$70,000 ",0,Bachelors,Professional,Y
17010,MS.,BRIANNA,JAMES,4/27/1968,S,F,brianna43@adventure-works.com,"$70,000 ",0,Bachelors,Professional,Y
17011,MRS.,SARA,HILL,4/20/1968,M,F,sara39@adventure-works.com,"$60,000 ",2,Graduate Degree,Professional,Y
17012,MRS.,JOAN,COLLINS,10/19/1963,M,F,joan12@adventure-works.com,"$60,000 ",3,Graduate Degree,Professional,Y
17013,MRS.,GABRIELLA,MITCHELL,3/9/1962,S,F,gabriella34@adventure-works.com,"$70,000 ",1,Bachelors,Professional,N
17014,MR.,MICHAEL,HARRIS,10/27/1962,S,M,michael45@adventure-works.com,"$70,000 ",1,Bachelors,Professional,Y
17015,MRS.,KELLY,PATTERSON,5/5/1962,S,F,kelly15@adventure-works.com,"$70,000 ",1,Bachelors,Professional,Y
17016,MRS.,HAILEY,HUGHES,8/24/1962,S,F,hailey31@adventure-works.com,"$70,000 ",1,Bachelors,Professional,N
17017,MR.,JEREMIAH,JONES,5/4/1962,M,M,jeremiah26@adventure-works.com,"$70,000 ",1,Partial College,Skilled Manual,Y
17018,MRS.,MANDY,GUO,6/14/1961,M,F,mandy19@adventure-works.com,"$40,000 ",4,High School,Skilled Manual,Y
17019,MRS.,ANDREA,HALL,5/27/1961,M,F,andrea44@adventure-works.com,"$40,000 ",4,High School,Skilled Manual,Y
17020,MRS.,ASHLEY,BRYANT,8/21/1961,M,F,ashley45@adventure-works.com,"$40,000 ",4,High School,Skilled Manual,Y
17021,MRS.,NICOLE,REED,7/6/1961,M,F,nicole29@adventure-works.com,"$60,000 ",1,Partial College,Skilled Manual,Y
17022,MRS.,KAREN,MORGAN,4/11/1961,M,F,karen34@adventure-works.com,"$60,000 ",1,Partial College,Skilled Manual,Y
17023,MR.,JEREMIAH,HARRIS,7/16/1960,M,M,jeremiah5@adventure-works.com,"$60,000 ",1,Partial College,Skilled Manual,Y
17024,MRS.,JACQUELINE,DIAZ,11/11/1960,M,F,jacqueline22@adventure-works.com,"$60,000 ",1,Partial College,Skilled Manual,Y
17025,MR.,RYAN,TAYLOR,5/2/1967,S,M,ryan48@adventure-works.com,"$50,000 ",0,Partial College,Skilled Manual,N
17026,MR.,JORDAN,LI,7/13/1967,S,M,jordan22@adventure-works.com,"$50,000 ",0,Partial College,Skilled Manual,N
17027,MS.,BRIANNA,TAYLOR,6/27/1967,S,F,brianna7@adventure-works.com,"$50,000 ",0,Partial College,Skilled Manual,N
17028,MRS.,GRACE,RICHARDSON,10/27/1960,M,F,grace35@adventure-works.com,"$60,000 ",1,Partial College,Skilled Manual,Y
17029,MRS.,SUZANNE,XU,12/25/1960,M,F,suzanne13@adventure-works.com,"$60,000 ",1,Partial College,Skilled Manual,Y
17030,MRS.,EMILY,RUSSELL,2/25/1959,M,F,emily45@adventure-works.com,"$60,000 ",1,Partial College,Skilled Manual,Y
17031,MRS.,GRACE,THOMAS,11/25/1959,M,F,grace10@adventure-works.com,"$60,000 ",5,Bachelors,Professional,Y
17032,MRS.,ALEXANDRIA,FLORES,11/6/1959,M,F,alexandria12@adventure-works.com,"$60,000 ",5,Bachelors,Professional,Y
17034,MRS.,LAUREN,CLARK,4/12/1959,S,F,lauren37@adventure-works.com,"$60,000 ",4,Bachelors,Professional,Y
17035,MR.,JORDAN,FLORES,10/22/1959,M,M,jordan9@adventure-works.com,"$60,000 ",4,Bachelors,Professional,Y
17036,MRS.,SAVANNAH,PEREZ,7/20/1959,M,F,savannah34@adventure-works.com,"$70,000 ",5,Graduate Degree,Professional,N
17037,MR.,KENNETH,NATH,11/11/1959,M,M,kenneth15@adventure-works.com,"$80,000 ",4,Graduate Degree,Professional,Y
17038,MR.,ERNEST,WANG,2/7/1959,S,M,ernest1@adventure-works.com,"$80,000 ",4,Graduate Degree,Professional,Y
17039,MRS.,ARIANA,WATSON,4/16/1958,M,F,ariana0@adventure-works.com,"$60,000 ",1,Bachelors,Professional,Y
17040,MR.,ADAM,HENDERSON,8/27/1958,M,M,adam3@adventure-works.com,"$60,000 ",1,Bachelors,Professional,Y
17041,MR.,CONNOR,PERRY,5/14/1958,M,M,connor4@adventure-works.com,"$60,000 ",1,Bachelors,Professional,Y
17042,MR.,TYLER,JACKSON,10/24/1958,M,M,tyler0@adventure-works.com,"$60,000 ",1,Bachelors,Professional,Y
17043,MRS.,ISABELLA,BENNETT,3/29/1958,M,F,isabella12@adventure-works.com,"$60,000 ",1,Bachelors,Professional,Y
17044,MRS.,ANA,HAYES,11/26/1958,M,F,ana21@adventure-works.com,"$80,000 ",5,Graduate Degree,Management,Y
17045,MR.,DEREK,GOEL,7/9/1969,S,M,derek17@adventure-works.com,"$90,000 ",1,Graduate Degree,Management,Y
17046,MR.,PRESTON,SAI,9/6/1969,M,M,preston4@adventure-works.com,"$90,000 ",1,Graduate Degree,Management,Y
17047,MRS.,KENDRA,RUBIO,8/16/1969,M,F,kendra21@adventure-works.com,"$90,000 ",1,Graduate Degree,Management,Y
17048,MRS.,NATASHA,GUTIERREZ,9/18/1969,S,F,natasha10@adventure-works.com,"$90,000 ",1,Graduate Degree,Management,Y
17049,MRS.,KRYSTAL,LU,4/7/1969,M,F,krystal11@adventure-works.com,"$100,000 ",1,Graduate Degree,Management,N
17050,MRS.,CRISTINA,XIE,11/24/1970,M,F,cristina3@adventure-works.com,"$80,000 ",4,Graduate Degree,Management,Y
17051,MRS.,JESSIE,ORTEGA,2/26/1968,M,F,jessie41@adventure-works.com,"$60,000 ",2,Bachelors,Professional,Y
17052,MR.,RAFAEL,NARA,4/21/1968,M,M,rafael40@adventure-works.com,"$70,000 ",5,Bachelors,Professional,Y
17053,MRS.,DEANNA,RAMAN,7/28/1968,M,F,deanna15@adventure-works.com,"$70,000 ",5,Bachelors,Professional,Y
17054,MR.,SHAWN,RAJE,8/26/1967,M,M,shawn16@adventure-works.com,"$70,000 ",5,Bachelors,Professional,Y
17055,MR.,WILLIE,SHE,11/9/1969,S,M,willie20@adventure-works.com,"$110,000 ",1,Graduate Degree,Management,Y
17056,MR.,SHAUN,LAL,9/16/1969,S,M,shaun9@adventure-works.com,"$110,000 ",1,Graduate Degree,Management,Y
17057,MRS.,TASHA,RAJI,8/27/1969,M,F,tasha21@adventure-works.com,"$110,000 ",1,Graduate Degree,Management,Y
17058,MRS.,DESTINY,LEE,7/11/1967,M,F,destiny20@adventure-works.com,"$70,000 ",5,Bachelors,Professional,Y
17059,MR.,LOUIS,CHEN,1/6/1967,M,M,louis40@adventure-works.com,"$70,000 ",5,Bachelors,Professional,Y
17060,MR.,GERALD,SANZ,3/20/1967,M,M,gerald27@adventure-works.com,"$80,000 ",5,Graduate Degree,Management,Y
17061,MRS.,BRANDI,ALONSO,10/11/1967,M,F,brandi8@adventure-works.com,"$80,000 ",5,Graduate Degree,Management,Y
17062,MRS.,CHRISTY,LU,11/27/1967,M,F,christy10@adventure-works.com,"$80,000 ",5,Graduate Degree,Management,Y
17063,MRS.,JACLYN,WANG,6/17/1966,M,F,jaclyn1@adventure-works.com,"$80,000 ",5,Bachelors,Professional,Y
17064,MS.,STEPHANIE,GRAY,5/24/1966,M,F,stephanie21@adventure-works.com,"$90,000 ",0,Bachelors,Professional,Y
17065,,CEDRIC,CHEN,4/27/1966,M,NA,cedric2@adventure-works.com,"$100,000 ",0,Graduate Degree,Management,Y
17066,MRS.,LORI,SERRANO,4/8/1965,M,F,lori17@adventure-works.com,"$60,000 ",3,Bachelors,Professional,Y
17067,MRS.,ADRIENNE,ALVAREZ,3/23/1965,S,F,adrienne4@adventure-works.com,"$60,000 ",3,Bachelors,Professional,Y
17068,MR.,THOMAS,SMITH,9/2/1968,S,M,thomas60@adventure-works.com,"$70,000 ",0,Bachelors,Professional,N
17069,MS.,CHRISTY,ZHENG,12/15/1968,S,F,christy17@adventure-works.com,"$70,000 ",0,Bachelors,Professional,N
17070,MRS.,MARGARET,HUANG,11/5/1968,M,F,margaret12@adventure-works.com,"$80,000 ",5,Bachelors,Professional,Y
17071,MS.,TAMMY,RAJI,2/18/1965,S,F,tammy22@adventure-works.com,"$70,000 ",0,Bachelors,Professional,Y
17072,MRS.,KAITLIN,KAPOOR,5/10/1964,M,F,kaitlin1@adventure-works.com,"$60,000 ",3,Bachelors,Professional,Y
17073,MR.,JONATHON,CARLSON,3/15/1964,M,M,jonathon14@adventure-works.com,"$60,000 ",3,Bachelors,Professional,Y
17074,MR.,RUBEN,MALHOTRA,2/24/1964,M,M,ruben5@adventure-works.com,"$60,000 ",4,Bachelors,Professional,Y
17075,MRS.,AIMEE,GUO,7/13/1964,M,F,aimee12@adventure-works.com,"$60,000 ",4,Bachelors,Professional,Y
17076,MR.,NEIL,SERRANO,11/22/1963,M,M,neil15@adventure-works.com,"$60,000 ",5,Bachelors,Professional,Y
17077,MR.,RONALD,RAMAN,2/28/1963,S,M,ronald14@adventure-works.com,"$60,000 ",3,Bachelors,Professional,N
17078,MS.,JENNY,ZHU,8/5/1963,S,F,jenny16@adventure-works.com,"$70,000 ",0,Bachelors,Professional,N
17079,MS.,TRACY,RAI,2/14/1963,S,F,tracy16@adventure-works.com,"$70,000 ",0,Bachelors,Professional,N
17080,MS.,KATELYN,PETERSON,1/20/1973,S,F,katelyn3@adventure-works.com,"$30,000 ",0,Partial College,Clerical,Y
17081,MS.,JENNIFER,MURPHY,2/8/1974,S,F,jennifer60@adventure-works.com,"$30,000 ",0,Partial College,Clerical,N
17082,MS.,MORGAN,SMITH,5/23/1974,S,F,morgan23@adventure-works.com,"$30,000 ",0,Partial College,Clerical,N
17083,MS.,PRISCILLA,RAJE,8/17/1974,S,F,priscilla12@adventure-works.com,"$30,000 ",0,Partial College,Clerical,Y
17084,MR.,BYRON,SERRANO,11/14/1980,S,M,byron10@adventure-works.com,"$20,000 ",0,Partial High School,Manual,N
17085,MR.,EDWIN,DENG,4/8/1974,M,M,edwin23@adventure-works.com,"$40,000 ",1,Bachelors,Skilled Manual,Y
17086,MR.,XAVIER,ANDERSON,10/9/1973,S,M,xavier7@adventure-works.com,"$30,000 ",0,High School,Manual,N
17087,MR.,JÉSUS,DOMINGUEZ,6/23/1972,M,M,jésus11@adventure-works.com,"$10,000 ",0,Partial High School,Manual,N
17088,MR.,WAYNE,YUAN,8/1/1972,S,M,wayne8@adventure-works.com,"$10,000 ",0,Partial High School,Manual,Y
17089,MS.,CRYSTAL,ZHU,11/3/1972,M,F,crystal15@adventure-works.com,"$10,000 ",0,Partial High School,Manual,N
17090,MS.,LESLIE,ALVAREZ,8/16/1972,S,F,leslie5@adventure-works.com,"$10,000 ",0,Partial High School,Manual,N
17091,MS.,TAMMY,PATEL,4/22/1972,M,F,tammy3@adventure-works.com,"$10,000 ",0,Partial High School,Manual,N
17092,MR.,DEVON,BECK,12/12/1973,M,M,devon17@adventure-works.com,"$40,000 ",1,Bachelors,Skilled Manual,Y
17093,MR.,SETH,SANCHEZ,8/18/1973,M,M,seth88@adventure-works.com,"$40,000 ",1,Bachelors,Skilled Manual,Y
17094,MR.,JULIO,DOMINGUEZ,7/6/1973,S,M,julio13@adventure-works.com,"$50,000 ",0,Graduate Degree,Skilled Manual,Y
17095,MR.,LOGAN,GARCIA,2/6/1972,S,M,logan68@adventure-works.com,"$20,000 ",0,Partial High School,Manual,N
17096,MS.,SAMANTHA,BENNETT,10/20/1972,M,F,samantha26@adventure-works.com,"$20,000 ",0,Partial High School,Manual,N
17097,MS.,DEANNA,KAPOOR,2/6/1972,S,F,deanna4@adventure-works.com,"$30,000 ",0,High School,Manual,N
17098,MR.,WILLIE,SHAN,1/16/1972,S,M,willie29@adventure-works.com,"$30,000 ",0,High School,Manual,N
17099,MR.,JOEL,FERNANDEZ,11/17/1972,S,M,joel15@adventure-works.com,"$30,000 ",0,High School,Manual,N
17100,MR.,VINCENT,WANG,2/3/1972,S,M,vincent2@adventure-works.com,"$30,000 ",0,High School,Manual,Y
17101,MR.,SHANNON,GUTIERREZ,11/3/1972,S,M,shannon32@adventure-works.com,"$30,000 ",0,High School,Manual,Y
17102,MR.,ANDRES,GOEL,7/14/1972,S,M,andres16@adventure-works.com,"$30,000 ",0,High School,Manual,Y
17103,MR.,FRANKLIN,XU,9/14/1972,M,M,franklin23@adventure-works.com,"$40,000 ",1,Partial College,Clerical,Y
17104,MR.,CLIFFORD,RODRIGUEZ,3/7/1972,S,M,clifford18@adventure-works.com,"$40,000 ",2,Partial College,Clerical,Y
17105,MS.,MADISON,WALKER,11/26/1971,S,F,madison23@adventure-works.com,"$10,000 ",0,Partial High School,Manual,N
17106,MS.,GINA,JIMÉNEZ,3/22/1971,S,F,gina6@adventure-works.com,"$10,000 ",0,Partial High School,Manual,N
17107,MS.,PRISCILLA,YUAN,2/2/1971,S,F,priscilla6@adventure-works.com,"$20,000 ",0,Partial High School,Manual,N
17108,MS.,SUSAN,XU,9/9/1971,S,F,susan22@adventure-works.com,"$20,000 ",0,Partial High School,Manual,N
17109,MS.,SYDNEY,WILSON,5/20/1971,S,F,sydney71@adventure-works.com,"$30,000 ",0,High School,Manual,N
17110,MS.,MEREDITH,GARCIA,11/4/1971,S,F,meredith14@adventure-works.com,"$30,000 ",0,High School,Manual,Y
17111,MRS.,JENNY,CHANDE,5/18/1970,M,F,jenny37@adventure-works.com,"$40,000 ",2,Partial College,Clerical,N
17112,MRS.,JANET,JIMENEZ,7/21/1970,M,F,janet10@adventure-works.com,"$40,000 ",2,Partial College,Clerical,N
17113,MR.,CLARENCE,PAL,4/22/1971,S,M,clarence27@adventure-works.com,"$40,000 ",2,Partial College,Clerical,Y
17114,MR.,JARROD,MEHTA,10/12/1971,S,M,jarrod14@adventure-works.com,"$40,000 ",2,Partial College,Clerical,Y
17115,MRS.,KAREN,XU,2/12/1971,M,F,karen22@adventure-works.com,"$40,000 ",2,Partial College,Clerical,N
17116,MRS.,ALISON,NATH,7/24/1974,S,F,alison19@adventure-works.com,"$40,000 ",3,Partial College,Clerical,Y
17117,MRS.,LYDIA,PRASAD,5/27/1974,M,F,lydia8@adventure-works.com,"$40,000 ",3,Partial College,Clerical,N
17118,MS.,SARA,BLUE,7/7/1974,S,F,sara15@adventure-works.com,"$30,000 ",0,Graduate Degree,Skilled Manual,Y
17119,MRS.,ISABELLA,HARRIS,5/6/1975,S,F,isabella69@adventure-works.com,"$40,000 ",4,Partial College,Clerical,Y
17120,MS.,MICHELE,RAJE,5/16/1966,S,F,michele14@adventure-works.com,"$60,000 ",0,Graduate Degree,Skilled Manual,Y
17121,MR.,LUCAS,BRYANT,8/20/1966,S,M,lucas66@adventure-works.com,"$60,000 ",0,Graduate Degree,Skilled Manual,Y
17122,MS.,GABRIELLE,GONZALEZ,3/18/1966,S,F,gabrielle52@adventure-works.com,"$60,000 ",0,Graduate Degree,Skilled Manual,Y
17123,MR.,PEDRO,ROMERO,9/26/1953,M,M,pedro29@adventure-works.com,"$30,000 ",1,Bachelors,Skilled Manual,Y
17124,MRS.,KAITLIN,MADAN,8/12/1953,M,F,kaitlin7@adventure-works.com,"$30,000 ",1,Bachelors,Skilled Manual,Y
17125,MRS.,PAIGE,ROGERS,11/19/1954,M,F,paige44@adventure-works.com,"$20,000 ",3,Partial High School,Manual,N
17126,MRS.,NATALIE,PERRY,10/8/1944,S,F,natalie30@adventure-works.com,"$70,000 ",4,Bachelors,Management,N
17127,MRS.,MAKAYLA,GRAY,6/2/1945,S,F,makayla6@adventure-works.com,"$40,000 ",4,High School,Professional,Y
17128,MR.,FERNANDO,ALEXANDER,12/6/1945,S,M,fernando60@adventure-works.com,"$40,000 ",4,High School,Professional,Y
17129,MRS.,GABRIELLE,POWELL,6/11/1945,S,F,gabrielle31@adventure-works.com,"$40,000 ",4,High School,Professional,Y
17130,MRS.,JANET,TURNER,11/8/1945,S,F,janet32@adventure-works.com,"$70,000 ",4,Bachelors,Management,Y
17131,MRS.,LAUREN,HENDERSON,3/3/1945,S,F,lauren52@adventure-works.com,"$70,000 ",4,Bachelors,Management,Y
17132,MRS.,ISABELLA,JAMES,12/6/1945,S,F,isabella6@adventure-works.com,"$70,000 ",5,Bachelors,Management,Y
17133,MR.,LUCAS,KELLY,11/15/1946,S,M,lucas73@adventure-works.com,"$70,000 ",5,Bachelors,Management,Y
17135,MR.,RICHARD,EDWARDS,10/12/1946,S,M,richard38@adventure-works.com,"$70,000 ",5,Bachelors,Management,Y
17136,MR.,GLENN,YE,8/27/1946,S,M,glenn10@adventure-works.com,"$70,000 ",5,Bachelors,Management,Y
17137,MR.,JASON,WASHINGTON,12/5/1946,S,M,jason10@adventure-works.com,"$60,000 ",4,Bachelors,Management,Y
17138,MRS.,MELANIE,JENKINS,7/8/1946,S,F,melanie22@adventure-works.com,"$60,000 ",4,Bachelors,Management,Y
17139,MRS.,JADE,RIVERA,5/26/1947,S,F,jade14@adventure-works.com,"$70,000 ",2,Partial College,Professional,Y
17140,MR.,SEAN,PETERSON,5/9/1947,M,M,sean12@adventure-works.com,"$70,000 ",2,Partial College,Professional,Y
17141,,MAKAYLA,ROGERS,5/11/1947,S,NA,makayla15@adventure-works.com,"$70,000 ",2,Partial College,Professional,Y
17142,MR.,SETH,FLORES,4/18/1947,M,M,seth60@adventure-works.com,"$60,000 ",5,Bachelors,Management,Y
17143,MR.,DAVID,ROSS,9/3/1948,M,M,david36@adventure-works.com,"$40,000 ",2,High School,Professional,Y
17144,MR.,LUIS,GRIFFIN,2/20/1948,M,M,luis20@adventure-works.com,"$60,000 ",2,Partial College,Professional,Y
17145,MRS.,SARAH,BENNETT,4/15/1948,S,F,sarah26@adventure-works.com,"$60,000 ",2,Partial College,Professional,Y
17146,MR.,JUAN,COOK,2/13/1948,S,M,juan31@adventure-works.com,"$60,000 ",2,Bachelors,Management,Y
17147,MRS.,JENNIFER,NELSON,5/24/1949,S,F,jennifer11@adventure-works.com,"$40,000 ",2,High School,Professional,Y
17148,MRS.,HAILEY,HENDERSON,7/17/1949,S,F,hailey26@adventure-works.com,"$40,000 ",2,Partial High School,Skilled Manual,Y
17149,MR.,STEVEN,RICHARDSON,4/22/1949,M,M,steven19@adventure-works.com,"$60,000 ",2,Partial College,Professional,Y
17151,MRS.,JASMINE,ALEXANDER,7/21/1949,S,F,jasmine58@adventure-works.com,"$60,000 ",2,Partial College,Professional,Y
17152,MR.,JACK,WANG,11/7/1949,S,M,jack25@adventure-works.com,"$60,000 ",2,Partial College,Professional,Y
17153,MR.,DEVIN,BUTLER,2/20/1949,M,M,devin52@adventure-works.com,"$60,000 ",2,Bachelors,Management,Y
17154,MR.,GEOFFREY,MARTINEZ,8/20/1949,M,M,geoffrey15@adventure-works.com,"$60,000 ",2,Bachelors,Management,Y
17155,MR.,SAMUEL,LEWIS,4/21/1949,M,M,samuel71@adventure-works.com,"$60,000 ",2,Partial College,Professional,Y
17156,MRS.,HAILEY,GONZALES,8/15/1949,S,F,hailey37@adventure-works.com,"$70,000 ",4,Partial College,Professional,Y
17157,MR.,WYATT,JOHNSON,12/17/1949,M,M,wyatt1@adventure-works.com,"$70,000 ",5,Partial College,Professional,Y
17158,MR.,MITCHELL,NARA,5/16/1950,M,M,mitchell14@adventure-works.com,"$60,000 ",2,Partial College,Professional,Y
17159,MRS.,KELLIE,RUIZ,10/4/1950,S,F,kellie2@adventure-works.com,"$60,000 ",2,Partial College,Professional,Y
17160,MR.,LOUIS,ANDERSEN,1/4/1950,M,M,louis29@adventure-works.com,"$60,000 ",2,Partial College,Professional,Y
17161,MRS.,KATHERINE,LOPEZ,10/16/1950,S,F,katherine69@adventure-works.com,"$60,000 ",2,Partial College,Professional,Y
17162,MRS.,RACHEL,BLUE,1/4/1950,S,F,rachel50@adventure-works.com,"$60,000 ",2,Partial College,Professional,Y
17163,MR.,EDWARD,ADAMS,8/23/1950,M,M,edward8@adventure-works.com,"$60,000 ",2,Partial College,Professional,Y
17164,MR.,RYAN,CLARK,4/8/1950,M,M,ryan55@adventure-works.com,"$60,000 ",2,Partial College,Professional,Y
17165,MR.,ISAAC,GONZALEZ,7/14/1950,S,M,isaac30@adventure-works.com,"$70,000 ",4,Partial College,Professional,Y
17166,MR.,JOSHUA,SEVERAL,6/23/1951,M,M,joshua1@adventure-works.com,"$60,000 ",2,High School,Professional,Y
17167,MR.,THOMAS,JENKINS,8/16/1951,M,M,thomas8@adventure-works.com,"$60,000 ",2,High School,Professional,Y
17168,MRS.,JADA,PEREZ,7/27/1951,S,F,jada24@adventure-works.com,"$60,000 ",2,High School,Professional,Y
17169,MRS.,EMILY,TAYLOR,7/7/1951,M,F,emily9@adventure-works.com,"$60,000 ",2,Partial College,Professional,Y
17170,MRS.,JASMINE,JAMES,7/6/1951,M,F,jasmine36@adventure-works.com,"$60,000 ",2,Partial College,Professional,Y
17171,MRS.,KATHERINE,CLARK,11/27/1951,S,F,katherine90@adventure-works.com,"$70,000 ",4,Partial College,Professional,Y
17172,MR.,JESSE,ADAMS,3/24/1952,M,M,jesse39@adventure-works.com,"$70,000 ",2,Partial High School,Skilled Manual,Y
17173,MR.,DAVID,BRYANT,11/23/1952,S,M,david51@adventure-works.com,"$70,000 ",2,Partial High School,Skilled Manual,Y
17174,MRS.,ANGELICA,WOOD,9/25/1952,S,F,angelica1@adventure-works.com,"$70,000 ",2,Partial High School,Skilled Manual,Y
17175,MRS.,AMANDA,ROBERTS,5/18/1952,S,F,amanda47@adventure-works.com,"$70,000 ",2,Partial High School,Skilled Manual,Y
17176,MR.,ISAAC,WARD,5/12/1952,S,M,isaac12@adventure-works.com,"$70,000 ",2,Partial High School,Skilled Manual,Y
17177,MR.,RICHARD,HAYES,6/11/1952,M,M,richard78@adventure-works.com,"$60,000 ",2,High School,Professional,Y
17178,MRS.,TRISHA,LIANG,7/19/1952,M,F,trisha11@adventure-works.com,"$60,000 ",2,High School,Professional,Y
17179,MR.,JAMES,HENDERSON,7/22/1952,S,M,james20@adventure-works.com,"$60,000 ",2,High School,Professional,Y
17180,MR.,TIMOTHY,ROGERS,12/19/1953,M,M,timothy21@adventure-works.com,"$70,000 ",4,Partial College,Professional,Y
17181,MRS.,JENNY,LAL,3/20/1958,M,F,jenny32@adventure-works.com,"$130,000 ",2,Bachelors,Management,N
17182,MRS.,JESSICA,PATTERSON,5/10/1958,S,F,jessica35@adventure-works.com,"$170,000 ",2,Bachelors,Management,N
17183,MR.,SHANE,SANCHEZ,11/9/1957,M,M,shane23@adventure-works.com,"$130,000 ",2,Partial College,Professional,Y
17184,MR.,EDDIE,DOMINGUEZ,2/2/1957,M,M,eddie13@adventure-works.com,"$130,000 ",2,Partial College,Professional,Y
17185,MRS.,KARLA,ANAND,9/21/1957,M,F,karla23@adventure-works.com,"$170,000 ",4,Partial College,Professional,N
17186,MR.,ISAAC,EVANS,1/24/1956,M,M,isaac23@adventure-works.com,"$120,000 ",3,High School,Professional,Y
17187,MR.,ALEJANDRO,MA,4/1/1955,S,M,alejandro19@adventure-works.com,"$90,000 ",2,High School,Professional,Y
17188,MRS.,ALEXA,PETERSON,9/21/1955,M,F,alexa4@adventure-works.com,"$110,000 ",3,Partial College,Professional,Y
17189,MR.,CLARENCE,GOEL,11/16/1955,M,M,clarence34@adventure-works.com,"$110,000 ",3,Partial College,Professional,Y
17190,MRS.,EBONY,RANA,10/7/1955,S,F,ebony11@adventure-works.com,"$120,000 ",2,Partial High School,Professional,Y
17191,MR.,GILBERT,GUO,8/14/1955,S,M,gilbert15@adventure-works.com,"$130,000 ",3,Partial College,Professional,N
17192,MR.,WARREN,HE,9/23/1955,S,M,warren31@adventure-works.com,"$160,000 ",2,High School,Professional,N
17193,MRS.,HALEY,BROOKS,6/20/1954,M,F,haley17@adventure-works.com,"$80,000 ",4,Partial College,Professional,Y
17194,MR.,WYATT,THOMPSON,8/19/1954,M,M,wyatt16@adventure-works.com,"$80,000 ",4,Partial College,Professional,Y
17195,MR.,FRANKLIN,SHARMA,5/22/1944,M,M,franklin27@adventure-works.com,"$70,000 ",5,High School,Professional,Y
17196,MR.,DOUGLAS,FERNANDEZ,7/27/1944,S,M,douglas20@adventure-works.com,"$70,000 ",5,High School,Professional,Y
17197,MRS.,MINDY,NARA,1/17/1944,S,F,mindy21@adventure-works.com,"$90,000 ",5,Partial College,Professional,Y
17198,MRS.,CHERYL,JIMÉNEZ,10/18/1944,S,F,cheryl7@adventure-works.com,"$90,000 ",5,Partial College,Professional,N
17199,MR.,DENNIS,ZHOU,11/8/1945,M,M,dennis10@adventure-works.com,"$70,000 ",5,High School,Professional,N
17200,MR.,RUSSELL,SHE,10/3/1945,S,M,russell4@adventure-works.com,"$80,000 ",5,Partial College,Professional,N
17201,MR.,VINCENT,YANG,11/21/1945,S,M,vincent5@adventure-works.com,"$80,000 ",5,Partial College,Professional,N
17202,MRS.,DEANNA,MARTINEZ,4/17/1945,M,F,deanna21@adventure-works.com,"$110,000 ",3,Bachelors,Management,Y
17203,MRS.,CHRISTINE,RAJE,2/18/1945,M,F,christine9@adventure-works.com,"$130,000 ",4,Partial College,Professional,Y
17204,MRS.,EVELYN,MARTINEZ,5/27/1945,S,F,evelyn18@adventure-works.com,"$130,000 ",4,Partial College,Professional,N
17205,MRS.,LISA,WANG,8/15/1945,S,F,lisa4@adventure-works.com,"$150,000 ",3,Graduate Degree,Management,N
17206,MR.,SPENCER,GONZALES,1/12/1954,M,M,spencer19@adventure-works.com,"$90,000 ",3,High School,Professional,N
17207,MR.,IAN,TORRES,5/16/1953,S,M,ian70@adventure-works.com,"$80,000 ",4,Partial College,Professional,Y
17208,MR.,JACOB,MILLER,3/27/1953,M,M,jacob6@adventure-works.com,"$80,000 ",4,Partial College,Professional,Y
17209,MRS.,JACQUELINE,JAMES,8/20/1953,M,F,jacqueline32@adventure-works.com,"$90,000 ",4,Partial College,Professional,N
17210,MR.,KARL,DENG,8/13/1954,S,M,karl1@adventure-works.com,"$130,000 ",3,Partial College,Professional,N
17211,MRS.,VIRGINIA,RODRIGUEZ,9/11/1953,M,F,virginia22@adventure-works.com,"$100,000 ",3,Bachelors,Management,Y
17212,MRS.,JACQUELINE,COLEMAN,6/17/1952,S,F,jacqueline6@adventure-works.com,"$80,000 ",4,High School,Professional,Y
17214,MR.,DAMIEN,LIU,9/20/1952,M,M,damien3@adventure-works.com,"$130,000 ",4,High School,Professional,Y
17215,MR.,JUAN,BELL,4/13/1951,S,M,juan24@adventure-works.com,"$90,000 ",4,High School,Professional,Y
17216,MRS.,KATHLEEN,RAMOS,6/10/1950,M,F,kathleen18@adventure-works.com,"$90,000 ",4,High School,Management,Y
17217,MRS.,RAQUEL,GILL,6/4/1950,M,F,raquel10@adventure-works.com,"$100,000 ",3,Partial College,Management,Y
17218,MR.,CRAIG,CARLSON,3/20/1950,M,M,craig17@adventure-works.com,"$110,000 ",4,High School,Management,Y
17219,MRS.,KELSEY,SHARMA,10/25/1949,M,F,kelsey9@adventure-works.com,"$80,000 ",5,High School,Management,Y
17220,MR.,GLENN,WANG,3/2/1949,M,M,glenn2@adventure-works.com,"$90,000 ",4,High School,Management,N
17221,MR.,RICKY,NAVARRO,10/2/1949,M,M,ricky10@adventure-works.com,"$90,000 ",4,High School,Management,N
17222,MRS.,CAROLYN,SERRANO,6/25/1948,M,F,carolyn37@adventure-works.com,"$70,000 ",5,Partial High School,Skilled Manual,Y
17223,MR.,FRANCIS,TORRES,9/10/1948,M,M,francis9@adventure-works.com,"$80,000 ",5,High School,Management,Y
17224,MRS.,MANDY,LI,10/20/1948,M,F,mandy4@adventure-works.com,"$90,000 ",4,Partial High School,Skilled Manual,Y
17225,MR.,LAWRENCE,DOMINGUEZ,6/1/1948,M,M,lawrence11@adventure-works.com,"$160,000 ",5,Partial High School,Professional,Y
17226,MR.,GILBERT,MCDONALD,8/5/1947,M,M,gilbert3@adventure-works.com,"$130,000 ",5,Partial High School,Professional,Y
17227,MS.,ERIKA,GUTIERREZ,2/15/1975,M,F,erika8@adventure-works.com,"$60,000 ",0,Bachelors,Professional,Y
17228,MS.,KRYSTAL,ZIMMERMAN,11/21/1975,S,F,krystal10@adventure-works.com,"$60,000 ",0,Bachelors,Professional,N
17229,MS.,MARIA,WATSON,4/19/1976,S,F,maria19@adventure-works.com,"$70,000 ",0,Bachelors,Professional,N
17230,MR.,LANCE,SUAREZ,12/13/1975,M,M,lance19@adventure-works.com,"$80,000 ",0,Bachelors,Professional,Y
17231,MS.,TINA,GARCIA,7/1/1974,S,F,tina16@adventure-works.com,"$70,000 ",0,Bachelors,Professional,N
17232,MR.,WALTER,JIMENEZ,6/5/1975,M,M,walter18@adventure-works.com,"$90,000 ",0,Bachelors,Professional,Y
17233,MS.,MICHELE,RAMAN,11/25/1975,M,F,michele26@adventure-works.com,"$90,000 ",0,Bachelors,Professional,Y
17234,MS.,ANNA,JENKINS,3/5/1974,S,F,anna31@adventure-works.com,"$70,000 ",0,Bachelors,Professional,Y
17235,MR.,JOSHUA,JACKSON,10/13/1974,S,M,joshua13@adventure-works.com,"$70,000 ",0,Bachelors,Professional,N
17236,MR.,HAROLD,CHANDRA,10/24/1974,S,M,harold0@adventure-works.com,"$70,000 ",0,Partial High School,Professional,N
17237,MS.,BRIDGET,SHEN,10/13/1974,S,F,bridget3@adventure-works.com,"$80,000 ",0,Bachelors,Professional,N
17238,MR.,JORDAN,PATTERSON,5/22/1974,S,M,jordan7@adventure-works.com,"$80,000 ",0,Bachelors,Professional,Y
17239,MS.,DESIREE,ROMERO,8/23/1973,M,F,desiree5@adventure-works.com,"$100,000 ",0,High School,Management,N
17240,MR.,DUSTIN,LUO,7/15/1973,M,M,dustin5@adventure-works.com,"$110,000 ",0,Partial College,Management,N
17241,MR.,OMAR,CHANDER,7/23/1973,M,M,omar36@adventure-works.com,"$110,000 ",0,Partial College,Management,Y
17242,MR.,DALE,CHANDE,4/28/1973,M,M,dale12@adventure-works.com,"$110,000 ",0,Partial College,Management,Y
17243,MS.,MIRANDA,FLORES,4/8/1972,M,F,miranda12@adventure-works.com,"$100,000 ",0,High School,Management,Y
17244,MS.,KELLIE,DOMINGUEZ,2/25/1972,M,F,kellie11@adventure-works.com,"$100,000 ",0,High School,Management,Y
17245,MS.,REGINA,MEHTA,4/11/1971,M,F,regina13@adventure-works.com,"$80,000 ",0,Bachelors,Professional,Y
17246,MR.,MICAH,WU,1/9/1971,S,M,micah17@adventure-works.com,"$90,000 ",0,Bachelors,Professional,Y
17247,MR.,MICHAEL,MOORE,10/21/1971,M,M,michael40@adventure-works.com,"$90,000 ",0,Bachelors,Professional,Y
17248,MS.,ALICIA,BECK,3/3/1972,M,F,alicia16@adventure-works.com,"$120,000 ",0,Partial High School,Professional,Y
17249,MR.,CARL,GOEL,11/9/1972,M,M,carl18@adventure-works.com,"$120,000 ",0,Partial High School,Professional,Y
17250,MS.,ALICIA,SHE,3/13/1972,M,F,alicia0@adventure-works.com,"$150,000 ",0,Partial High School,Professional,Y
17251,MS.,TONYA,NARA,4/13/1971,M,F,tonya16@adventure-works.com,"$100,000 ",0,High School,Management,Y
17252,MS.,COLLEEN,ZHU,11/14/1971,M,F,colleen14@adventure-works.com,"$100,000 ",0,High School,Management,Y
17253,MR.,ROY,SURI,4/2/1971,M,M,roy0@adventure-works.com,"$100,000 ",0,High School,Management,Y
17254,MS.,MARGARET,LIANG,11/12/1971,M,F,margaret23@adventure-works.com,"$100,000 ",0,High School,Management,N
17255,MS.,CARLY,NATH,9/3/1970,M,F,carly16@adventure-works.com,"$100,000 ",0,Partial High School,Professional,Y
17256,MR.,NOAH,FLORES,4/13/1970,M,M,noah9@adventure-works.com,"$110,000 ",0,High School,Management,Y
17257,MR.,DARREN,RANA,5/24/1970,M,M,darren14@adventure-works.com,"$130,000 ",5,High School,Management,N
17258,MR.,FERNANDO,GREEN,8/11/1971,M,M,fernando30@adventure-works.com,"$110,000 ",0,Partial High School,Professional,Y
17259,MS.,TRISHA,WANG,5/5/1971,M,F,trisha19@adventure-works.com,"$110,000 ",0,Partial High School,Management,Y
17260,MR.,SEAN,KING,12/6/1964,M,M,sean50@adventure-works.com,"$90,000 ",5,Partial College,Professional,Y
17261,MR.,KYLE,SHAN,8/18/1960,M,M,kyle27@adventure-works.com,"$60,000 ",1,Partial College,Skilled Manual,Y
17262,MRS.,KRISTY,MARTIN,10/25/1960,M,F,kristy0@adventure-works.com,"$60,000 ",1,Partial College,Skilled Manual,Y
17263,MRS.,JULIA,FLORES,8/12/1959,M,F,julia78@adventure-works.com,"$60,000 ",1,Partial College,Skilled Manual,Y
17264,MR.,IAN,SMITH,3/23/1959,S,M,ian1@adventure-works.com,"$70,000 ",1,Graduate Degree,Professional,Y
17265,MRS.,GRACE,FLORES,1/10/1959,M,F,grace60@adventure-works.com,"$70,000 ",5,Graduate Degree,Professional,Y
17266,MR.,ELIJAH,HALL,7/3/1959,M,M,elijah48@adventure-works.com,"$70,000 ",5,Graduate Degree,Professional,Y
17267,MRS.,ABIGAIL,STEWART,4/21/1958,M,F,abigail2@adventure-works.com,"$80,000 ",1,Partial College,Skilled Manual,Y
17268,MRS.,ALYSSA,HUGHES,10/2/1958,M,F,alyssa57@adventure-works.com,"$80,000 ",1,Partial College,Skilled Manual,Y
17269,MR.,KEVIN,RUSSELL,11/14/1958,S,M,kevin22@adventure-works.com,"$60,000 ",3,Bachelors,Professional,N
17270,MR.,JACK,PARKER,4/2/1958,S,M,jack34@adventure-works.com,"$60,000 ",3,Bachelors,Professional,N
17271,MRS.,SARAH,GRIFFIN,4/26/1958,M,F,sarah45@adventure-works.com,"$60,000 ",1,Bachelors,Professional,Y
17272,MRS.,MARY,HERNANDEZ,8/3/1958,S,F,mary31@adventure-works.com,"$60,000 ",1,Bachelors,Professional,Y
17273,MR.,JONATHON,TORRES,5/9/1958,M,M,jonathon9@adventure-works.com,"$70,000 ",5,Graduate Degree,Professional,Y
17274,MR.,ARTURO,LU,11/16/1958,M,M,arturo12@adventure-works.com,"$70,000 ",5,Graduate Degree,Professional,Y
17275,MR.,IAN,SANDERS,12/23/1958,M,M,ian68@adventure-works.com,"$80,000 ",5,Graduate Degree,Professional,Y
17276,MR.,ELIJAH,JENKINS,12/2/1929,S,M,elijah10@adventure-works.com,"$50,000 ",1,Graduate Degree,Management,Y
17277,MRS.,NICHOLE,GOEL,11/16/1969,M,F,nichole19@adventure-works.com,"$90,000 ",1,Graduate Degree,Management,Y
17278,MRS.,ISABELLA,PRICE,11/9/1969,M,F,isabella11@adventure-works.com,"$90,000 ",2,Bachelors,Professional,Y
17279,MRS.,TANYA,ALVAREZ,8/2/1968,M,F,tanya0@adventure-works.com,"$60,000 ",2,Bachelors,Professional,Y
17280,MRS.,DEANNA,MEHTA,11/12/1968,M,F,deanna17@adventure-works.com,"$60,000 ",2,Bachelors,Professional,Y
17281,MR.,FRANCIS,VAZQUEZ,3/7/1968,S,M,francis12@adventure-works.com,"$60,000 ",2,Bachelors,Professional,N
17282,MRS.,ALYSSA,ALEXANDER,8/3/1970,M,F,alyssa64@adventure-works.com,"$80,000 ",4,Graduate Degree,Management,Y
17283,MR.,HENRY,MADAN,6/24/1968,S,M,henry8@adventure-works.com,"$60,000 ",2,Bachelors,Professional,N
17284,MR.,GERALD,MARTIN,7/5/1968,S,M,gerald8@adventure-works.com,"$60,000 ",2,Bachelors,Professional,Y
17285,MR.,CLAYTON,DENG,8/2/1968,M,M,clayton21@adventure-works.com,"$60,000 ",2,Bachelors,Professional,Y
17286,MR.,RANDALL,RUBIO,2/14/1967,M,M,randall23@adventure-works.com,"$60,000 ",2,Bachelors,Professional,Y
17287,MR.,BILLY,SUAREZ,9/10/1967,M,M,billy19@adventure-works.com,"$70,000 ",5,Bachelors,Professional,N
17288,MR.,DWAYNE,TORRES,9/19/1969,S,M,dwayne11@adventure-works.com,"$120,000 ",1,Graduate Degree,Management,N
17289,MRS.,MALLORY,DIAZ,6/3/1967,M,F,mallory10@adventure-works.com,"$70,000 ",5,Bachelors,Professional,Y
17290,MRS.,JENNY,BECKER,5/15/1967,S,F,jenny43@adventure-works.com,"$80,000 ",5,Graduate Degree,Management,Y
17291,MR.,JORGE,HUANG,2/18/1966,S,M,jorge7@adventure-works.com,"$80,000 ",5,Graduate Degree,Management,Y
17292,MRS.,KELLIE,GILL,6/1/1966,S,F,kellie12@adventure-works.com,"$80,000 ",5,Graduate Degree,Management,Y
17293,MS.,ALEXANDRA,ALLEN,11/8/1966,M,F,alexandra90@adventure-works.com,"$90,000 ",0,Bachelors,Professional,Y
17294,MS.,RUTH,ARUN,4/19/1966,M,F,ruth11@adventure-works.com,"$90,000 ",0,Bachelors,Professional,Y
17295,MR.,VICTOR,SANZ,1/23/1966,M,M,victor20@adventure-works.com,"$90,000 ",0,Bachelors,Professional,Y
17296,MRS.,JOANNA,JOHNSTON,12/2/1965,S,F,joanna4@adventure-works.com,"$60,000 ",3,Bachelors,Professional,N
17297,MR.,TOMMY,KUMAR,4/27/1968,S,M,tommy4@adventure-works.com,"$70,000 ",0,Bachelors,Professional,N
17298,MR.,LUCAS,PETERSON,5/16/1968,S,M,lucas77@adventure-works.com,"$70,000 ",0,Bachelors,Professional,N
17299,MS.,JACLYN,FERRIER,8/3/1965,S,F,jaclyn44@adventure-works.com,"$70,000 ",0,Bachelors,Professional,Y
17300,MR.,IVAN,SAI,1/20/1965,S,M,ivan4@adventure-works.com,"$70,000 ",0,Bachelors,Professional,N
17301,MR.,NICOLAS,RAJI,4/2/1964,S,M,nicolas19@adventure-works.com,"$60,000 ",0,Bachelors,Professional,Y
17302,MS.,RUTH,VANCE,4/6/1964,S,F,ruth8@adventure-works.com,"$60,000 ",0,Bachelors,Professional,Y
17303,MR.,TERRENCE,TANG,10/18/1964,M,M,terrence4@adventure-works.com,"$60,000 ",3,Bachelors,Professional,Y
17304,MRS.,HALEY,CAMPBELL,11/19/1963,S,F,haley46@adventure-works.com,"$60,000 ",3,Bachelors,Professional,Y
17305,MR.,NEIL,TORRES,3/7/1963,M,M,neil11@adventure-works.com,"$60,000 ",3,Bachelors,Professional,Y
17306,MR.,EDGAR,PRASAD,1/13/1963,S,M,edgar10@adventure-works.com,"$60,000 ",3,Bachelors,Professional,N
17307,MR.,WARREN,CHANDE,11/10/1967,M,M,warren4@adventure-works.com,"$90,000 ",3,Bachelors,Professional,Y
17308,MRS.,DEBORAH,KUMAR,8/15/1962,M,F,deborah12@adventure-works.com,"$60,000 ",1,Bachelors,Professional,Y
17309,MRS.,AMY,MA,5/4/1962,S,F,amy22@adventure-works.com,"$60,000 ",1,Bachelors,Professional,Y
17310,MR.,ALEJANDRO,WANG,7/28/1961,M,M,alejandro3@adventure-works.com,"$60,000 ",1,Partial College,Skilled Manual,Y
17311,MS.,KIMBERLY,REED,11/3/1966,S,F,kimberly21@adventure-works.com,"$100,000 ",0,Bachelors,Professional,N
17312,MS.,MAYRA,KOVAR,3/28/1966,S,F,mayra3@adventure-works.com,"$110,000 ",0,Graduate Degree,Management,N
17313,MS.,RAQUEL,ALONSO,3/1/1966,S,F,raquel5@adventure-works.com,"$110,000 ",0,Graduate Degree,Management,N
17314,MS.,LISA,GUO,4/19/1966,S,F,lisa21@adventure-works.com,"$110,000 ",0,Graduate Degree,Management,N
17315,MRS.,CAROLYN,MUNOZ,12/20/1960,M,F,carolyn28@adventure-works.com,"$60,000 ",1,Partial College,Skilled Manual,Y
17316,MR.,MARVIN,SERRANO,11/14/1960,M,M,marvin17@adventure-works.com,"$60,000 ",1,Partial College,Skilled Manual,Y
17317,MS.,STACEY,ZENG,6/12/1965,S,F,stacey23@adventure-works.com,"$70,000 ",0,Bachelors,Professional,N
17318,MRS.,TIFFANY,ZHANG,12/18/1965,M,F,tiffany0@adventure-works.com,"$80,000 ",5,Bachelors,Professional,Y
17319,MS.,BRIANNA,JOHNSON,1/1/1964,S,F,brianna1@adventure-works.com,"$70,000 ",0,Bachelors,Professional,N
17320,MR.,ALAN,ZHU,9/24/1964,S,M,alan17@adventure-works.com,"$70,000 ",0,Bachelors,Professional,N
17321,MS.,KATE,KUMAR,3/13/1964,M,F,kate6@adventure-works.com,"$70,000 ",0,Bachelors,Professional,N
17322,MR.,DEREK,BECK,5/20/1964,S,M,derek18@adventure-works.com,"$70,000 ",0,Bachelors,Professional,N
17323,MR.,RAFAEL,JAI,2/24/1959,M,M,rafael35@adventure-works.com,"$100,000 ",5,Bachelors,Professional,Y
17324,MRS.,TONYA,XU,11/16/1959,M,F,tonya5@adventure-works.com,"$100,000 ",4,Bachelors,Professional,Y
17325,MS.,PAIGE,HENDERSON,11/26/1963,M,F,paige5@adventure-works.com,"$70,000 ",0,Bachelors,Professional,N
17326,MS.,PAUL,SHAKESPEAR,8/15/1963,S,F,paul4@adventure-works.com,"$70,000 ",0,Bachelors,Professional,Y
17327,MS.,JAMIE,ZHOU,6/27/1963,S,F,jamie11@adventure-works.com,"$70,000 ",0,Bachelors,Professional,N
17328,MS.,MICHELLE,COX,9/3/1963,S,F,michelle11@adventure-works.com,"$70,000 ",0,Bachelors,Professional,N
17329,MRS.,JASMINE,WILSON,10/26/1962,M,F,jasmine6@adventure-works.com,"$60,000 ",1,Partial College,Skilled Manual,Y
17330,,LATOYA,BECKER,8/15/1962,M,NA,latoya19@adventure-works.com,"$70,000 ",5,Bachelors,Professional,Y
17331,,KEITH,STONE,1/6/1962,M,NA,keith4@adventure-works.com,"$70,000 ",5,Partial College,Skilled Manual,N
17332,MR.,JONATHAN,GREEN,4/2/1958,S,M,jonathan42@adventure-works.com,"$90,000 ",2,Bachelors,Professional,Y
17333,,MISTY,CHANDER,4/17/1957,S,NA,misty17@adventure-works.com,"$70,000 ",1,Partial College,Skilled Manual,Y
17334,MR.,LUIS,LOPEZ,7/15/1957,M,M,luis52@adventure-works.com,"$70,000 ",1,Partial College,Skilled Manual,N
17335,MR.,MIGUEL,GONZALES,5/26/1976,M,M,miguel63@adventure-works.com,"$30,000 ",0,High School,Skilled Manual,Y
17336,MR.,CHASE,SANCHEZ,5/2/1976,S,M,chase18@adventure-works.com,"$30,000 ",0,High School,Skilled Manual,N
17337,MR.,MARCUS,DAVIS,8/19/1975,S,M,marcus5@adventure-works.com,"$40,000 ",0,High School,Skilled Manual,Y
17338,MS.,JORDYN,LONG,2/17/1976,M,F,jordyn9@adventure-works.com,"$40,000 ",0,High School,Skilled Manual,Y
17339,MR.,IAN,HAYES,11/9/1976,S,M,ian63@adventure-works.com,"$40,000 ",0,High School,Skilled Manual,N
17340,MS.,JOY,HERNANDEZ,2/3/1980,S,F,joy4@adventure-works.com,"$30,000 ",0,High School,Skilled Manual,Y
17341,MR.,ANDY,ALONSO,11/15/1980,S,M,andy12@adventure-works.com,"$30,000 ",0,High School,Skilled Manual,N
17342,MR.,WILLIAM,JONES,5/27/1978,S,M,william19@adventure-works.com,"$30,000 ",0,Partial High School,Clerical,N
17343,MR.,TRISTAN,PRICE,10/14/1978,S,M,tristan0@adventure-works.com,"$30,000 ",0,Partial High School,Clerical,N
17344,MR.,TIMOTHY,KELLY,11/24/1978,S,M,timothy4@adventure-works.com,"$40,000 ",0,High School,Skilled Manual,Y
17345,MR.,JEREMIAH,MARTIN,8/19/1978,M,M,jeremiah6@adventure-works.com,"$40,000 ",0,High School,Skilled Manual,Y
17346,MR.,EDGAR,LOPEZ,2/7/1938,M,M,edgar17@adventure-works.com,"$30,000 ",2,Partial College,Clerical,N
17347,MS.,SARA,STEWART,11/8/1977,S,F,sara28@adventure-works.com,"$30,000 ",0,Partial High School,Clerical,N
17348,MS.,ARIANA,COOPER,10/23/1977,S,F,ariana16@adventure-works.com,"$30,000 ",0,Partial High School,Clerical,N
17349,MS.,CASSIE,KENNEDY,11/26/1979,M,F,cassie6@adventure-works.com,"$40,000 ",0,High School,Skilled Manual,Y
17350,MRS.,EBONY,DOMINGUEZ,3/14/1939,S,F,ebony34@adventure-works.com,"$40,000 ",2,Bachelors,Management,Y
17351,MR.,TERRENCE,SHARMA,8/19/1941,M,M,terrence9@adventure-works.com,"$40,000 ",2,Bachelors,Management,Y
17352,MR.,DREW,GOEL,5/10/1942,M,M,drew20@adventure-works.com,"$50,000 ",2,Graduate Degree,Management,Y
17353,MR.,BRUCE,NAVARRO,1/11/1943,M,M,bruce31@adventure-works.com,"$60,000 ",2,Graduate Degree,Management,Y
17354,MR.,IVAN,GARCIA,8/11/1943,M,M,ivan11@adventure-works.com,"$60,000 ",2,Graduate Degree,Management,Y
17355,MR.,SHAUN,BLACK,9/5/1944,M,M,shaun20@adventure-works.com,"$10,000 ",5,High School,Skilled Manual,Y
17356,MS.,MARY,EVANS,11/11/1976,S,F,mary14@adventure-works.com,"$40,000 ",0,High School,Skilled Manual,N
17357,MR.,BRANDON,MILLER,3/21/1976,M,M,brandon45@adventure-works.com,"$40,000 ",0,High School,Skilled Manual,Y
17358,MS.,SYDNEY,BELL,2/26/1976,M,F,sydney7@adventure-works.com,"$60,000 ",0,Partial College,Skilled Manual,Y
17359,MS.,MARÍA,FLORES,3/8/1975,M,F,maría35@adventure-works.com,"$40,000 ",0,High School,Skilled Manual,Y
17360,MR.,KYLE,LAL,1/4/1975,M,M,kyle25@adventure-works.com,"$40,000 ",0,High School,Skilled Manual,Y
17361,MR.,BLAKE,HARRIS,9/9/1973,M,M,blake13@adventure-works.com,"$60,000 ",0,Partial College,Skilled Manual,Y
17362,MR.,MIGUEL,COLLINS,2/1/1972,M,M,miguel45@adventure-works.com,"$80,000 ",0,Bachelors,Management,Y
17363,MR.,BENJAMIN,HARRIS,10/9/1968,M,M,benjamin50@adventure-works.com,"$80,000 ",0,Bachelors,Management,Y
17364,MR.,IAN,PERRY,2/11/1968,M,M,ian48@adventure-works.com,"$80,000 ",0,Bachelors,Management,N
17365,MR.,THOMAS,PATTERSON,6/23/1968,M,M,thomas12@adventure-works.com,"$80,000 ",0,Bachelors,Management,N
17366,MR.,DEVIN,HARRIS,11/16/1968,M,M,devin12@adventure-works.com,"$90,000 ",4,Bachelors,Management,Y
17367,MRS.,TRINITY,COOPER,10/16/1963,M,F,trinity8@adventure-works.com,"$80,000 ",4,Bachelors,Management,Y
17368,MRS.,ALISHA,XIE,4/21/1968,S,F,alisha27@adventure-works.com,"$90,000 ",4,Partial College,Skilled Manual,N
17369,MR.,ETHAN,BROWN,7/15/1979,S,M,ethan35@adventure-works.com,"$30,000 ",0,Partial College,Skilled Manual,Y
17370,MR.,EDWIN,CHANDER,7/12/1944,M,M,edwin38@adventure-works.com,"$30,000 ",2,Partial College,Clerical,N
17371,MS.,KAYLEE,REED,8/18/1978,S,F,kaylee17@adventure-works.com,"$40,000 ",0,High School,Skilled Manual,Y
17372,MS.,SARAH,LONG,2/26/1978,M,F,sarah34@adventure-works.com,"$40,000 ",0,High School,Skilled Manual,N
17373,MR.,RYAN,GONZALES,6/28/1978,M,M,ryan20@adventure-works.com,"$40,000 ",0,High School,Skilled Manual,N
17374,MR.,JASON,DIAZ,9/17/1978,S,M,jason19@adventure-works.com,"$40,000 ",0,Partial High School,Clerical,Y
17375,,SHEILA,GILL,6/24/1947,M,NA,sheila13@adventure-works.com,"$10,000 ",2,Partial High School,Clerical,Y
17376,MS.,JACLYN,SHE,11/11/1978,S,F,jaclyn24@adventure-works.com,"$40,000 ",0,Partial College,Skilled Manual,N
17377,MS.,ISABEL,WOOD,3/8/1978,S,F,isabel2@adventure-works.com,"$40,000 ",0,Partial College,Skilled Manual,N
17378,MR.,ZACHARY,FOSTER,6/9/1978,M,M,zachary15@adventure-works.com,"$40,000 ",0,Partial College,Skilled Manual,Y
17379,MS.,ALEXANDRA,MORGAN,6/20/1978,S,F,alexandra6@adventure-works.com,"$40,000 ",0,Partial College,Skilled Manual,N
17380,MR.,NATHAN,ADAMS,2/6/1978,S,M,nathan45@adventure-works.com,"$40,000 ",0,Partial College,Skilled Manual,Y
17381,MRS.,KRYSTAL,GUO,6/20/1946,M,F,krystal18@adventure-works.com,"$20,000 ",4,High School,Skilled Manual,Y
17382,MR.,BLAKE,ALLEN,3/23/1971,M,M,blake25@adventure-works.com,"$60,000 ",1,Graduate Degree,Skilled Manual,Y
17383,MR.,CRAIG,ORTEGA,5/1/1971,M,M,craig21@adventure-works.com,"$60,000 ",1,Graduate Degree,Skilled Manual,Y
17384,MR.,RAYMOND,PRASAD,9/22/1971,M,M,raymond11@adventure-works.com,"$60,000 ",1,Graduate Degree,Skilled Manual,Y
17385,MRS.,GRACE,MARTINEZ,2/3/1971,M,F,grace17@adventure-works.com,"$60,000 ",1,Graduate Degree,Skilled Manual,Y
17386,MRS.,ALEXANDRA,SCOTT,2/4/1971,M,F,alexandra55@adventure-works.com,"$60,000 ",1,Graduate Degree,Skilled Manual,Y
17387,MR.,AIDAN,ALEXANDER,6/14/1972,M,M,aidan20@adventure-works.com,"$50,000 ",1,Graduate Degree,Skilled Manual,Y
17388,MR.,GARRETT,RAMIREZ,4/5/1972,M,M,garrett12@adventure-works.com,"$50,000 ",1,Graduate Degree,Skilled Manual,Y
17389,MRS.,ABIGAIL,BUTLER,11/6/1972,M,F,abigail39@adventure-works.com,"$50,000 ",1,Bachelors,Skilled Manual,Y
17390,MR.,BLAKE,LEWIS,10/8/1972,M,M,blake21@adventure-works.com,"$60,000 ",1,Graduate Degree,Skilled Manual,Y
17391,MRS.,ANGELA,BENNETT,5/12/1964,S,F,angela3@adventure-works.com,"$100,000 ",5,Partial College,Professional,Y
17392,MR.,DYLAN,JONES,7/4/1964,M,M,dylan38@adventure-works.com,"$100,000 ",5,Partial College,Professional,Y
17393,MR.,JORDAN,SHARMA,10/20/1964,S,M,jordan26@adventure-works.com,"$110,000 ",3,Bachelors,Management,Y
17394,MRS.,VERONICA,MEHTA,4/20/1964,S,F,veronica15@adventure-works.com,"$130,000 ",2,Graduate Degree,Management,N
17395,MRS.,KATHERINE,RAMIREZ,8/18/1964,S,F,katherine19@adventure-works.com,"$130,000 ",2,Graduate Degree,Management,N
17396,MR.,EDUARDO,RODRIGUEZ,3/1/1964,M,M,eduardo19@adventure-works.com,"$130,000 ",2,Graduate Degree,Management,Y
17398,MS.,KAYLEE,LOPEZ,5/24/1964,S,F,kaylee44@adventure-works.com,"$150,000 ",0,Bachelors,Management,N
17399,MR.,IAN,SANCHEZ,5/26/1964,M,M,ian84@adventure-works.com,"$150,000 ",1,Bachelors,Management,Y
17400,MRS.,EMILY,WILSON,3/11/1956,M,F,emily7@adventure-works.com,"$70,000 ",3,Partial College,Professional,Y
17401,MR.,NOAH,WRIGHT,9/2/1956,M,M,noah48@adventure-works.com,"$80,000 ",3,Partial College,Professional,N
17402,MR.,BRYCE,ROGERS,11/12/1956,M,M,bryce18@adventure-works.com,"$80,000 ",3,Partial College,Professional,Y
17403,MR.,GREG,WHITE,10/4/1956,S,M,greg9@adventure-works.com,"$80,000 ",3,Partial College,Professional,Y
17404,MRS.,GABRIELLA,BAKER,4/14/1934,S,F,gabriella40@adventure-works.com,"$50,000 ",2,Graduate Degree,Management,Y
17405,MRS.,TAMARA,WU,6/10/1934,S,F,tamara37@adventure-works.com,"$50,000 ",2,Graduate Degree,Management,Y
17406,MRS.,MARIAH,FLORES,9/16/1934,M,F,mariah17@adventure-works.com,"$60,000 ",2,Graduate Degree,Management,Y
17407,MRS.,ELIZABETH,BRYANT,8/12/1934,M,F,elizabeth46@adventure-works.com,"$80,000 ",4,Graduate Degree,Management,Y
17408,MR.,THOMAS,MILLER,7/22/1934,M,M,thomas66@adventure-works.com,"$130,000 ",1,Graduate Degree,Management,Y
17409,MRS.,CHRISTINA,JAMES,7/10/1963,S,F,christina6@adventure-works.com,"$80,000 ",4,Partial College,Professional,Y
17410,MRS.,MORGAN,LEWIS,8/16/1963,M,F,morgan42@adventure-works.com,"$80,000 ",4,Partial College,Professional,Y
17411,MRS.,JENNIFER,BROOKS,5/18/1963,M,F,jennifer72@adventure-works.com,"$80,000 ",4,Partial College,Professional,Y
17412,MS.,KAYLEE,CARTER,11/2/1963,M,F,kaylee32@adventure-works.com,"$90,000 ",0,Partial College,Professional,N
17413,MS.,HAILEY,RAMIREZ,1/18/1963,S,F,hailey16@adventure-works.com,"$90,000 ",0,Partial College,Professional,N
17414,MR.,NICHOLAS,GARCIA,7/24/1963,M,M,nicholas17@adventure-works.com,"$90,000 ",0,Partial College,Professional,N
17415,MS.,DAWN,BECK,4/20/1963,M,F,dawn44@adventure-works.com,"$100,000 ",0,Partial College,Professional,Y
17416,MR.,RAYMOND,SURI,5/18/1963,M,M,raymond2@adventure-works.com,"$100,000 ",0,Partial College,Professional,Y
17417,MR.,LEE,MUNOZ,10/16/1963,M,M,lee5@adventure-works.com,"$100,000 ",0,Partial College,Professional,Y
17418,MRS.,VICTORIA,RAMIREZ,2/13/1963,M,F,victoria43@adventure-works.com,"$110,000 ",4,Bachelors,Management,Y
17420,MR.,THOMAS,HUGHES,11/5/1963,M,M,thomas13@adventure-works.com,"$150,000 ",2,Bachelors,Management,Y
17422,MR.,HUNTER,CAMPBELL,4/16/1962,M,M,hunter36@adventure-works.com,"$80,000 ",5,Partial College,Professional,Y
17423,MRS.,ARIANNA,ALEXANDER,6/20/1962,S,F,arianna17@adventure-works.com,"$100,000 ",1,Partial College,Professional,Y
17424,MR.,SPENCER,LONG,11/12/1962,M,M,spencer11@adventure-works.com,"$100,000 ",1,Partial College,Professional,Y
17425,MR.,AUSTIN,WASHINGTON,2/25/1962,M,M,austin9@adventure-works.com,"$100,000 ",1,Partial College,Professional,Y
17426,MRS.,DONNA,SHAN,3/19/1962,S,F,donna10@adventure-works.com,"$110,000 ",1,Bachelors,Management,N
17427,MR.,ADAM,RUSSELL,9/18/1962,M,M,adam16@adventure-works.com,"$120,000 ",1,Partial College,Professional,Y
17428,MR.,XAVIER,PEREZ,3/1/1962,S,M,xavier35@adventure-works.com,"$130,000 ",1,Bachelors,Management,N
17429,MR.,WYATT,CARTER,6/17/1961,M,M,wyatt39@adventure-works.com,"$80,000 ",5,Partial College,Professional,Y
17430,MR.,EDWARD,KING,5/24/1961,M,M,edward2@adventure-works.com,"$80,000 ",5,Partial College,Professional,Y
17431,MRS.,GRACE,KELLY,10/10/1961,M,F,grace46@adventure-works.com,"$80,000 ",5,Partial College,Professional,Y
17432,MRS.,MARIAH,PETERSON,2/4/1961,M,F,mariah29@adventure-works.com,"$90,000 ",4,High School,Professional,Y
17433,MR.,CAMERON,LEE,11/10/1961,M,M,cameron40@adventure-works.com,"$100,000 ",3,Partial College,Professional,Y
17434,MRS.,ALYSSA,RUSSELL,8/24/1961,M,F,alyssa65@adventure-works.com,"$110,000 ",1,Partial College,Professional,N
17435,MR.,EDWARD,MITCHELL,8/26/1961,S,M,edward13@adventure-works.com,"$170,000 ",0,Graduate Degree,Management,N
17436,MR.,EVAN,RAMIREZ,7/8/1955,M,M,evan7@adventure-works.com,"$60,000 ",2,High School,Professional,N
17437,MRS.,NATALIE,BAKER,6/19/1955,M,F,natalie59@adventure-works.com,"$60,000 ",2,High School,Professional,N
17438,MR.,MARCUS,HUGHES,7/14/1955,M,M,marcus61@adventure-works.com,"$60,000 ",2,High School,Professional,N
17439,MRS.,JASMINE,BUTLER,2/19/1955,M,F,jasmine53@adventure-works.com,"$80,000 ",3,Partial College,Professional,N
17440,MR.,RICHARD,COX,5/20/1954,S,M,richard92@adventure-works.com,"$80,000 ",2,Partial High School,Skilled Manual,N
17441,MRS.,NATALIE,TURNER,11/12/1954,S,F,natalie48@adventure-works.com,"$80,000 ",2,Partial High School,Skilled Manual,Y
17442,MR.,EDWARD,TAYLOR,6/25/1935,M,M,edward31@adventure-works.com,"$30,000 ",4,High School,Professional,N
17443,MRS.,KRISTIN,SHEN,11/23/1935,S,F,kristin4@adventure-works.com,"$50,000 ",2,Graduate Degree,Management,Y
17444,MRS.,BAILEY,COX,5/6/1935,S,F,bailey8@adventure-works.com,"$50,000 ",2,Graduate Degree,Management,Y
17445,MRS.,NATASHA,HERNANDEZ,4/21/1935,M,F,natasha4@adventure-works.com,"$60,000 ",2,Graduate Degree,Management,Y
17446,MRS.,PAMELA,RANA,8/14/1935,M,F,pamela14@adventure-works.com,"$70,000 ",4,Graduate Degree,Management,Y
17447,MRS.,SYDNEY,LEWIS,3/18/1935,M,F,sydney83@adventure-works.com,"$80,000 ",4,Graduate Degree,Management,Y
17448,MR.,ZACHARY,HAYES,3/12/1935,M,M,zachary21@adventure-works.com,"$120,000 ",1,Graduate Degree,Management,Y
17449,MR.,JACKSON,ADAMS,7/11/1936,M,M,jackson47@adventure-works.com,"$60,000 ",2,Graduate Degree,Management,Y
17450,MR.,SAMUEL,COLEMAN,10/14/1960,M,M,samuel4@adventure-works.com,"$80,000 ",5,Partial College,Professional,Y
17451,MRS.,ISABELLE,WOOD,2/20/1960,M,F,isabelle2@adventure-works.com,"$90,000 ",4,High School,Professional,Y
17452,MR.,MITCHELL,NATH,6/9/1960,M,M,mitchell16@adventure-works.com,"$90,000 ",4,High School,Professional,Y
17453,MRS.,HAILEY,REED,7/25/1960,S,F,hailey3@adventure-works.com,"$90,000 ",4,High School,Professional,Y
17454,MR.,EDWARD,PERRY,5/11/1960,M,M,edward56@adventure-works.com,"$110,000 ",3,Partial College,Professional,N
17455,MR.,DYLAN,HAYES,5/18/1960,M,M,dylan22@adventure-works.com,"$110,000 ",3,Partial College,Professional,Y
17456,MR.,TREVOR,WOOD,5/13/1954,M,M,trevor1@adventure-works.com,"$80,000 ",2,Partial High School,Skilled Manual,Y
17457,MRS.,KATHERINE,ALLEN,3/27/1954,M,F,katherine97@adventure-works.com,"$60,000 ",3,Partial High School,Skilled Manual,N
17458,MR.,JASON,COLLINS,7/5/1954,S,M,jason32@adventure-works.com,"$70,000 ",3,High School,Professional,Y
17459,MRS.,CASSIDY,BARNES,5/6/1954,M,F,cassidy3@adventure-works.com,"$70,000 ",3,High School,Professional,Y
17461,MRS.,SARA,ALLEN,11/27/1954,M,F,sara49@adventure-works.com,"$70,000 ",3,High School,Professional,Y
17462,MR.,JESSE,ROGERS,2/22/1953,M,M,jesse20@adventure-works.com,"$70,000 ",3,Graduate Degree,Management,Y
17463,MR.,NICHOLAS,MOORE,9/2/1953,M,M,nicholas9@adventure-works.com,"$60,000 ",3,Graduate Degree,Management,Y
17464,MR.,JEREMY,RODRIGUEZ,2/24/1953,M,M,jeremy6@adventure-works.com,"$60,000 ",3,Graduate Degree,Management,Y
17465,MRS.,ARIANNA,STEWART,12/24/1952,S,F,arianna44@adventure-works.com,"$40,000 ",3,Partial College,Professional,Y
17466,MR.,THOMAS,PEREZ,1/17/1937,M,M,thomas40@adventure-works.com,"$60,000 ",3,Graduate Degree,Management,Y
17467,MR.,WYATT,HAYES,8/13/1937,S,M,wyatt51@adventure-works.com,"$60,000 ",3,Graduate Degree,Management,Y
17468,MR.,JEREMIAH,GONZALEZ,1/9/1937,M,M,jeremiah19@adventure-works.com,"$60,000 ",3,Graduate Degree,Management,Y
17469,MR.,IAN,PEREZ,7/6/1937,M,M,ian34@adventure-works.com,"$60,000 ",3,Graduate Degree,Management,N
17470,MRS.,JAIME,CARLSON,11/26/1937,M,F,jaime20@adventure-works.com,"$70,000 ",4,Graduate Degree,Management,N
17471,MRS.,GRACE,JAMES,11/4/1938,S,F,grace43@adventure-works.com,"$80,000 ",4,Graduate Degree,Management,Y
17472,MRS.,MEREDITH,TORRES,2/27/1939,S,F,meredith35@adventure-works.com,"$60,000 ",3,Graduate Degree,Management,Y
17473,MRS.,EBONY,BLANCO,7/7/1939,M,F,ebony37@adventure-works.com,"$60,000 ",3,Graduate Degree,Management,N
17474,MR.,JOSE,KING,11/24/1940,S,M,jose55@adventure-works.com,"$70,000 ",5,Graduate Degree,Management,Y
17475,MR.,JACKSON,GREEN,4/5/1940,M,M,jackson45@adventure-works.com,"$70,000 ",5,Graduate Degree,Management,Y
17476,,ALEXANDRIA,STEWART,3/7/1941,M,NA,alexandria43@adventure-works.com,"$60,000 ",3,Graduate Degree,Management,N
17477,MRS.,MIRANDA,GRIFFIN,3/12/1942,S,F,miranda21@adventure-works.com,"$50,000 ",4,Bachelors,Management,N
17478,MRS.,RENEE,MARTIN,11/22/1947,M,F,renee0@adventure-works.com,"$30,000 ",3,Partial College,Clerical,N
17479,MRS.,KRISTINE,RAMOS,9/13/1948,M,F,kristine18@adventure-works.com,"$10,000 ",2,Partial High School,Clerical,Y
17480,MR.,LUCAS,GONZALEZ,8/20/1978,S,M,lucas0@adventure-works.com,"$60,000 ",0,Partial College,Skilled Manual,Y
17481,MS.,EMMA,WATSON,11/6/1977,S,F,emma45@adventure-works.com,"$40,000 ",0,Partial High School,Clerical,Y
17482,MS.,TAYLOR,ALEXANDER,5/2/1977,S,F,taylor43@adventure-works.com,"$40,000 ",0,Partial High School,Clerical,Y
17483,MR.,LOGAN,GONZALEZ,7/25/1977,S,M,logan34@adventure-works.com,"$40,000 ",0,Partial High School,Clerical,N
17485,MR.,BLAKE,DAVIS,7/18/1977,M,M,blake4@adventure-works.com,"$30,000 ",0,Partial College,Skilled Manual,Y
17486,MS.,MARISSA,FOSTER,11/25/1977,S,F,marissa13@adventure-works.com,"$30,000 ",0,Partial College,Skilled Manual,N
17487,MR.,NATHAN,GREEN,8/23/1977,S,M,nathan41@adventure-works.com,"$30,000 ",0,Partial College,Skilled Manual,Y
17488,MR.,JASON,ADAMS,9/16/1977,S,M,jason44@adventure-works.com,"$40,000 ",0,Partial College,Skilled Manual,N
17489,MR.,JACK,EVANS,11/21/1977,S,M,jack35@adventure-works.com,"$60,000 ",0,Partial College,Skilled Manual,N
17490,MS.,GRACE,MOORE,9/8/1977,S,F,grace7@adventure-works.com,"$60,000 ",0,Partial College,Skilled Manual,N
17491,MR.,KYLE,HALL,7/20/1976,S,M,kyle50@adventure-works.com,"$60,000 ",0,Partial College,Skilled Manual,Y
17492,MS.,AMANDA,PRICE,6/14/1976,S,F,amanda21@adventure-works.com,"$60,000 ",0,Partial College,Skilled Manual,N
17493,MRS.,CANDICE,GAO,11/27/1949,M,F,candice21@adventure-works.com,"$10,000 ",2,Partial High School,Clerical,Y
17494,MR.,MATHEW,ALVAREZ,8/13/1949,M,M,mathew1@adventure-works.com,"$20,000 ",2,Partial High School,Clerical,Y
17495,MR.,COREY,SHARMA,5/13/1949,M,M,corey9@adventure-works.com,"$20,000 ",2,Partial High School,Clerical,Y
17496,MRS.,TABITHA,SANZ,10/18/1950,M,F,tabitha41@adventure-works.com,"$20,000 ",2,Partial High School,Clerical,Y
17497,MS.,MARIA,COLLINS,4/5/1980,S,F,maria46@adventure-works.com,"$40,000 ",0,Partial High School,Clerical,N
17498,MR.,DANIEL,MARTIN,8/19/1980,S,M,daniel17@adventure-works.com,"$20,000 ",0,Partial College,Skilled Manual,N
17499,MR.,MARCUS,CAMPBELL,5/23/1980,S,M,marcus44@adventure-works.com,"$100,000 ",3,Bachelors,Management,Y
17500,MR.,CESAR,LOPEZ,4/17/1952,S,M,cesar16@adventure-works.com,"$30,000 ",3,High School,Skilled Manual,Y
17501,MR.,MARC,CARLSON,4/26/1952,M,M,marc22@adventure-works.com,"$30,000 ",3,High School,Skilled Manual,Y
17502,MR.,WAYNE,KUMAR,10/13/1954,S,M,wayne9@adventure-works.com,"$40,000 ",3,Partial High School,Clerical,Y
17503,MRS.,MOLLY,SURI,7/22/1954,M,F,molly1@adventure-works.com,"$40,000 ",3,Partial High School,Clerical,N
17504,MRS.,ANNA,WILLIAMS,5/18/1954,S,F,anna63@adventure-works.com,"$80,000 ",2,Partial College,Skilled Manual,Y
17505,MR.,HUNTER,MITCHELL,11/18/1975,S,M,hunter38@adventure-works.com,"$30,000 ",0,High School,Skilled Manual,Y
17506,MS.,ALEXANDRIA,SIMMONS,4/19/1973,M,F,alexandria15@adventure-works.com,"$60,000 ",0,Partial College,Skilled Manual,Y
17507,MS.,ALEXIS,ROBINSON,8/15/1973,M,F,alexis15@adventure-works.com,"$60,000 ",0,Partial College,Professional,Y
17508,MS.,CAROLINE,BENNETT,7/8/1973,S,F,caroline3@adventure-works.com,"$70,000 ",0,Partial College,Professional,N
17509,MS.,MAKAYLA,RAMIREZ,4/19/1976,S,F,makayla7@adventure-works.com,"$60,000 ",0,Partial College,Professional,N
17510,MR.,JASON,BUTLER,9/23/1955,S,M,jason11@adventure-works.com,"$80,000 ",2,High School,Skilled Manual,Y
17511,MRS.,TABITHA,SUBRAM,10/11/1955,S,F,tabitha10@adventure-works.com,"$80,000 ",2,High School,Skilled Manual,Y
17512,MR.,CESAR,SURI,8/8/1956,M,M,cesar0@adventure-works.com,"$70,000 ",2,High School,Skilled Manual,Y
17514,MR.,CEDRIC,ZHOU,7/5/1958,M,M,cedric9@adventure-works.com,"$110,000 ",4,Bachelors,Management,Y
17515,MS.,LACEY,LI,1/19/1958,S,F,lacey15@adventure-works.com,"$130,000 ",0,Graduate Degree,Management,N
17516,MR.,THOMAS,FOSTER,5/11/1973,S,M,thomas18@adventure-works.com,"$80,000 ",0,Bachelors,Management,N
17517,MR.,DANIEL,WILLIAMS,2/15/1973,S,M,daniel19@adventure-works.com,"$80,000 ",0,Bachelors,Management,Y
17518,MS.,WENDY,GILL,8/18/1974,S,F,wendy13@adventure-works.com,"$30,000 ",0,Partial High School,Skilled Manual,N
17519,MS.,TAYLOR,RIVERA,8/22/1974,M,F,taylor10@adventure-works.com,"$60,000 ",0,Partial College,Professional,Y
17520,MR.,MARCUS,BAKER,9/3/1974,S,M,marcus35@adventure-works.com,"$60,000 ",0,Partial College,Professional,Y
17521,MS.,DESTINY,JENKINS,6/24/1974,M,F,destiny55@adventure-works.com,"$60,000 ",0,High School,Professional,N
17522,MR.,REGINALD,SANZ,3/2/1959,M,M,reginald6@adventure-works.com,"$120,000 ",4,Bachelors,Management,Y
17523,MR.,JORDAN,WEST,7/16/1966,M,M,jordan20@adventure-works.com,"$130,000 ",0,Graduate Degree,Management,Y
17524,MR.,LUCAS,WASHINGTON,11/6/1966,S,M,lucas61@adventure-works.com,"$160,000 ",0,Graduate Degree,Management,N
17525,MR.,ADAM,WRIGHT,3/23/1958,M,M,adam50@adventure-works.com,"$130,000 ",1,Graduate Degree,Management,Y
17526,MR.,TRISTAN,GONZALES,3/25/1957,S,M,tristan17@adventure-works.com,"$60,000 ",2,High School,Professional,Y
17527,MRS.,ANNA,COOK,9/26/1957,S,F,anna7@adventure-works.com,"$60,000 ",2,High School,Professional,Y
17528,MRS.,WHITNEY,KAPOOR,7/4/1957,M,F,whitney1@adventure-works.com,"$70,000 ",2,Partial College,Professional,Y
17529,MRS.,CHLOE,MITCHELL,5/19/1957,M,F,chloe8@adventure-works.com,"$90,000 ",2,Partial College,Professional,Y
17530,MR.,DEVIN,WOOD,5/21/1956,M,M,devin68@adventure-works.com,"$60,000 ",2,High School,Professional,N
17531,MR.,ISAAC,RAMIREZ,3/7/1956,M,M,isaac6@adventure-works.com,"$60,000 ",2,High School,Professional,N
17532,MR.,NATHAN,PATTERSON,5/25/1956,M,M,nathan6@adventure-works.com,"$60,000 ",2,High School,Professional,N
17533,MR.,FERNANDO,BAKER,11/7/1932,M,M,fernando32@adventure-works.com,"$40,000 ",3,Partial College,Professional,N
17534,MR.,ROBERT,GRIFFIN,12/20/1965,S,M,robert32@adventure-works.com,"$90,000 ",5,Partial College,Professional,N
17535,MRS.,COLLEEN,GUO,10/24/1965,S,F,colleen18@adventure-works.com,"$90,000 ",5,Partial College,Professional,Y
17536,MR.,BENJAMIN,ROBINSON,8/22/1965,S,M,benjamin55@adventure-works.com,"$120,000 ",3,Bachelors,Management,N
17537,MS.,COURTNEY,MITCHELL,8/27/1965,S,F,courtney9@adventure-works.com,"$160,000 ",0,Graduate Degree,Management,N
17538,MS.,BRIANNA,BELL,3/15/1965,S,F,brianna31@adventure-works.com,"$160,000 ",0,Graduate Degree,Management,Y
17539,MRS.,GRACE,WILSON,4/7/1964,M,F,grace6@adventure-works.com,"$80,000 ",4,Bachelors,Management,Y
17540,MRS.,GLORIA,GUTIERREZ,3/7/1962,M,F,gloria11@adventure-works.com,"$40,000 ",4,High School,Skilled Manual,Y
17541,MRS.,KRISTEN,ZENG,12/7/1962,M,F,kristen19@adventure-works.com,"$40,000 ",4,High School,Skilled Manual,Y
17542,MRS.,BRIDGET,RAI,2/26/1962,S,F,bridget19@adventure-works.com,"$70,000 ",1,Bachelors,Professional,N
17543,MRS.,MEREDITH,MARTIN,8/15/1962,S,F,meredith22@adventure-works.com,"$70,000 ",1,Bachelors,Professional,N
17544,MR.,EDUARDO,ROGERS,6/12/1962,M,M,eduardo86@adventure-works.com,"$70,000 ",1,Partial College,Skilled Manual,Y
17545,MR.,WYATT,ROSS,7/26/1962,M,M,wyatt55@adventure-works.com,"$70,000 ",1,Partial College,Skilled Manual,N
17546,MRS.,MELANIE,JAMES,6/3/1962,M,F,melanie33@adventure-works.com,"$70,000 ",1,Partial College,Skilled Manual,Y
17547,MR.,ALEJANDRO,YUAN,9/9/1961,M,M,alejandro33@adventure-works.com,"$40,000 ",4,High School,Skilled Manual,Y
17548,MRS.,KAYLEE,ADAMS,11/14/1961,M,F,kaylee38@adventure-works.com,"$40,000 ",4,High School,Skilled Manual,Y
17549,MR.,JONATHAN,TAYLOR,2/14/1942,M,M,jonathan59@adventure-works.com,"$60,000 ",3,Graduate Degree,Management,Y
17550,MR.,MASON,EDWARDS,10/21/1942,S,M,mason22@adventure-works.com,"$60,000 ",3,Graduate Degree,Management,Y
17551,MRS.,VICTORIA,TORRES,8/5/1942,M,F,victoria40@adventure-works.com,"$60,000 ",3,Graduate Degree,Management,Y
17552,MRS.,JULIA,HOWARD,8/27/1942,M,F,julia56@adventure-works.com,"$70,000 ",5,Bachelors,Management,Y
17553,MRS.,SUMMER,SANCHEZ,9/25/1942,M,F,summer18@adventure-works.com,"$70,000 ",5,Bachelors,Management,Y
17554,MRS.,EMMA,HARRIS,4/22/1943,M,F,emma13@adventure-works.com,"$60,000 ",3,Graduate Degree,Management,Y
17555,MR.,WILLIAM,SMITH,1/13/1943,M,M,william16@adventure-works.com,"$70,000 ",5,Bachelors,Management,Y
17556,MRS.,EMILY,POWELL,4/9/1944,M,F,emily33@adventure-works.com,"$30,000 ",5,Partial High School,Clerical,N
17557,MR.,MATTHEW,DAVIS,10/25/1944,S,M,matthew11@adventure-works.com,"$30,000 ",5,Partial High School,Clerical,Y
17558,MR.,IAN,WILLIAMS,5/12/1944,S,M,ian3@adventure-works.com,"$40,000 ",4,High School,Professional,Y
17559,MRS.,KARI,SUAREZ,4/14/1944,S,F,kari40@adventure-works.com,"$40,000 ",4,High School,Professional,Y
17560,MRS.,KAYLEE,RICHARDSON,3/13/1972,M,F,kaylee7@adventure-works.com,"$60,000 ",1,Graduate Degree,Skilled Manual,Y
17561,MRS.,SAMANTHA,WHITE,6/21/1972,M,F,samantha14@adventure-works.com,"$60,000 ",1,Graduate Degree,Skilled Manual,Y
17562,MR.,ZACHARY,SHARMA,11/25/1972,M,M,zachary27@adventure-works.com,"$60,000 ",1,Graduate Degree,Professional,Y
17563,MR.,JEREMIAH,KING,9/10/1972,S,M,jeremiah14@adventure-works.com,"$70,000 ",1,Graduate Degree,Professional,Y
17564,MRS.,JULIA,WEST,6/12/1970,M,F,julia62@adventure-works.com,"$50,000 ",1,Bachelors,Skilled Manual,Y
17565,MRS.,ALEXANDRA,MURPHY,12/23/1970,M,F,alexandra9@adventure-works.com,"$50,000 ",1,Bachelors,Skilled Manual,Y
17566,MRS.,RACHEL,MARTINEZ,4/8/1970,M,F,rachel20@adventure-works.com,"$50,000 ",1,Bachelors,Skilled Manual,Y
17567,MR.,NATHANIEL,COOK,10/17/1970,M,M,nathaniel22@adventure-works.com,"$50,000 ",1,Bachelors,Skilled Manual,Y
17568,MR.,DYLAN,PERRY,3/18/1970,M,M,dylan6@adventure-works.com,"$50,000 ",1,Bachelors,Skilled Manual,Y
17569,MRS.,MYA,PRICE,2/22/1970,S,F,mya2@adventure-works.com,"$60,000 ",1,Graduate Degree,Professional,Y
17570,MR.,CARLOS,SANCHEZ,3/23/1970,M,M,carlos20@adventure-works.com,"$60,000 ",1,Graduate Degree,Professional,Y
17571,MR.,JAMES,LI,5/26/1969,M,M,james42@adventure-works.com,"$50,000 ",1,Bachelors,Skilled Manual,Y
17572,MR.,LUCAS,EDWARDS,5/8/1969,S,M,lucas11@adventure-works.com,"$50,000 ",2,Bachelors,Skilled Manual,Y
17573,MRS.,CAROLINE,ROSS,8/18/1969,S,F,caroline6@adventure-works.com,"$50,000 ",2,Bachelors,Skilled Manual,N
17574,MR.,PUNYA,PALIT,1/13/1969,S,M,punya0@adventure-works.com,"$50,000 ",2,Bachelors,Skilled Manual,N
17575,MR.,MARCUS,BROWN,12/14/1969,S,M,marcus4@adventure-works.com,"$50,000 ",2,Bachelors,Skilled Manual,Y
17576,MR.,ALBERT,VAZQUEZ,7/2/1969,M,M,albert14@adventure-works.com,"$50,000 ",2,Bachelors,Skilled Manual,Y
17577,MR.,JUSTIN,LEE,6/1/1969,S,M,justin50@adventure-works.com,"$60,000 ",1,Graduate Degree,Professional,Y
17578,MRS.,MEGAN,THOMPSON,11/22/1969,M,F,megan18@adventure-works.com,"$60,000 ",1,Graduate Degree,Professional,Y
17579,MR.,JACK,CHEN,6/12/1971,M,M,jack26@adventure-works.com,"$60,000 ",1,Graduate Degree,Professional,Y
17580,MR.,NOAH,WHITE,10/14/1971,M,M,noah54@adventure-works.com,"$70,000 ",3,Graduate Degree,Professional,Y
17581,MR.,JACK,HENDERSON,8/11/1971,M,M,jack5@adventure-works.com,"$70,000 ",3,Graduate Degree,Professional,Y
17582,MRS.,KATHERINE,WILSON,8/19/1968,S,F,katherine77@adventure-works.com,"$70,000 ",2,Bachelors,Skilled Manual,N
17583,MRS.,STEPHANIE,COOK,7/17/1968,S,F,stephanie8@adventure-works.com,"$70,000 ",2,Bachelors,Skilled Manual,N
17584,MRS.,LISA,LIU,6/4/1968,S,F,lisa7@adventure-works.com,"$70,000 ",2,Bachelors,Skilled Manual,N
17585,MR.,SETH,GRIFFIN,3/20/1968,S,M,seth69@adventure-works.com,"$70,000 ",2,Bachelors,Skilled Manual,N
17586,MS.,CASSIDY,PATTERSON,6/27/1967,S,F,cassidy11@adventure-works.com,"$40,000 ",0,Bachelors,Professional,Y
17587,MR.,CURTIS,LIANG,5/26/1970,M,M,curtis13@adventure-works.com,"$60,000 ",2,Graduate Degree,Professional,Y
17588,MR.,GAVIN,BENNETT,5/13/1970,M,M,gavin1@adventure-works.com,"$60,000 ",2,Graduate Degree,Professional,Y
17589,MRS.,MELANIE,BROOKS,4/20/1970,S,F,melanie12@adventure-works.com,"$60,000 ",2,Graduate Degree,Professional,Y
17590,MR.,GARRETT,COX,10/9/1970,M,M,garrett15@adventure-works.com,"$60,000 ",2,Graduate Degree,Professional,Y
17591,MR.,SPENCER,HUGHES,3/4/1970,M,M,spencer13@adventure-works.com,"$70,000 ",4,Graduate Degree,Professional,Y
17592,MR.,BRYAN,SANDERS,9/27/1970,M,M,bryan6@adventure-works.com,"$70,000 ",4,Graduate Degree,Professional,Y
17593,MR.,RICHARD,BUTLER,8/23/1970,M,M,richard69@adventure-works.com,"$70,000 ",4,Graduate Degree,Professional,Y
17594,MRS.,MICHELLE,COOK,11/7/1970,M,F,michelle21@adventure-works.com,"$70,000 ",4,Graduate Degree,Professional,Y
17595,MR.,BENJAMIN,GARCIA,4/7/1967,M,M,benjamin53@adventure-works.com,"$50,000 ",2,Bachelors,Skilled Manual,Y
17596,MRS.,ADRIENNE,VAZQUEZ,11/6/1966,S,F,adrienne11@adventure-works.com,"$60,000 ",3,Bachelors,Skilled Manual,Y
17597,MRS.,SARAH,DIAZ,7/11/1966,S,F,sarah46@adventure-works.com,"$60,000 ",3,Bachelors,Skilled Manual,Y
17598,MR.,CAMERON,HARRIS,10/12/1966,M,M,cameron32@adventure-works.com,"$60,000 ",0,Graduate Degree,Professional,Y
17600,MR.,TIMOTHY,BROOKS,11/28/1966,S,M,timothy3@adventure-works.com,"$60,000 ",0,Graduate Degree,Professional,Y
17601,MR.,JOSE,HALL,1/25/1966,M,M,jose83@adventure-works.com,"$60,000 ",0,Graduate Degree,Professional,Y
17602,MR.,DALTON,WILLIAMS,7/5/1966,M,M,dalton2@adventure-works.com,"$60,000 ",0,Graduate Degree,Professional,Y
17603,MRS.,ANNA,PATTERSON,8/10/1969,M,F,anna35@adventure-works.com,"$70,000 ",5,Graduate Degree,Professional,Y
17604,MR.,NOAH,ROBINSON,9/16/1969,S,M,noah65@adventure-works.com,"$70,000 ",5,Graduate Degree,Professional,Y
17605,MR.,JON,MA,3/23/1969,M,M,jon36@adventure-works.com,"$70,000 ",5,Graduate Degree,Professional,Y
17606,MRS.,JACQUELINE,PETERSON,9/19/1969,M,F,jacqueline29@adventure-works.com,"$70,000 ",5,Graduate Degree,Professional,Y
17607,MR.,FREDERICK,GONZALEZ,4/15/1965,S,M,frederick15@adventure-works.com,"$40,000 ",0,Bachelors,Professional,N
17608,MR.,CARLOS,COOPER,7/15/1965,S,M,carlos10@adventure-works.com,"$40,000 ",0,Bachelors,Professional,N
17609,MR.,CHARLES,DAVIS,7/5/1965,S,M,charles8@adventure-works.com,"$40,000 ",0,Bachelors,Professional,N
17610,MRS.,ANNA,WHITE,9/1/1965,S,F,anna50@adventure-works.com,"$80,000 ",3,Bachelors,Skilled Manual,Y
17611,MR.,LUIS,BUTLER,2/10/1965,S,M,luis13@adventure-works.com,"$80,000 ",3,Bachelors,Skilled Manual,N
17612,MRS.,COURTNEY,PARKER,4/24/1965,S,F,courtney5@adventure-works.com,"$80,000 ",3,Bachelors,Skilled Manual,Y
17613,MR.,DAKOTA,BRYANT,10/1/1965,S,M,dakota14@adventure-works.com,"$80,000 ",3,Bachelors,Skilled Manual,Y
17614,MR.,MASON,COOK,2/12/1965,S,M,mason19@adventure-works.com,"$60,000 ",0,Graduate Degree,Professional,Y
17615,MS.,BRITTANY,LONG,10/9/1964,S,F,brittany8@adventure-works.com,"$40,000 ",0,Bachelors,Professional,N
17616,MR.,DANIEL,WEISMAN,9/16/1964,S,M,daniel4@adventure-works.com,"$60,000 ",4,Bachelors,Skilled Manual,N
17617,MRS.,ABIGAIL,SIMMONS,5/12/1964,S,F,abigail40@adventure-works.com,"$60,000 ",4,Bachelors,Skilled Manual,Y
17618,MR.,RAMON,LIU,9/15/1964,M,M,ramon3@adventure-works.com,"$60,000 ",4,Bachelors,Skilled Manual,Y
17619,MRS.,CHLOE,SMITH,6/10/1923,M,F,chloe34@adventure-works.com,"$60,000 ",5,Partial High School,Skilled Manual,Y
17620,MRS.,MIRANDA,COLEMAN,2/4/1964,S,F,miranda6@adventure-works.com,"$60,000 ",4,Bachelors,Skilled Manual,Y
17621,MS.,BRIANNA,PRICE,8/2/1963,S,F,brianna48@adventure-works.com,"$40,000 ",0,Bachelors,Professional,Y
17622,MRS.,COURTNEY,YOUNG,7/6/1963,S,F,courtney20@adventure-works.com,"$70,000 ",4,Bachelors,Skilled Manual,Y
17623,MR.,AUSTIN,ROBINSON,3/18/1968,S,M,austin34@adventure-works.com,"$70,000 ",0,Bachelors,Professional,N
17624,MS.,SAMANTHA,ALEXANDER,2/21/1963,S,F,samantha41@adventure-works.com,"$70,000 ",0,Bachelors,Professional,N
17625,MR.,MASON,ALLEN,6/13/1963,M,M,mason38@adventure-works.com,"$70,000 ",0,Bachelors,Professional,N
17626,MR.,ALFREDO,BLANCO,6/27/1974,M,M,alfredo16@adventure-works.com,"$40,000 ",1,Bachelors,Skilled Manual,Y
17627,MR.,DENNIS,CHEN,9/9/1974,M,M,dennis3@adventure-works.com,"$40,000 ",1,Bachelors,Skilled Manual,Y
17628,MR.,ROBERTO,MUNOZ,6/13/1972,S,M,roberto7@adventure-works.com,"$10,000 ",0,Partial High School,Manual,Y
17629,MS.,TABITHA,TORRES,6/19/1972,S,F,tabitha32@adventure-works.com,"$20,000 ",0,Partial High School,Manual,Y
17630,MR.,GILBERT,ZHANG,3/25/1973,M,M,gilbert0@adventure-works.com,"$40,000 ",1,Bachelors,Skilled Manual,Y
17631,MRS.,CARA,HE,7/25/1973,M,F,cara14@adventure-works.com,"$40,000 ",1,Bachelors,Skilled Manual,Y
17632,MR.,JIMMY,SERRANO,10/19/1973,M,M,jimmy20@adventure-works.com,"$40,000 ",1,Bachelors,Skilled Manual,Y
17633,MR.,GARY,DOMINGUEZ,11/7/1972,S,M,gary23@adventure-works.com,"$20,000 ",0,Partial High School,Manual,N
17634,MS.,KAITLIN,RANA,6/5/1972,S,F,kaitlin11@adventure-works.com,"$20,000 ",0,Partial High School,Manual,N
17635,MR.,TERRY,DENG,2/4/1972,S,M,terry4@adventure-works.com,"$30,000 ",0,High School,Manual,N
17636,MR.,ROSS,SRINI,3/22/1972,S,M,ross8@adventure-works.com,"$30,000 ",0,High School,Manual,Y
17637,MR.,ARTURO,TANG,10/4/1972,S,M,arturo28@adventure-works.com,"$30,000 ",0,High School,Manual,N
17638,MR.,CLARENCE,ZHENG,2/2/1972,S,M,clarence12@adventure-works.com,"$30,000 ",0,High School,Manual,Y
17639,MRS.,HEATHER,MA,4/7/1972,S,F,heather15@adventure-works.com,"$40,000 ",2,Partial College,Clerical,Y
17640,MRS.,HALEY,ALLEN,12/7/1916,M,F,haley58@adventure-works.com,"$30,000 ",1,High School,Manual,Y
17641,MR.,LORRIN,SMITH-BATES,3/15/1971,S,M,lorrin0@adventure-works.com,"$20,000 ",0,Partial High School,Manual,N
17642,MR.,GREGORY,LUO,4/16/1971,S,M,gregory10@adventure-works.com,"$20,000 ",0,Partial High School,Manual,N
17643,MR.,WESLEY,CAI,10/15/1971,S,M,wesley21@adventure-works.com,"$20,000 ",0,Partial High School,Manual,Y
17644,MS.,REBECCA,ADAMS,9/11/1971,S,F,rebecca17@adventure-works.com,"$30,000 ",0,High School,Manual,N
17645,MR.,ALBERT,ALONSO,2/21/1971,S,M,albert10@adventure-works.com,"$30,000 ",0,High School,Manual,N
17646,MS.,LEAH,XU,4/27/1971,S,F,leah9@adventure-works.com,"$30,000 ",0,High School,Manual,N
17647,MRS.,MOLLY,LOPEZ,11/15/1971,S,F,molly15@adventure-works.com,"$40,000 ",2,Partial College,Clerical,Y
17648,MR.,GILBERT,SHARMA,4/17/1971,S,M,gilbert30@adventure-works.com,"$40,000 ",2,Partial College,Clerical,Y
17649,MR.,RONALD,MEHTA,8/19/1971,S,M,ronald16@adventure-works.com,"$40,000 ",2,Partial College,Clerical,Y
17650,MRS.,JESSICA,SANDERS,11/5/1970,S,F,jessica24@adventure-works.com,"$40,000 ",2,Partial College,Clerical,Y
17651,MR.,ETHAN,BUTLER,2/25/1970,S,M,ethan10@adventure-works.com,"$40,000 ",2,Partial College,Clerical,Y
17652,MR.,JAVIER,VAZQUEZ,9/23/1970,M,M,javier9@adventure-works.com,"$50,000 ",0,Graduate Degree,Skilled Manual,N
17653,MS.,LINDA,VAZQUEZ,10/9/1970,S,F,linda30@adventure-works.com,"$50,000 ",0,Graduate Degree,Skilled Manual,Y
17654,MRS.,CAROLINE,ALEXANDER,11/3/1975,S,F,caroline20@adventure-works.com,"$40,000 ",3,Partial College,Clerical,Y
17655,MRS.,ANGELA,SÁNCHEZ,5/2/1974,S,F,angela49@adventure-works.com,"$40,000 ",3,Partial College,Clerical,Y
17656,MS.,CAROL,MARTINEZ,2/26/1974,S,F,carol16@adventure-works.com,"$30,000 ",0,Graduate Degree,Skilled Manual,Y
17657,MR.,NOAH,MARTIN,12/24/1975,M,M,noah59@adventure-works.com,"$40,000 ",4,Partial College,Clerical,N
17658,MRS.,JADE,HOWARD,3/6/1929,M,F,jade8@adventure-works.com,"$20,000 ",2,High School,Manual,N
17659,MS.,JODI,TANG,7/7/1966,S,F,jodi4@adventure-works.com,"$60,000 ",0,Graduate Degree,Skilled Manual,Y
17660,MR.,SETH,YOUNG,8/4/1966,M,M,seth25@adventure-works.com,"$60,000 ",0,Graduate Degree,Skilled Manual,Y
17661,MRS.,NATALIE,SMITH,7/4/1954,M,F,natalie68@adventure-works.com,"$40,000 ",1,Partial College,Clerical,Y
17662,MR.,JOSE,WASHINGTON,9/20/1954,M,M,jose7@adventure-works.com,"$40,000 ",1,Partial College,Clerical,Y
17663,MRS.,ELIZABETH,HAYES,2/17/1955,M,F,elizabeth51@adventure-works.com,"$30,000 ",1,High School,Clerical,N
17664,MR.,DEVIN,ROBINSON,4/22/1955,S,M,devin17@adventure-works.com,"$30,000 ",2,High School,Clerical,Y
17665,MR.,ZACHARY,JENKINS,4/16/1955,M,M,zachary5@adventure-works.com,"$30,000 ",2,High School,Clerical,N
17666,MR.,STEVEN,TORRES,8/11/1955,M,M,steven14@adventure-works.com,"$40,000 ",1,Partial College,Clerical,Y
17667,MR.,JAIME,RAI,10/12/1955,M,M,jaime40@adventure-works.com,"$40,000 ",1,Partial College,Clerical,Y
17668,MR.,EDUARDO,PETERSON,8/28/1956,S,M,eduardo73@adventure-works.com,"$30,000 ",2,High School,Skilled Manual,Y
17669,MRS.,OLIVIA,RIVERA,10/10/1956,M,F,olivia33@adventure-works.com,"$30,000 ",2,High School,Skilled Manual,N
17670,MRS.,GABRIELLE,ALEXANDER,9/11/1956,M,F,gabrielle41@adventure-works.com,"$30,000 ",2,High School,Skilled Manual,Y
17671,MRS.,EMMA,STEWART,8/3/1956,M,F,emma24@adventure-works.com,"$30,000 ",2,High School,Skilled Manual,Y
17672,MR.,THOMAS,COLEMAN,10/26/1956,M,M,thomas7@adventure-works.com,"$30,000 ",2,High School,Skilled Manual,N
17673,MRS.,AMBER,SCOTT,5/6/1956,M,F,amber14@adventure-works.com,"$40,000 ",1,Partial College,Clerical,Y
17675,MRS.,ROSA,LI,4/26/1957,M,F,rosa3@adventure-works.com,"$30,000 ",2,High School,Skilled Manual,N
17676,MR.,EUGENE,YANG,6/3/1957,M,M,eugene9@adventure-works.com,"$30,000 ",2,High School,Skilled Manual,N
17677,MR.,LAWRENCE,HERNANDEZ,8/24/1958,S,M,lawrence1@adventure-works.com,"$40,000 ",2,Partial College,Clerical,Y
17678,MR.,JULIO,BLANCO,4/24/1958,S,M,julio16@adventure-works.com,"$40,000 ",2,Partial College,Clerical,Y
17679,MR.,JOE,MEHTA,11/3/1958,M,M,joe17@adventure-works.com,"$40,000 ",2,Partial College,Clerical,Y
17680,MRS.,MACKENZIE,GRAY,1/1/1958,M,F,mackenzie4@adventure-works.com,"$40,000 ",2,Partial College,Clerical,Y
17681,MR.,ROBERT,CARTER,9/13/1958,M,M,robert52@adventure-works.com,"$40,000 ",2,Partial College,Clerical,Y
17682,MRS.,ANNA,RAMIREZ,9/22/1958,S,F,anna20@adventure-works.com,"$80,000 ",5,Graduate Degree,Skilled Manual,Y
17683,MRS.,JENNA,EVANS,1/17/1958,S,F,jenna0@adventure-works.com,"$80,000 ",4,Graduate Degree,Skilled Manual,Y
17684,MRS.,LESLIE,GOMEZ,7/5/1958,S,F,leslie1@adventure-works.com,"$80,000 ",4,Graduate Degree,Skilled Manual,Y
17685,MRS.,DIANA,TORRES,3/17/1958,S,F,diana11@adventure-works.com,"$80,000 ",4,Graduate Degree,Skilled Manual,Y
17686,MR.,JACK,GRIFFIN,2/14/1959,S,M,jack21@adventure-works.com,"$60,000 ",4,Graduate Degree,Skilled Manual,Y
17688,MR.,PEDRO,SUBRAM,11/24/1959,M,M,pedro13@adventure-works.com,"$60,000 ",4,Graduate Degree,Skilled Manual,Y
17689,MS.,MARY,YOUNG,6/22/1972,S,F,mary37@adventure-works.com,"$50,000 ",0,Graduate Degree,Skilled Manual,Y
17690,MS.,JENNA,GONZALEZ,12/15/1972,S,F,jenna8@adventure-works.com,"$50,000 ",0,Graduate Degree,Skilled Manual,Y
17691,MS.,ALEXANDRIA,BRADLEY,4/24/1973,S,F,alexandria1@adventure-works.com,"$50,000 ",0,Graduate Degree,Skilled Manual,Y
17692,MS.,EMILY,SMITH,10/19/1973,S,F,emily0@adventure-works.com,"$50,000 ",0,Graduate Degree,Skilled Manual,N
17693,MR.,JUSTIN,JENKINS,3/11/1973,S,M,justin3@adventure-works.com,"$50,000 ",1,Graduate Degree,Skilled Manual,Y
17694,MRS.,JOAN,CARTER,8/6/1973,S,F,joan13@adventure-works.com,"$50,000 ",1,Graduate Degree,Skilled Manual,Y
17695,MR.,HUNTER,WASHINGTON,5/15/1973,S,M,hunter10@adventure-works.com,"$50,000 ",1,Graduate Degree,Skilled Manual,Y
17696,,MADISON,SIMMONS,4/21/1973,S,NA,madison27@adventure-works.com,"$50,000 ",1,Graduate Degree,Skilled Manual,Y
17697,MR.,NATHANIEL,GRAY,8/7/1972,S,M,nathaniel7@adventure-works.com,"$50,000 ",1,Graduate Degree,Skilled Manual,Y
17698,MR.,XAVIER,BUTLER,11/20/1971,M,M,xavier54@adventure-works.com,"$60,000 ",1,Graduate Degree,Skilled Manual,Y
17699,MR.,JESSE,BELL,3/17/1971,M,M,jesse14@adventure-works.com,"$60,000 ",1,Graduate Degree,Skilled Manual,N
17700,MR.,HECTOR,TORRES,10/24/1972,S,M,hector10@adventure-works.com,"$10,000 ",0,Graduate Degree,Manual,Y
17701,MRS.,CASSIDY,WASHINGTON,5/24/1953,M,F,cassidy14@adventure-works.com,"$10,000 ",1,Graduate Degree,Manual,Y
17702,MR.,JACK,KING,11/5/1968,M,M,jack55@adventure-works.com,"$10,000 ",1,Graduate Degree,Manual,Y
17703,MRS.,PAMELA,FERNANDEZ,2/18/1966,M,F,pamela19@adventure-works.com,"$10,000 ",1,Graduate Degree,Manual,Y
17704,MR.,NELSON,MORENO,1/11/1962,M,M,nelson6@adventure-works.com,"$10,000 ",1,Graduate Degree,Manual,Y
17705,MR.,KELVIN,GUO,12/16/1962,M,M,kelvin36@adventure-works.com,"$20,000 ",1,Graduate Degree,Clerical,Y
17706,MR.,GABRIEL,COLEMAN,9/11/1961,M,M,gabriel2@adventure-works.com,"$10,000 ",1,Bachelors,Manual,Y
17707,MRS.,MINDY,DENG,8/8/1961,S,F,mindy5@adventure-works.com,"$10,000 ",1,Bachelors,Manual,Y
17708,MR.,TIMOTHY,SNEATH,6/17/1961,M,M,timothy1@adventure-works.com,"$20,000 ",1,Graduate Degree,Clerical,Y
17709,MR.,MARTIN,RAMAN,5/13/1961,M,M,martin17@adventure-works.com,"$20,000 ",1,Graduate Degree,Clerical,Y
17710,MRS.,NATALIE,STEWART,7/25/1936,M,F,natalie0@adventure-works.com,"$30,000 ",1,Graduate Degree,Clerical,Y
17711,MRS.,KRISTIN,LUO,4/9/1961,M,F,kristin8@adventure-works.com,"$20,000 ",1,Graduate Degree,Clerical,Y
17712,MR.,GARY,BLANCO,5/9/1958,S,M,gary26@adventure-works.com,"$10,000 ",1,Bachelors,Manual,Y
17713,MR.,DAVID,JOHNSON,7/11/1956,S,M,david74@adventure-works.com,"$10,000 ",2,Partial College,Manual,Y
17714,MRS.,TANYA,GUTIERREZ,10/25/1956,M,F,tanya7@adventure-works.com,"$20,000 ",1,Bachelors,Clerical,Y
17715,MR.,RAFAEL,PAL,2/25/1956,M,M,rafael36@adventure-works.com,"$20,000 ",1,Bachelors,Clerical,Y
17716,MR.,CESAR,GONZALEZ,6/15/1956,M,M,cesar18@adventure-works.com,"$20,000 ",1,Bachelors,Clerical,Y
17717,MR.,JEREMIAH,MILLER,11/25/1954,S,M,jeremiah0@adventure-works.com,"$10,000 ",2,Partial College,Manual,Y
17718,MRS.,LINDSAY,JAI,4/22/1937,M,F,lindsay11@adventure-works.com,"$20,000 ",1,Graduate Degree,Clerical,Y
17719,,VINCENT,GAO,9/11/1938,M,NA,vincent14@adventure-works.com,"$10,000 ",2,Bachelors,Clerical,Y
17720,MRS.,DEANNA,DIAZ,5/20/1939,S,F,deanna28@adventure-works.com,"$30,000 ",1,Bachelors,Clerical,Y
17721,MRS.,CHERYL,ALAN,1/3/1941,M,F,cheryl10@adventure-works.com,"$10,000 ",2,Partial College,Manual,Y
17722,MR.,JEROME,SERRANO,11/7/1942,M,M,jerome15@adventure-works.com,"$20,000 ",1,Partial College,Manual,Y
17723,MR.,JOHNATHAN,MALHOTRA,10/9/1942,M,M,johnathan6@adventure-works.com,"$30,000 ",1,Bachelors,Clerical,Y
17724,MS.,SHEILA,BLANCO,4/21/1980,M,F,sheila14@adventure-works.com,"$10,000 ",0,Partial College,Manual,Y
17725,MR.,DANIEL,MARTINEZ,11/3/1980,S,M,daniel15@adventure-works.com,"$10,000 ",0,Partial College,Manual,Y
17726,MS.,CAROLINE,GRIFFIN,9/20/1980,S,F,caroline22@adventure-works.com,"$10,000 ",0,Partial College,Manual,Y
17727,MS.,MONIQUE,GILL,11/3/1979,M,F,monique10@adventure-works.com,"$10,000 ",0,Partial College,Manual,Y
17728,MS.,MARIA,PERRY,5/12/1978,S,F,maria31@adventure-works.com,"$10,000 ",0,Partial College,Manual,N
17729,MR.,EDGAR,GARCIA,2/24/1978,M,M,edgar16@adventure-works.com,"$10,000 ",0,Partial College,Manual,N
17730,MS.,BRIDGET,TANG,10/3/1978,S,F,bridget5@adventure-works.com,"$10,000 ",0,Partial College,Manual,Y
17731,MS.,TRACY,SHARMA,5/4/1978,M,F,tracy8@adventure-works.com,"$10,000 ",0,Partial College,Manual,N
17732,MR.,ALLEN,RODRIGUEZ,8/18/1979,M,M,allen18@adventure-works.com,"$20,000 ",0,Bachelors,Clerical,Y
17733,MR.,ALBERTO,GILL,8/27/1979,M,M,alberto14@adventure-works.com,"$20,000 ",0,Bachelors,Clerical,Y
17734,MS.,LEAH,SUN,7/3/1978,M,F,leah10@adventure-works.com,"$20,000 ",0,Bachelors,Clerical,Y
17735,MR.,CONNOR,YANG,5/24/1977,S,M,connor22@adventure-works.com,"$10,000 ",1,High School,Manual,N
17736,MRS.,KRISTINE,VAZQUEZ,12/7/1977,S,F,kristine15@adventure-works.com,"$10,000 ",1,High School,Manual,N
17737,MRS.,NICOLE,GONZALES,6/1/1943,M,F,nicole66@adventure-works.com,"$20,000 ",2,Partial College,Manual,Y
17738,MR.,NICOLAS,DENG,6/6/1943,S,M,nicolas0@adventure-works.com,"$20,000 ",2,Partial College,Manual,Y
17739,MR.,COLIN,CAI,11/10/1961,S,M,colin21@adventure-works.com,"$20,000 ",1,Partial College,Manual,N
17740,MRS.,COLLEEN,LIANG,6/6/1961,S,F,colleen17@adventure-works.com,"$20,000 ",1,Partial College,Manual,N
17742,MR.,RANDALL,ROMERO,5/3/1961,S,M,randall10@adventure-works.com,"$30,000 ",4,Graduate Degree,Clerical,Y
17743,MR.,GERALD,GOMEZ,9/14/1961,S,M,gerald9@adventure-works.com,"$30,000 ",3,Graduate Degree,Clerical,Y
17744,MR.,CHAD,NATH,6/17/1961,M,M,chad19@adventure-works.com,"$30,000 ",3,Graduate Degree,Clerical,Y
17745,MRS.,TANYA,SUAREZ,1/14/1960,M,F,tanya16@adventure-works.com,"$20,000 ",1,Partial College,Manual,Y
17746,MR.,CEDRIC,NATH,6/12/1960,M,M,cedric37@adventure-works.com,"$20,000 ",1,Partial College,Manual,Y
17747,MR.,FRANKLIN,XIE,11/19/1960,M,M,franklin21@adventure-works.com,"$30,000 ",3,Graduate Degree,Clerical,Y
17748,MR.,GEOFFREY,KAPOOR,5/17/1959,S,M,geoffrey1@adventure-works.com,"$10,000 ",1,High School,Manual,N
17749,MRS.,LEAH,WU,9/19/1959,M,F,leah5@adventure-works.com,"$10,000 ",1,High School,Manual,Y
17750,MRS.,SHAWNA,JAI,11/23/1959,M,F,shawna12@adventure-works.com,"$20,000 ",2,Partial College,Manual,Y
17751,MR.,ISAIAH,BAILEY,10/13/1958,S,M,isaiah15@adventure-works.com,"$20,000 ",2,Partial College,Manual,Y
17752,MRS.,DEANNA,HERNANDEZ,6/14/1958,M,F,deanna29@adventure-works.com,"$20,000 ",2,Partial College,Manual,Y
17753,MRS.,KENDRA,SANZ,4/15/1960,S,F,kendra20@adventure-works.com,"$30,000 ",3,Bachelors,Clerical,Y
17754,MRS.,STEPHANIE,KING,7/16/1960,S,F,stephanie64@adventure-works.com,"$30,000 ",3,Bachelors,Clerical,Y
17755,MRS.,ZOE,COX,1/17/1960,M,F,zoe9@adventure-works.com,"$30,000 ",3,Bachelors,Clerical,Y
17756,MRS.,JILL,ASHE,5/18/1958,M,F,jill12@adventure-works.com,"$30,000 ",1,Bachelors,Clerical,Y
17757,MR.,SETH,HAYES,3/17/1970,S,M,seth71@adventure-works.com,"$20,000 ",0,Partial College,Manual,Y
17758,MS.,LINDA,GILL,6/23/1970,M,F,linda29@adventure-works.com,"$20,000 ",0,Partial College,Manual,N
17759,MR.,KRISTOPHER,SANCHEZ,9/18/1970,S,M,kristopher19@adventure-works.com,"$20,000 ",0,Partial College,Manual,N
17760,MS.,DIANA,ROMERO,1/16/1970,S,F,diana8@adventure-works.com,"$20,000 ",0,Partial College,Manual,N
17761,MR.,KRISTOPHER,SAI,8/4/1970,M,M,kristopher6@adventure-works.com,"$30,000 ",0,Bachelors,Clerical,N
17762,MRS.,RACHEL,RODRIGUEZ,6/18/1969,S,F,rachel23@adventure-works.com,"$10,000 ",2,High School,Manual,Y
17763,MS.,JACQUELYN,MARTIN,8/15/1969,S,F,jacquelyn0@adventure-works.com,"$20,000 ",0,Partial College,Manual,N
17764,MR.,TERRANCE,GARCIA,9/17/1969,M,M,terrance12@adventure-works.com,"$30,000 ",0,Bachelors,Clerical,Y
17765,MRS.,VALERIE,ZHANG,2/4/1969,M,F,valerie1@adventure-works.com,"$30,000 ",1,Bachelors,Clerical,Y
17766,MR.,JAKE,XU,11/14/1969,M,M,jake11@adventure-works.com,"$40,000 ",0,Graduate Degree,Clerical,Y
17767,MR.,TOMMY,RAJE,9/4/1969,M,M,tommy10@adventure-works.com,"$40,000 ",0,Graduate Degree,Clerical,Y
17768,MR.,LUIS,PARKER,3/22/1952,S,M,luis33@adventure-works.com,"$10,000 ",3,Partial College,Manual,Y
17769,MR.,NATHAN,MARTIN,11/14/1952,S,M,nathan72@adventure-works.com,"$10,000 ",3,Partial College,Manual,Y
17770,MR.,GRANT,XIE,4/9/1952,S,M,grant5@adventure-works.com,"$10,000 ",3,Partial College,Manual,Y
17771,MRS.,HOLLY,CHANDRA,5/10/1952,M,F,holly4@adventure-works.com,"$10,000 ",3,Partial College,Manual,N
17772,MR.,LEONARD,ANDERSEN,5/10/1952,S,M,leonard14@adventure-works.com,"$20,000 ",2,Partial College,Manual,Y
17773,MRS.,CRYSTAL,LIN,4/14/1968,S,F,crystal10@adventure-works.com,"$10,000 ",3,High School,Manual,Y
17775,MR.,RICKY,MORENO,2/24/1968,S,M,ricky6@adventure-works.com,"$20,000 ",1,Partial College,Manual,N
17776,MRS.,DIANA,JIMENEZ,7/14/1968,S,F,diana4@adventure-works.com,"$20,000 ",1,Partial College,Manual,N
17777,MR.,ARMANDO,ALVAREZ,7/3/1968,M,M,armando5@adventure-works.com,"$30,000 ",1,Bachelors,Clerical,Y
17778,MS.,KARI,PRASAD,9/24/1968,M,F,kari10@adventure-works.com,"$40,000 ",0,Graduate Degree,Clerical,Y
17779,MS.,MADISON,PATTERSON,5/11/1968,M,F,madison46@adventure-works.com,"$40,000 ",0,Graduate Degree,Clerical,Y
17780,MS.,ALISHA,HUANG,4/11/1968,M,F,alisha6@adventure-works.com,"$40,000 ",0,Graduate Degree,Clerical,Y
17781,MR.,JAKE,SHE,4/28/1968,M,M,jake21@adventure-works.com,"$40,000 ",0,Graduate Degree,Clerical,Y
17782,MS.,CASEY,SHAN,11/16/1968,M,F,casey11@adventure-works.com,"$40,000 ",0,Graduate Degree,Clerical,Y
17783,MRS.,TRACY,JAI,7/16/1967,S,F,tracy10@adventure-works.com,"$10,000 ",3,Partial High School,Manual,Y
17784,MRS.,MAYRA,PATEL,3/20/1967,S,F,mayra2@adventure-works.com,"$10,000 ",4,Partial High School,Manual,Y
17785,MR.,PEDRO,CHAPMAN,10/19/1967,M,M,pedro2@adventure-works.com,"$20,000 ",1,Partial College,Manual,Y
17786,MRS.,KATHLEEN,GUTIERREZ,10/25/1967,S,F,kathleen13@adventure-works.com,"$20,000 ",1,Partial College,Manual,N
17787,MR.,ALEJANDRO,ZHAO,10/17/1967,S,M,alejandro13@adventure-works.com,"$20,000 ",1,Partial College,Manual,N
17788,MR.,JEFFERY,LIU,10/18/1967,M,M,jeffery4@adventure-works.com,"$20,000 ",1,High School,Manual,Y
17789,MRS.,KARI,DOMINGUEZ,6/12/1967,S,F,kari33@adventure-works.com,"$30,000 ",1,Bachelors,Clerical,N
17790,MR.,DARRYL,YE,5/12/1967,S,M,darryl9@adventure-works.com,"$30,000 ",1,Bachelors,Clerical,N
17791,MRS.,SYDNEY,DAVIS,11/25/1967,M,F,sydney69@adventure-works.com,"$30,000 ",1,Bachelors,Clerical,Y
17792,MS.,BRIDGET,ANDERSEN,12/22/1967,M,F,bridget15@adventure-works.com,"$40,000 ",0,Bachelors,Clerical,Y
17793,MS.,KATHLEEN,ALVAREZ,9/7/1967,M,F,kathleen6@adventure-works.com,"$40,000 ",0,Bachelors,Clerical,Y
17794,MR.,THEODORE,ROWE,2/9/1966,M,M,theodore22@adventure-works.com,"$30,000 ",1,Bachelors,Clerical,Y
17795,MRS.,JAIME,DIAZ,8/1/1966,M,F,jaime3@adventure-works.com,"$30,000 ",1,Bachelors,Skilled Manual,Y
17796,MR.,EDUARDO,TAYLOR,8/14/1965,S,M,eduardo7@adventure-works.com,"$10,000 ",4,Partial High School,Manual,Y
17797,MRS.,EBONY,MARTINEZ,10/5/1965,S,F,ebony18@adventure-works.com,"$20,000 ",2,High School,Manual,Y
17798,MRS.,ROBIN,ORTEGA,5/26/1965,S,F,robin17@adventure-works.com,"$20,000 ",2,High School,Manual,Y
17799,MR.,ALEJANDRO,GUO,4/2/1965,S,M,alejandro21@adventure-works.com,"$20,000 ",2,High School,Manual,Y
17800,MRS.,ROBYN,ALONSO,1/10/1965,S,F,robyn6@adventure-works.com,"$20,000 ",2,High School,Manual,Y
17801,MRS.,SHANNON,HE,5/18/1965,S,F,shannon17@adventure-works.com,"$20,000 ",2,High School,Manual,Y
17802,MR.,ERICK,ARUN,10/10/1964,S,M,erick6@adventure-works.com,"$10,000 ",4,Partial High School,Manual,Y
17803,MRS.,RENEE,HERNANDEZ,2/23/1964,S,F,renee3@adventure-works.com,"$10,000 ",5,Partial High School,Manual,Y
17804,MRS.,MELODY,TORRES,2/2/1964,S,F,melody12@adventure-works.com,"$10,000 ",5,Partial High School,Manual,Y
17805,MR.,CARLOS,YOUNG,7/5/1964,S,M,carlos46@adventure-works.com,"$20,000 ",2,High School,Manual,Y
17806,MR.,OMAR,KUMAR,4/14/1964,M,M,omar27@adventure-works.com,"$20,000 ",2,High School,Manual,N
17807,MR.,PHILIP,SANZ,6/12/1964,S,M,philip19@adventure-works.com,"$20,000 ",2,High School,Manual,Y
17808,MRS.,RAQUEL,ALVAREZ,4/16/1963,S,F,raquel3@adventure-works.com,"$10,000 ",3,Partial High School,Manual,Y
17809,MR.,JOSUE,BLANCO,2/26/1963,S,M,josue2@adventure-works.com,"$10,000 ",3,Partial High School,Manual,Y
17810,MR.,FREDERICK,PRASAD,2/7/1963,M,M,frederick8@adventure-works.com,"$10,000 ",3,Partial High School,Manual,N
17811,MS.,STACY,HERNANDEZ,12/25/1966,M,F,stacy5@adventure-works.com,"$40,000 ",0,Bachelors,Professional,N
17812,MS.,CASEY,NARA,3/18/1966,M,F,casey18@adventure-works.com,"$40,000 ",0,Bachelors,Professional,Y
17813,MR.,JAY,NICHOLLS,7/3/1963,M,M,jay39@adventure-works.com,"$30,000 ",2,Partial College,Clerical,N
17814,MRS.,MICHELE,PAL,2/12/1963,M,F,michele12@adventure-works.com,"$30,000 ",2,Partial College,Clerical,N
17815,MR.,RONNIE,MA,8/11/1962,S,M,ronnie14@adventure-works.com,"$30,000 ",1,Partial College,Clerical,Y
17816,MRS.,KATHRYN,RAJE,4/18/1934,S,F,kathryn12@adventure-works.com,"$20,000 ",2,Partial College,Clerical,Y
17817,MRS.,FELICIA,GUTIERREZ,5/16/1934,M,F,felicia10@adventure-works.com,"$30,000 ",1,Bachelors,Skilled Manual,Y
17818,MR.,DALE,YUAN,7/22/1965,M,M,dale6@adventure-works.com,"$40,000 ",1,Bachelors,Skilled Manual,Y
17819,MR.,ARTHUR,RANA,8/13/1965,M,M,arthur13@adventure-works.com,"$40,000 ",1,Bachelors,Skilled Manual,Y
17820,MRS.,EMMA,MORRIS,11/22/1965,M,F,emma26@adventure-works.com,"$40,000 ",1,Bachelors,Skilled Manual,Y
17821,MR.,MARVIN,GILL,9/20/1964,M,M,marvin14@adventure-works.com,"$40,000 ",1,Bachelors,Skilled Manual,Y
17822,MRS.,MICHELLE,COOPER,4/15/1963,S,F,michelle18@adventure-works.com,"$30,000 ",2,Partial College,Clerical,Y
17823,MR.,RAMON,GAO,6/13/1963,M,M,ramon13@adventure-works.com,"$30,000 ",3,Partial College,Clerical,N
17824,MR.,MARIO,PAL,5/2/1963,S,M,mario10@adventure-works.com,"$30,000 ",3,Partial College,Clerical,Y
17825,MR.,CLAYTON,LI,10/15/1963,M,M,clayton3@adventure-works.com,"$40,000 ",1,Bachelors,Skilled Manual,Y
17827,MRS.,MARIA,COLEMAN,11/17/1979,S,F,maria29@adventure-works.com,"$20,000 ",4,High School,Manual,Y
17828,MRS.,VALERIE,ZHOU,7/17/1963,M,F,valerie10@adventure-works.com,"$40,000 ",1,Bachelors,Skilled Manual,Y
17829,MRS.,AUDREY,GUTIERREZ,8/21/1963,M,F,audrey12@adventure-works.com,"$40,000 ",1,Bachelors,Skilled Manual,Y
17830,MR.,CARLOS,SCOTT,10/1/1962,M,M,carlos43@adventure-works.com,"$30,000 ",1,Partial College,Clerical,Y
17831,MR.,NOAH,LONG,8/15/1962,M,M,noah6@adventure-works.com,"$30,000 ",1,Partial College,Clerical,Y
17832,MR.,CAMERON,SHARMA,12/11/1962,M,M,cameron26@adventure-works.com,"$30,000 ",1,Partial College,Clerical,Y
17833,MRS.,MONIQUE,SUAREZ,3/4/1962,M,F,monique15@adventure-works.com,"$40,000 ",1,Bachelors,Skilled Manual,Y
17834,MRS.,MICHELE,GILL,10/2/1962,M,F,michele47@adventure-works.com,"$40,000 ",1,Bachelors,Skilled Manual,Y
17835,MR.,FRANCISCO,PEREZ,6/28/1978,M,M,francisco23@adventure-works.com,"$30,000 ",4,Partial College,Clerical,N
17836,MS.,JACQUELYN,RAMOS,9/17/1977,S,F,jacquelyn18@adventure-works.com,"$20,000 ",0,High School,Manual,Y
17837,MS.,MAYRA,GARCIA,7/13/1977,S,F,mayra15@adventure-works.com,"$30,000 ",0,Partial College,Clerical,Y
17838,MS.,JILL,BLANCO,12/25/1975,S,F,jill23@adventure-works.com,"$10,000 ",0,Partial High School,Manual,N
17839,MS.,CHRISTINE,CHANDER,2/17/1975,S,F,christine11@adventure-works.com,"$10,000 ",0,Partial High School,Manual,Y
17840,MR.,LARRY,HERNANDEZ,8/18/1975,S,M,larry5@adventure-works.com,"$10,000 ",0,Partial High School,Manual,N
17841,MR.,WALTER,NAVARRO,9/9/1976,S,M,walter3@adventure-works.com,"$30,000 ",0,Partial College,Clerical,N
17842,MR.,ISAIAH,WARD,10/24/1975,S,M,isaiah11@adventure-works.com,"$20,000 ",0,Partial High School,Manual,Y
17843,MS.,KELLI,SHAN,3/1/1974,S,F,kelli33@adventure-works.com,"$10,000 ",0,Partial High School,Manual,N
17844,MS.,MARTHA,ZENG,8/26/1974,S,F,martha21@adventure-works.com,"$10,000 ",0,Partial High School,Manual,N
17845,MS.,EBONY,DIAZ,8/20/1974,S,F,ebony25@adventure-works.com,"$20,000 ",0,Partial High School,Manual,N
17846,MR.,ALEJANDRO,CHAVEZ,1/25/1975,S,M,alejandro39@adventure-works.com,"$30,000 ",0,Partial College,Clerical,N
17847,MR.,LOGAN,LEE,6/25/1975,S,M,logan54@adventure-works.com,"$30,000 ",0,Partial College,Clerical,N
17848,MR.,JAIME,YUAN,6/25/1975,S,M,jaime30@adventure-works.com,"$30,000 ",0,Partial College,Clerical,N
17849,MR.,WESLEY,HE,12/28/1975,M,M,wesley18@adventure-works.com,"$40,000 ",1,Bachelors,Skilled Manual,Y
17850,MR.,ALVIN,SHEN,7/3/1973,S,M,alvin24@adventure-works.com,"$10,000 ",0,Partial High School,Manual,N
17851,MR.,WARREN,TANG,3/16/1973,S,M,warren0@adventure-works.com,"$10,000 ",0,Partial High School,Manual,Y
17852,MS.,LINDSEY,SHAN,8/7/1973,M,F,lindsey11@adventure-works.com,"$20,000 ",0,Partial High School,Manual,N
17853,MR.,ERNEST,CHEN,5/6/1973,S,M,ernest2@adventure-works.com,"$20,000 ",0,Partial High School,Manual,Y
17855,MR.,RONALD,LOPEZ,3/19/1980,S,M,ronald19@adventure-works.com,"$20,000 ",0,Partial High School,Manual,N
17856,MR.,ROGER,RAI,12/26/1980,S,M,roger45@adventure-works.com,"$20,000 ",0,Partial High School,Manual,N
17857,MS.,ALBERT,CABELLO,2/13/1980,S,F,albert2@adventure-works.com,"$20,000 ",0,Partial High School,Manual,N
17858,MR.,DALTON,BARNES,11/13/1961,M,M,dalton48@adventure-works.com,"$40,000 ",4,High School,Skilled Manual,Y
17859,MR.,WYATT,GONZALEZ,9/22/1961,M,M,wyatt37@adventure-works.com,"$60,000 ",1,Partial College,Skilled Manual,Y
17860,MR.,NOAH,DIAZ,5/9/1961,M,M,noah19@adventure-works.com,"$60,000 ",1,Partial College,Skilled Manual,Y
17861,MRS.,MELANIE,BLUE,8/27/1960,S,F,melanie40@adventure-works.com,"$40,000 ",4,High School,Skilled Manual,Y
17862,MR.,AARON,BAKER,3/18/1960,M,M,aaron40@adventure-works.com,"$40,000 ",4,High School,Skilled Manual,Y
17863,MS.,BAILEY,COOPER,4/19/1960,S,F,bailey15@adventure-works.com,"$40,000 ",0,Bachelors,Professional,Y
17864,MRS.,EMILY,MARTINEZ,8/27/1960,M,F,emily18@adventure-works.com,"$60,000 ",1,Partial College,Skilled Manual,Y
17865,MR.,BLAKE,BARNES,11/3/1960,M,M,blake50@adventure-works.com,"$60,000 ",1,Partial College,Skilled Manual,N
17866,MR.,JACK,BAKER,9/20/1960,M,M,jack43@adventure-works.com,"$60,000 ",1,Partial College,Skilled Manual,Y
17867,MS.,STEPHANIE,SANCHEZ,1/6/1967,S,F,stephanie4@adventure-works.com,"$50,000 ",0,Partial College,Skilled Manual,N
17868,MR.,RICHARD,BLUE,3/8/1967,S,M,richard95@adventure-works.com,"$60,000 ",0,Graduate Degree,Professional,N
17869,MR.,HENRY,MEHTA,7/14/1967,S,M,henry15@adventure-works.com,"$60,000 ",0,Graduate Degree,Professional,N
17870,MS.,MELISSA,PRICE,7/14/1967,S,F,melissa19@adventure-works.com,"$60,000 ",0,Graduate Degree,Professional,N
17871,MRS.,SYDNEY,PATTERSON,7/21/1960,M,F,sydney33@adventure-works.com,"$60,000 ",1,Partial College,Skilled Manual,Y
17872,MR.,ROBERT,MILLER,9/16/1971,M,M,robert65@adventure-works.com,"$60,000 ",1,Graduate Degree,Skilled Manual,Y
17873,MR.,ALEJANDRO,SHE,5/6/1969,M,M,alejandro26@adventure-works.com,"$10,000 ",0,Graduate Degree,Manual,Y
17874,MRS.,NATASHA,ALVAREZ,1/15/1967,S,F,natasha5@adventure-works.com,"$10,000 ",1,Graduate Degree,Manual,Y
17875,MR.,TOMMY,ANAND,3/4/1962,M,M,tommy19@adventure-works.com,"$10,000 ",1,Graduate Degree,Manual,Y
17876,MR.,FERNANDO,HARRIS,1/11/1962,M,M,fernando12@adventure-works.com,"$10,000 ",1,Graduate Degree,Manual,Y
17877,MR.,DANNY,BLANCO,8/15/1962,S,M,danny16@adventure-works.com,"$10,000 ",1,Bachelors,Manual,Y
17878,MRS.,GABRIELLE,SANDERS,4/11/1961,M,F,gabrielle21@adventure-works.com,"$10,000 ",1,Bachelors,Manual,Y
17879,MR.,SETH,RIVERA,8/28/1961,M,M,seth81@adventure-works.com,"$10,000 ",1,Bachelors,Manual,Y
17880,MRS.,SYDNEY,HALL,1/2/1962,M,F,sydney87@adventure-works.com,"$20,000 ",1,Graduate Degree,Clerical,Y
17881,MRS.,TAMARA,WANG,6/24/1961,M,F,tamara32@adventure-works.com,"$20,000 ",1,Graduate Degree,Clerical,Y
17882,MR.,DREW,DENG,9/22/1961,M,M,drew1@adventure-works.com,"$20,000 ",1,Graduate Degree,Clerical,Y
17883,MRS.,LORI,RUBIO,9/3/1935,M,F,lori21@adventure-works.com,"$20,000 ",1,Graduate Degree,Clerical,Y
17884,MRS.,MAYRA,SCHMIDT,12/11/1936,M,F,mayra10@adventure-works.com,"$30,000 ",1,Graduate Degree,Clerical,Y
17885,MR.,JULIO,CARLSON,1/21/1962,M,M,julio19@adventure-works.com,"$30,000 ",4,Graduate Degree,Clerical,Y
17886,MRS.,BIANCA,HARRISON,8/19/1958,M,F,bianca15@adventure-works.com,"$10,000 ",1,Bachelors,Manual,Y
17887,MR.,JOEL,MADAN,10/20/1958,M,M,joel7@adventure-works.com,"$10,000 ",1,Bachelors,Manual,Y
17888,MRS.,MANDY,LIU,8/11/1958,S,F,mandy5@adventure-works.com,"$10,000 ",1,Bachelors,Manual,Y
17889,MR.,BLAKE,TAYLOR,6/28/1958,M,M,blake8@adventure-works.com,"$20,000 ",1,Bachelors,Manual,Y
17890,MR.,DERRICK,JIMÉNEZ,2/3/1955,M,M,derrick5@adventure-works.com,"$10,000 ",2,Partial College,Manual,Y
17891,MRS.,SHARON,LAL,11/11/1955,M,F,sharon15@adventure-works.com,"$10,000 ",2,Partial College,Manual,Y
17892,MR.,RONNIE,XU,6/28/1955,M,M,ronnie10@adventure-works.com,"$20,000 ",1,Bachelors,Clerical,Y
17894,MRS.,HAILEY,SIMMONS,9/21/1955,M,F,hailey35@adventure-works.com,"$20,000 ",1,Bachelors,Clerical,Y
17895,MR.,ALLEN,SUBRAM,2/7/1954,M,M,allen11@adventure-works.com,"$10,000 ",2,Partial College,Manual,Y
17896,MRS.,RENEE,GUTIERREZ,11/8/1954,S,F,renee10@adventure-works.com,"$10,000 ",2,Partial College,Manual,Y
17897,MR.,DARRELL,KUMAR,5/3/1938,S,M,darrell16@adventure-works.com,"$10,000 ",2,Bachelors,Clerical,Y
17898,MRS.,JANET,SANZ,6/20/1940,S,F,janet26@adventure-works.com,"$20,000 ",1,Bachelors,Clerical,Y
17899,MRS.,THERESA,MORENO,4/10/1941,M,F,theresa3@adventure-works.com,"$20,000 ",1,Bachelors,Clerical,Y
17900,MRS.,VICTORIA,SNOWDEN,8/6/1942,S,F,victoria0@adventure-works.com,"$10,000 ",3,Partial College,Manual,Y
17901,MR.,KEITH,TANG,4/15/1942,M,M,keith6@adventure-works.com,"$20,000 ",1,Partial College,Manual,Y
17902,MRS.,RUTH,LOPEZ,3/4/1942,M,F,ruth21@adventure-works.com,"$20,000 ",1,Partial College,Manual,Y
17903,MRS.,BETHANY,SHEN,2/12/1942,M,F,bethany6@adventure-works.com,"$30,000 ",1,Bachelors,Clerical,Y
17904,MS.,GINA,TORRES,4/15/1980,S,F,gina12@adventure-works.com,"$10,000 ",0,Partial College,Manual,N
17905,MR.,CALVIN,YUAN,7/20/1980,M,M,calvin7@adventure-works.com,"$10,000 ",0,Partial College,Manual,Y
17906,MR.,JONATHON,VAZQUEZ,2/9/1979,M,M,jonathon11@adventure-works.com,"$10,000 ",0,Partial College,Manual,Y
17907,MS.,PRISCILLA,LUO,11/25/1978,M,F,priscilla5@adventure-works.com,"$10,000 ",0,Partial College,Manual,Y
17908,MR.,WARREN,YANG,1/13/1978,M,M,warren22@adventure-works.com,"$10,000 ",0,Partial College,Manual,Y
17909,MS.,JOANNA,ORTEGA,5/2/1977,S,F,joanna20@adventure-works.com,"$10,000 ",0,High School,Manual,N
17910,MR.,DUSTIN,NARA,4/26/1977,M,M,dustin17@adventure-works.com,"$10,000 ",0,High School,Manual,Y
17911,MR.,PEDRO,RODRIGUEZ,11/12/1976,M,M,pedro19@adventure-works.com,"$10,000 ",1,High School,Manual,Y
17912,MR.,LOUIS,ZHOU,7/11/1976,M,M,louis2@adventure-works.com,"$10,000 ",1,High School,Manual,Y
17913,MRS.,LACEY,XU,3/3/1976,S,F,lacey39@adventure-works.com,"$10,000 ",1,High School,Manual,N
17914,MR.,PHILLIP,SURI,3/12/1979,M,M,phillip1@adventure-works.com,"$20,000 ",0,Bachelors,Clerical,Y
17915,MRS.,AIMEE,LI,2/19/1978,S,F,aimee3@adventure-works.com,"$10,000 ",1,High School,Manual,N
17916,MRS.,TRACY,XU,3/14/1978,S,F,tracy5@adventure-works.com,"$10,000 ",1,High School,Manual,N
17917,MS.,CRISTINA,RAJE,11/10/1978,S,F,cristina12@adventure-works.com,"$20,000 ",0,Bachelors,Clerical,Y
17918,MS.,SUZANNE,ZENG,10/12/1978,M,F,suzanne23@adventure-works.com,"$20,000 ",0,Bachelors,Clerical,Y
17919,MR.,BRUCE,HERNANDEZ,3/9/1978,S,M,bruce26@adventure-works.com,"$20,000 ",0,Bachelors,Clerical,Y
17920,MR.,BRADLEY,YUAN,3/16/1978,S,M,bradley9@adventure-works.com,"$20,000 ",0,Bachelors,Clerical,Y
17921,MS.,KAREN,LI,4/24/1978,M,F,karen12@adventure-works.com,"$20,000 ",0,Bachelors,Clerical,Y
17922,MR.,SHANE,SCHMIDT,3/16/1978,M,M,shane13@adventure-works.com,"$20,000 ",0,Bachelors,Clerical,Y
17923,MR.,CORY,MALHOTRA,7/6/1977,S,M,cory3@adventure-works.com,"$10,000 ",1,High School,Manual,N
17924,MRS.,SHAWNA,LAL,11/18/1977,S,F,shawna9@adventure-works.com,"$10,000 ",1,High School,Manual,N
17925,MR.,BRADLEY,RAJI,9/20/1977,S,M,bradley23@adventure-works.com,"$20,000 ",0,Bachelors,Clerical,Y
17926,MS.,CAROLYN,RAMOS,11/4/1977,M,F,carolyn38@adventure-works.com,"$20,000 ",0,Bachelors,Clerical,N
17927,,DOUGLAS,PATEL,11/17/1977,S,NA,douglas6@adventure-works.com,"$20,000 ",0,Partial College,Manual,Y
17928,MR.,TERRENCE,SHE,8/3/1943,M,M,terrence1@adventure-works.com,"$20,000 ",2,Partial College,Manual,Y
17929,MR.,ALFREDO,RUBIO,12/7/1943,M,M,alfredo22@adventure-works.com,"$20,000 ",2,Partial College,Manual,Y
17930,MRS.,CHELSEA,SRINI,12/19/1961,M,F,chelsea9@adventure-works.com,"$20,000 ",1,Partial College,Manual,Y
17931,MR.,JEFFERY,ZHAO,3/19/1961,M,M,jeffery11@adventure-works.com,"$20,000 ",1,Partial College,Manual,Y
17932,MR.,BARRY,SRINI,6/14/1961,M,M,barry9@adventure-works.com,"$30,000 ",4,Graduate Degree,Clerical,Y
17933,MRS.,VIRGINIA,PRASAD,5/4/1961,M,F,virginia11@adventure-works.com,"$30,000 ",3,Graduate Degree,Clerical,Y
17934,MR.,NELSON,GILL,4/4/1960,S,M,nelson12@adventure-works.com,"$20,000 ",1,Partial College,Manual,N
17935,MRS.,MISTY,JAI,7/22/1960,M,F,misty13@adventure-works.com,"$20,000 ",1,Partial College,Manual,Y
17936,MRS.,TONYA,DENG,2/12/1960,M,F,tonya1@adventure-works.com,"$20,000 ",1,Partial College,Manual,Y
17937,MRS.,HEIDI,KAPOOR,11/18/1960,M,F,heidi3@adventure-works.com,"$30,000 ",3,Graduate Degree,Clerical,Y
17938,MR.,RUBEN,GILL,4/12/1959,S,M,ruben37@adventure-works.com,"$10,000 ",1,High School,Manual,N
17939,MRS.,KELLI,WANG,7/4/1959,S,F,kelli1@adventure-works.com,"$10,000 ",1,High School,Manual,N
17940,MR.,TOMMY,YUAN,3/8/1959,M,M,tommy3@adventure-works.com,"$20,000 ",2,Partial College,Manual,Y
17941,MR.,DAVID,JENKINS,12/6/1959,M,M,david39@adventure-works.com,"$20,000 ",2,Partial College,Manual,Y
17942,MR.,STEVEN,WATSON,5/10/1959,M,M,steven10@adventure-works.com,"$20,000 ",2,Partial College,Manual,Y
17943,MR.,JOE,ROMERO,1/19/1959,S,M,joe32@adventure-works.com,"$30,000 ",3,Graduate Degree,Clerical,Y
17944,MRS.,RILEY,RIVERA,2/16/1958,M,F,riley36@adventure-works.com,"$20,000 ",2,Partial College,Manual,Y
17945,MR.,JULIO,RUBIO,3/5/1958,M,M,julio22@adventure-works.com,"$30,000 ",1,Graduate Degree,Clerical,Y
17946,MRS.,JOCELYN,WASHINGTON,11/6/1958,M,F,jocelyn14@adventure-works.com,"$30,000 ",1,Graduate Degree,Clerical,Y
17947,MR.,ERICK,SRINI,11/2/1958,S,M,erick8@adventure-works.com,"$30,000 ",1,Graduate Degree,Clerical,Y
17948,MRS.,CHERYL,VAZQUEZ,9/15/1959,S,F,cheryl17@adventure-works.com,"$30,000 ",3,Bachelors,Clerical,Y
17949,MRS.,SOPHIA,MITCHELL,5/22/1959,M,F,sophia10@adventure-works.com,"$40,000 ",3,Graduate Degree,Clerical,Y
17950,MR.,ALBERTO,ORTEGA,11/19/1958,M,M,alberto21@adventure-works.com,"$30,000 ",1,Bachelors,Clerical,Y
17951,MR.,FREDERICK,MALHOTRA,4/12/1970,M,M,frederick4@adventure-works.com,"$10,000 ",1,High School,Manual,Y
17952,MR.,BRENDAN,BECK,5/18/1970,S,M,brendan18@adventure-works.com,"$10,000 ",2,High School,Manual,Y
17953,MRS.,LATOYA,RAJE,8/22/1970,S,F,latoya12@adventure-works.com,"$10,000 ",2,High School,Manual,Y
17954,MS.,SHELBY,TORRES,1/17/1970,S,F,shelby4@adventure-works.com,"$20,000 ",0,Partial College,Manual,N
17955,MR.,RONNIE,ZHAO,11/2/1970,S,M,ronnie8@adventure-works.com,"$20,000 ",0,Partial College,Manual,Y
17956,MR.,JAIME,GOMEZ,9/27/1970,S,M,jaime0@adventure-works.com,"$30,000 ",0,Bachelors,Clerical,Y
17957,MS.,MISTY,YUAN,9/22/1970,S,F,misty8@adventure-works.com,"$30,000 ",0,Bachelors,Clerical,Y
17958,MR.,RICARDO,LAL,7/8/1970,M,M,ricardo8@adventure-works.com,"$30,000 ",0,Bachelors,Clerical,Y
17959,MS.,EBONY,SRINI,3/25/1970,M,F,ebony8@adventure-works.com,"$30,000 ",0,Bachelors,Clerical,Y
17960,MS.,MARIE,RODRIGUEZ,9/21/1970,M,F,marie21@adventure-works.com,"$40,000 ",0,Graduate Degree,Clerical,Y
17961,MS.,MEGHAN,BLANCO,11/14/1969,S,F,meghan15@adventure-works.com,"$20,000 ",0,Partial College,Manual,N
17962,MR.,COLIN,ZHOU,8/16/1969,M,M,colin9@adventure-works.com,"$30,000 ",0,Bachelors,Clerical,Y
17963,MS.,NATALIE,COLLINS,6/10/1969,S,F,natalie46@adventure-works.com,"$30,000 ",0,Bachelors,Clerical,N
17964,MR.,DARREN,SURI,8/8/1969,M,M,darren2@adventure-works.com,"$40,000 ",0,Graduate Degree,Clerical,Y
17965,MR.,WARREN,CHANDER,12/12/1969,M,M,warren5@adventure-works.com,"$40,000 ",0,Graduate Degree,Clerical,Y
17966,MS.,KELLIE,GUTIERREZ,11/24/1969,S,F,kellie9@adventure-works.com,"$50,000 ",0,Graduate Degree,Skilled Manual,Y
17967,MRS.,CASSANDRA,GONZALEZ,5/24/1952,M,F,cassandra20@adventure-works.com,"$10,000 ",3,Partial College,Manual,N
17968,MRS.,NINA,BLACK,4/19/1952,M,F,nina20@adventure-works.com,"$20,000 ",2,Partial College,Manual,Y
17969,MR.,JEFFERY,LI,6/22/1952,M,M,jeffery3@adventure-works.com,"$20,000 ",2,Partial College,Manual,Y
17970,MR.,ERICK,MARTINEZ,11/15/1953,S,M,erick17@adventure-works.com,"$10,000 ",2,High School,Manual,Y
17971,MRS.,MAYRA,PEREZ,4/25/1968,S,F,mayra20@adventure-works.com,"$10,000 ",2,High School,Manual,Y
17972,MRS.,ALISHA,MA,4/23/1968,S,F,alisha16@adventure-works.com,"$20,000 ",1,Partial College,Manual,N
17973,MR.,JOHNATHAN,RODRIGUEZ,6/15/1968,M,M,johnathan18@adventure-works.com,"$30,000 ",1,Bachelors,Clerical,Y
17974,MRS.,KATE,RAJE,7/5/1968,M,F,kate11@adventure-works.com,"$30,000 ",1,Bachelors,Clerical,Y
17975,MS.,CANDACE,SAI,10/27/1968,S,F,candace5@adventure-works.com,"$40,000 ",0,Graduate Degree,Clerical,Y
17976,MS.,DAISY,CARLSON,10/2/1968,M,F,daisy13@adventure-works.com,"$40,000 ",0,Graduate Degree,Clerical,Y
17977,MS.,VALERIE,ZENG,6/24/1968,M,F,valerie24@adventure-works.com,"$40,000 ",0,Graduate Degree,Clerical,Y
17978,MR.,ARMANDO,DIAZ,11/17/1968,M,M,armando3@adventure-works.com,"$40,000 ",0,Graduate Degree,Clerical,Y
17979,MS.,LISA,LIN,9/2/1968,M,F,lisa11@adventure-works.com,"$40,000 ",0,Bachelors,Clerical,N
17980,MRS.,PAIGE,HUGHES,6/20/1967,S,F,paige10@adventure-works.com,"$30,000 ",1,Bachelors,Clerical,N
17981,MR.,FERNANDO,MITCHELL,4/23/1967,M,M,fernando36@adventure-works.com,"$30,000 ",1,Bachelors,Clerical,Y
17982,MR.,FRANCISCO,MEHTA,9/8/1967,S,M,francisco15@adventure-works.com,"$40,000 ",0,Bachelors,Clerical,Y
17983,MS.,CAROL,SAUNDERS,7/4/1967,M,F,carol22@adventure-works.com,"$40,000 ",0,Bachelors,Clerical,Y
17984,MS.,BARBARA,ANDERSEN,3/25/1967,M,F,barbara43@adventure-works.com,"$40,000 ",0,Bachelors,Clerical,Y
17985,MR.,CEDRIC,SUN,4/15/1967,M,M,cedric12@adventure-works.com,"$40,000 ",0,Bachelors,Clerical,Y
17986,MS.,MONICA,MALHOTRA,4/23/1967,M,F,monica5@adventure-works.com,"$40,000 ",0,Bachelors,Clerical,Y
17987,MRS.,CARA,SUN,5/6/1966,M,F,cara9@adventure-works.com,"$30,000 ",1,Bachelors,Clerical,Y
17988,MR.,ALFREDO,DIAZ,12/23/1965,S,M,alfredo4@adventure-works.com,"$20,000 ",2,High School,Manual,Y
17989,MRS.,TIFFANY,SUN,8/14/1965,S,F,tiffany13@adventure-works.com,"$20,000 ",2,High School,Manual,Y
17990,MRS.,KRISTINA,PATEL,6/21/1965,S,F,kristina3@adventure-works.com,"$20,000 ",2,High School,Manual,Y
17991,MR.,RICHARD,KELLY,6/27/1965,M,M,richard82@adventure-works.com,"$30,000 ",1,Bachelors,Skilled Manual,Y
17992,MRS.,SANDRA,MA,12/23/1964,S,F,sandra23@adventure-works.com,"$10,000 ",5,Partial High School,Manual,Y
17993,MR.,RICHARD,WILLIAMS,10/17/1930,M,M,richard42@adventure-works.com,"$10,000 ",4,High School,Manual,N
17994,MR.,BRADLEY,XU,8/4/1964,S,M,bradley7@adventure-works.com,"$20,000 ",2,High School,Manual,Y
17995,MRS.,SABRINA,JIMENEZ,6/23/1964,S,F,sabrina3@adventure-works.com,"$20,000 ",2,High School,Manual,Y
17996,MR.,CEDRIC,RAJI,11/13/1964,S,M,cedric39@adventure-works.com,"$20,000 ",3,High School,Manual,Y
17997,MRS.,APRIL,SHARMA,2/28/1964,S,F,april7@adventure-works.com,"$20,000 ",3,High School,Manual,Y
17998,MRS.,TAMMY,WEBER,5/6/1963,S,F,tammy4@adventure-works.com,"$20,000 ",3,High School,Manual,Y
17999,MR.,BYRON,ROMERO,6/25/1963,S,M,byron5@adventure-works.com,"$20,000 ",3,High School,Manual,Y
18000,MR.,RAMON,SHE,11/25/1963,S,M,ramon21@adventure-works.com,"$20,000 ",3,High School,Manual,Y
18001,MR.,ROSS,SURI,7/14/1963,S,M,ross0@adventure-works.com,"$20,000 ",3,High School,Manual,Y
18002,MRS.,GINA,NAVARRO,3/10/1933,M,F,gina10@adventure-works.com,"$20,000 ",2,Partial College,Manual,Y
18003,MR.,EDWIN,CHANDE,9/19/1933,M,M,edwin37@adventure-works.com,"$30,000 ",1,Bachelors,Skilled Manual,Y
18004,MS.,TONYA,SHEN,1/10/1966,M,F,tonya2@adventure-works.com,"$40,000 ",0,Bachelors,Professional,N
18005,MS.,RENEE,RAMOS,8/18/1966,M,F,renee15@adventure-works.com,"$40,000 ",0,Bachelors,Professional,Y
18006,MR.,FRANKLIN,CHANDER,10/1/1934,M,M,franklin33@adventure-works.com,"$40,000 ",1,Graduate Degree,Skilled Manual,Y
18007,MRS.,MICHELE,SURI,2/8/1934,M,F,michele55@adventure-works.com,"$40,000 ",1,Graduate Degree,Skilled Manual,Y
18008,MRS.,DEANNA,SAI,9/18/1965,S,F,deanna9@adventure-works.com,"$30,000 ",2,Partial College,Clerical,Y
18009,MRS.,DEANNA,PRASAD,5/4/1965,S,F,deanna13@adventure-works.com,"$30,000 ",2,Partial College,Clerical,Y
18010,MR.,CLARENCE,JAI,5/10/1965,S,M,clarence26@adventure-works.com,"$30,000 ",2,Partial College,Clerical,Y
18011,MR.,FRANK,GOMEZ,5/3/1965,S,M,frank31@adventure-works.com,"$30,000 ",2,Partial College,Clerical,Y
18012,MRS.,KAREN,ZHU,5/12/1965,M,F,karen24@adventure-works.com,"$40,000 ",1,Bachelors,Skilled Manual,Y
18013,MRS.,KATHLEEN,MUNOZ,7/19/1965,M,F,kathleen9@adventure-works.com,"$40,000 ",1,Bachelors,Skilled Manual,Y
18014,MR.,WAYNE,XU,3/6/1964,S,M,wayne6@adventure-works.com,"$30,000 ",2,Partial College,Clerical,Y
18016,MRS.,TIFFANY,LIU,2/20/1964,M,F,tiffany4@adventure-works.com,"$30,000 ",2,Partial College,Clerical,N
18017,MR.,KURT,SHAN,9/5/1964,S,M,kurt10@adventure-works.com,"$30,000 ",2,Partial College,Clerical,Y
18018,MR.,PETER,XIE,4/5/1963,S,M,peter10@adventure-works.com,"$30,000 ",3,Partial College,Clerical,Y
18019,MRS.,YOLANDA,RAJI,12/23/1963,M,F,yolanda20@adventure-works.com,"$40,000 ",1,Bachelors,Skilled Manual,Y
18020,MR.,ARMANDO,RUIZ,1/9/1977,S,M,armando2@adventure-works.com,"$20,000 ",0,High School,Manual,Y
18021,MRS.,TRISHA,SHE,7/20/1976,S,F,trisha17@adventure-works.com,"$20,000 ",4,High School,Manual,Y
18022,MR.,VICTOR,ALVAREZ,9/15/1979,S,M,victor6@adventure-works.com,"$20,000 ",5,High School,Manual,Y
18023,MR.,TERRENCE,RAJI,10/16/1979,S,M,terrence22@adventure-works.com,"$20,000 ",5,High School,Manual,Y
18024,MRS.,NANCY,KAPOOR,10/16/1979,S,F,nancy6@adventure-works.com,"$30,000 ",3,Partial College,Clerical,Y
18025,MR.,BENJAMIN,FLORES,11/14/1978,S,M,benjamin13@adventure-works.com,"$30,000 ",3,Partial College,Clerical,Y
18026,MRS.,ALISHA,HE,10/28/1963,M,F,alisha19@adventure-works.com,"$40,000 ",1,Bachelors,Skilled Manual,Y
18027,MRS.,ALEXIA,GRIFFIN,2/16/1962,M,F,alexia17@adventure-works.com,"$30,000 ",1,Partial College,Clerical,Y
18028,MR.,JESSIE,ZHENG,2/16/1962,M,M,jessie25@adventure-works.com,"$40,000 ",1,Bachelors,Skilled Manual,Y
18029,MS.,CARMEN,MALHOTRA,12/18/1977,S,F,carmen8@adventure-works.com,"$30,000 ",0,Partial College,Clerical,Y
18030,MR.,VICTOR,TORRES,2/9/1976,S,M,victor12@adventure-works.com,"$20,000 ",0,High School,Manual,N
18031,MS.,SHAWNA,TANG,1/12/1975,S,F,shawna4@adventure-works.com,"$10,000 ",0,Partial High School,Manual,Y
18032,MS.,CASSIE,RAJI,6/5/1976,M,F,cassie19@adventure-works.com,"$20,000 ",0,High School,Manual,N
18033,MS.,EVELYN,PATEL,5/20/1976,S,F,evelyn3@adventure-works.com,"$30,000 ",0,Partial College,Clerical,N
18034,MR.,ETHAN,ROBINSON,3/23/1912,M,M,ethan34@adventure-works.com,"$10,000 ",4,High School,Manual,N
18035,MS.,KAREN,ZHANG,9/10/1974,S,F,karen10@adventure-works.com,"$20,000 ",0,Partial High School,Manual,Y
18036,MR.,BRUCE,SANCHEZ,1/22/1974,S,M,bruce20@adventure-works.com,"$20,000 ",0,Partial High School,Manual,N
18037,MR.,BRUCE,GARCIA,4/21/1974,S,M,bruce14@adventure-works.com,"$20,000 ",0,Partial High School,Manual,N
18038,MS.,KELLI,KUMAR,5/18/1975,S,F,kelli30@adventure-works.com,"$30,000 ",0,Partial College,Clerical,N
18039,MR.,LOGAN,CLARK,10/19/1975,M,M,logan71@adventure-works.com,"$30,000 ",0,Partial College,Clerical,N
18040,MR.,CURTIS,LIU,11/7/1973,M,M,curtis4@adventure-works.com,"$10,000 ",0,Partial High School,Manual,N
18041,MS.,SHEENA,XIE,1/25/1973,S,F,sheena3@adventure-works.com,"$20,000 ",0,Partial High School,Manual,Y
18042,MR.,STANLEY,SRINI,3/19/1973,S,M,stanley9@adventure-works.com,"$20,000 ",0,Partial High School,Manual,Y
18043,MS.,KATIE,CHANDE,2/6/1973,S,F,katie17@adventure-works.com,"$20,000 ",0,Partial High School,Manual,N
18044,MS.,KENDRA,CARLSON,3/6/1973,S,F,kendra18@adventure-works.com,"$20,000 ",0,Partial High School,Manual,N
18045,MS.,TONI,ARUN,4/13/1973,S,F,toni6@adventure-works.com,"$30,000 ",0,Partial College,Clerical,Y
18046,MR.,TERRY,JAI,9/3/1973,S,M,terry14@adventure-works.com,"$30,000 ",0,Partial College,Clerical,N
18047,MS.,LATASHA,ALVAREZ,2/9/1974,M,F,latasha4@adventure-works.com,"$30,000 ",0,Partial College,Clerical,N
18048,MS.,ALISHA,SUN,10/6/1974,S,F,alisha13@adventure-works.com,"$30,000 ",0,Partial College,Clerical,N
18049,MR.,PATRICK,WATSON,5/27/1961,S,M,patrick6@adventure-works.com,"$40,000 ",4,High School,Skilled Manual,Y
18050,MRS.,SARA,COOPER,6/8/1961,M,F,sara19@adventure-works.com,"$60,000 ",1,Partial College,Skilled Manual,Y
18051,MRS.,CAROLINE,PRICE,11/7/1961,M,F,caroline2@adventure-works.com,"$60,000 ",1,Partial College,Skilled Manual,Y
18052,MRS.,MARIA,YOUNG,8/10/1961,M,F,maria65@adventure-works.com,"$60,000 ",1,Partial College,Skilled Manual,Y
18053,MS.,STEFANIE,SMITH,10/7/1960,S,F,stefanie5@adventure-works.com,"$40,000 ",0,Bachelors,Professional,N
18054,MR.,JAKE,ZENG,10/6/1960,S,M,jake20@adventure-works.com,"$40,000 ",0,Bachelors,Professional,N
18055,MR.,TREVOR,HARRISON,7/4/1967,S,M,trevor22@adventure-works.com,"$50,000 ",0,Partial College,Skilled Manual,N
18056,MS.,HALEY,PRICE,9/10/1967,S,F,haley20@adventure-works.com,"$60,000 ",0,Graduate Degree,Professional,N
18057,MR.,LOGAN,WASHINGTON,4/7/1967,M,M,logan16@adventure-works.com,"$60,000 ",0,Graduate Degree,Professional,N
18058,MRS.,RILEY,PATTERSON,3/4/1928,S,F,riley8@adventure-works.com,"$20,000 ",3,High School,Skilled Manual,Y
18059,MRS.,BAILEY,GONZALEZ,5/14/1960,M,F,bailey29@adventure-works.com,"$60,000 ",1,Partial College,Skilled Manual,Y
18060,MRS.,SARA,CARTER,4/10/1960,M,F,sara36@adventure-works.com,"$60,000 ",1,Partial College,Skilled Manual,Y
18062,MR.,DYLAN,ANDERSON,7/21/1944,M,M,dylan40@adventure-works.com,"$70,000 ",4,Bachelors,Management,N
18063,MRS.,ALEXANDRIA,WARD,6/19/1944,S,F,alexandria34@adventure-works.com,"$70,000 ",4,Bachelors,Management,Y
18064,MRS.,CATHERINE,RIVERA,1/7/1945,M,F,catherine14@adventure-works.com,"$40,000 ",4,High School,Professional,N
18065,MRS.,JULIA,BROWN,4/17/1945,S,F,julia26@adventure-works.com,"$70,000 ",5,Bachelors,Management,Y
18066,MR.,STEVE,HE,1/16/1946,S,M,steve21@adventure-works.com,"$70,000 ",5,Bachelors,Management,Y
18067,MR.,JACKSON,KING,8/10/1946,M,M,jackson49@adventure-works.com,"$70,000 ",5,Bachelors,Management,Y
18068,MR.,ETHAN,WALKER,11/23/1946,M,M,ethan51@adventure-works.com,"$70,000 ",5,Bachelors,Management,N
18069,MR.,ELIJAH,HILL,6/25/1946,M,M,elijah41@adventure-works.com,"$70,000 ",5,Bachelors,Management,Y
18070,MRS.,ALYSSA,MARTINEZ,2/4/1946,M,F,alyssa17@adventure-works.com,"$60,000 ",4,Bachelors,Management,Y
18071,MRS.,KATELYN,CAMPBELL,8/13/1946,M,F,katelyn29@adventure-works.com,"$60,000 ",4,Bachelors,Management,Y
18072,MRS.,MARIA,PEREZ,8/3/1946,S,F,maria55@adventure-works.com,"$60,000 ",4,Bachelors,Management,Y
18073,MR.,ROBERT,CHEN,8/14/1946,M,M,robert37@adventure-works.com,"$60,000 ",4,Bachelors,Management,Y
18074,MRS.,JULIA,HALL,4/17/1947,S,F,julia45@adventure-works.com,"$70,000 ",2,Partial College,Professional,Y
18075,MRS.,COURTNEY,ADAMS,1/8/1947,S,F,courtney12@adventure-works.com,"$70,000 ",2,Partial College,Professional,Y
18076,MR.,ANDRE,MEHTA,4/19/1947,M,M,andre14@adventure-works.com,"$70,000 ",2,Partial College,Professional,Y
18077,MR.,PHILIP,RUIZ,8/15/1947,M,M,philip1@adventure-works.com,"$70,000 ",2,Partial College,Professional,Y
18078,MR.,RUBEN,SRINI,4/20/1947,M,M,ruben9@adventure-works.com,"$70,000 ",2,Partial College,Professional,Y
18079,MRS.,VICTORIA,MARTIN,5/15/1947,M,F,victoria15@adventure-works.com,"$60,000 ",5,Bachelors,Management,Y
18080,MRS.,PAIGE,RICHARDSON,11/13/1947,M,F,paige33@adventure-works.com,"$60,000 ",5,Bachelors,Management,Y
18081,MRS.,AMANDA,PARKER,5/24/1948,M,F,amanda51@adventure-works.com,"$40,000 ",2,High School,Professional,Y
18082,MR.,STEVEN,SANCHEZ,10/14/1948,M,M,steven27@adventure-works.com,"$60,000 ",2,Partial College,Professional,Y
18083,MR.,OSARUMWENSE,AGBONILE,4/18/1948,M,M,osarumwense0@adventure-works.com,"$60,000 ",2,Partial College,Professional,Y
18084,MRS.,JESSICA,DIAZ,4/7/1948,S,F,jessica46@adventure-works.com,"$60,000 ",2,Partial College,Professional,N
18085,MRS.,CHRISTY,NATH,8/19/1948,S,F,christy36@adventure-works.com,"$60,000 ",2,Partial College,Professional,N
18086,MRS.,JACLYN,ZENG,10/8/1948,S,F,jaclyn23@adventure-works.com,"$60,000 ",2,Partial College,Professional,Y
18087,MR.,MARCUS,LONG,7/17/1948,S,M,marcus59@adventure-works.com,"$60,000 ",2,Bachelors,Management,Y
18088,MR.,SETH,STEWART,1/23/1948,M,M,seth91@adventure-works.com,"$60,000 ",2,Bachelors,Management,N
18090,MR.,LUCAS,SMITH,9/5/1949,M,M,lucas13@adventure-works.com,"$40,000 ",2,High School,Professional,Y
18091,MR.,CHASE,BELL,5/13/1949,S,M,chase14@adventure-works.com,"$40,000 ",2,High School,Professional,Y
18092,MR.,EDUARDO,BAKER,3/16/1949,M,M,eduardo31@adventure-works.com,"$40,000 ",2,Partial High School,Skilled Manual,Y
18093,MRS.,GRACE,JOHNSON,11/5/1949,S,F,grace0@adventure-works.com,"$60,000 ",2,Partial College,Professional,Y
18094,MR.,ROY,ALONSO,7/4/1949,S,M,roy28@adventure-works.com,"$60,000 ",2,Bachelors,Management,Y
18095,MR.,THOMAS,CAMPBELL,11/12/1949,M,M,thomas44@adventure-works.com,"$60,000 ",2,Bachelors,Management,Y
18096,MRS.,ARIANA,KELLY,3/2/1949,M,F,ariana2@adventure-works.com,"$60,000 ",2,Bachelors,Management,N
18097,MRS.,SYDNEY,STEWART,8/19/1950,S,F,sydney0@adventure-works.com,"$60,000 ",2,Partial College,Professional,Y
18098,MR.,EDWARD,LEE,11/9/1950,M,M,edward44@adventure-works.com,"$60,000 ",2,High School,Professional,Y
18099,MR.,MARCUS,EDWARDS,5/10/1950,M,M,marcus47@adventure-works.com,"$60,000 ",2,Partial College,Professional,Y
18100,MR.,KYLE,LI,10/8/1950,M,M,kyle22@adventure-works.com,"$70,000 ",4,Partial College,Professional,Y
18101,MRS.,BAILEY,TURNER,4/28/1950,M,F,bailey26@adventure-works.com,"$70,000 ",4,Partial College,Professional,Y
18102,MR.,NICHOLAS,LEWIS,5/19/1950,M,M,nicholas1@adventure-works.com,"$80,000 ",3,Bachelors,Management,Y
18103,MRS.,CHELSEA,GONZALEZ,6/24/1951,S,F,chelsea20@adventure-works.com,"$60,000 ",2,High School,Professional,N
18104,MRS.,TAYLOR,COLEMAN,6/23/1951,M,F,taylor31@adventure-works.com,"$60,000 ",2,Partial College,Professional,Y
18105,MRS.,DESTINY,BROOKS,2/12/1951,M,F,destiny45@adventure-works.com,"$60,000 ",2,Partial College,Professional,Y
18106,MR.,CARSON,ALEXANDER,10/15/1951,M,M,carson18@adventure-works.com,"$60,000 ",2,Partial College,Professional,Y
18107,MRS.,LAURA,LIANG,4/12/1951,M,F,laura22@adventure-works.com,"$60,000 ",2,Partial College,Professional,Y
18108,MR.,COLIN,GAO,8/4/1951,M,M,colin16@adventure-works.com,"$60,000 ",2,Partial College,Professional,Y
18109,MR.,SAMUEL,CAMPBELL,2/27/1951,S,M,samuel37@adventure-works.com,"$60,000 ",2,Partial College,Professional,Y
18110,MR.,AUSTIN,LI,5/24/1951,M,M,austin23@adventure-works.com,"$60,000 ",2,Partial College,Professional,Y
18111,MR.,TIMOTHY,MORRIS,5/28/1951,M,M,timothy20@adventure-works.com,"$70,000 ",4,Partial College,Professional,N
18112,MRS.,SOPHIA,GONZALEZ,5/23/1951,M,F,sophia7@adventure-works.com,"$70,000 ",4,Partial College,Professional,Y
18113,MRS.,ABIGAIL,SIMMONS,2/27/1951,M,F,abigail67@adventure-works.com,"$70,000 ",4,Partial College,Professional,Y
18114,MRS.,ALEXANDRIA,FOSTER,2/23/1952,S,F,alexandria16@adventure-works.com,"$70,000 ",2,Partial High School,Skilled Manual,Y
18115,MR.,RICHARD,YOUNG,12/16/1952,M,M,richard19@adventure-works.com,"$70,000 ",2,Partial High School,Skilled Manual,Y
18116,MR.,THOMAS,LI,7/12/1952,M,M,thomas29@adventure-works.com,"$70,000 ",2,Partial High School,Skilled Manual,Y
18117,MR.,FERNANDO,WASHINGTON,7/25/1952,S,M,fernando56@adventure-works.com,"$60,000 ",2,High School,Professional,Y
18118,MRS.,MEGAN,REED,4/24/1952,M,F,megan31@adventure-works.com,"$60,000 ",2,High School,Professional,N
18119,MR.,SHAWN,NATH,5/10/1952,M,M,shawn20@adventure-works.com,"$60,000 ",2,High School,Professional,Y
18120,MRS.,ISABELLA,MARTIN,6/27/1952,M,F,isabella70@adventure-works.com,"$60,000 ",2,High School,Professional,Y
18122,MR.,JUSTIN,HUGHES,10/1/1953,S,M,justin8@adventure-works.com,"$70,000 ",4,Partial College,Professional,Y
18123,MRS.,EMILY,HUGHES,4/16/1953,M,F,emily36@adventure-works.com,"$70,000 ",4,Partial College,Professional,Y
18124,MR.,CALVIN,CHANDER,11/5/1958,M,M,calvin14@adventure-works.com,"$130,000 ",2,Bachelors,Management,Y
18125,MRS.,LEAH,CAI,5/20/1958,M,F,leah17@adventure-works.com,"$130,000 ",2,Bachelors,Management,Y
18126,MR.,LARRY,ORTEGA,12/11/1958,M,M,larry24@adventure-works.com,"$130,000 ",2,Partial College,Professional,Y
18127,MR.,FRANKLIN,HE,9/23/1958,M,M,franklin16@adventure-works.com,"$130,000 ",2,Partial College,Professional,Y
18128,MR.,ROBERTO,SUAREZ,12/7/1957,M,M,roberto17@adventure-works.com,"$90,000 ",2,High School,Professional,N
18130,MRS.,KAITLYN,MITCHELL,2/8/1957,S,F,kaitlyn9@adventure-works.com,"$130,000 ",3,Partial College,Professional,N
18131,MRS.,ANN,MALHOTRA,1/7/1956,S,F,ann10@adventure-works.com,"$110,000 ",2,Partial College,Professional,Y
18132,MRS.,ADRIENNE,BLANCO,6/22/1956,M,F,adrienne12@adventure-works.com,"$110,000 ",2,Partial College,Professional,Y
18133,MRS.,KAREN,SMITH,1/10/1956,S,F,karen8@adventure-works.com,"$120,000 ",3,High School,Professional,Y
18134,MRS.,MELODY,ROMERO,1/26/1956,M,F,melody9@adventure-works.com,"$120,000 ",3,High School,Professional,Y
18135,MR.,BLAKE,DIAZ,12/16/1956,M,M,blake69@adventure-works.com,"$120,000 ",3,Partial High School,Professional,Y
18137,MR.,GABRIEL,KUMAR,1/11/1955,M,M,gabriel25@adventure-works.com,"$90,000 ",2,High School,Professional,Y
18138,MR.,WALTER,ALONSO,2/9/1955,M,M,walter21@adventure-works.com,"$100,000 ",2,High School,Professional,Y
18139,MRS.,JENNIFER,WASHINGTON,2/12/1955,M,F,jennifer86@adventure-works.com,"$120,000 ",3,Partial High School,Professional,Y
18140,MR.,ANTHONY,WHITE,7/3/1955,M,M,anthony20@adventure-works.com,"$130,000 ",3,Partial College,Professional,N
18141,MRS.,DEANNA,CHANDRA,10/7/1955,M,F,deanna5@adventure-works.com,"$130,000 ",3,Partial College,Professional,Y
18142,MRS.,RILEY,BRADLEY,4/14/1954,S,F,riley1@adventure-works.com,"$80,000 ",3,Partial College,Professional,Y
18143,MR.,CHAD,SHEN,11/14/1944,S,M,chad3@adventure-works.com,"$70,000 ",5,High School,Professional,Y
18144,MRS.,KATIE,CHAPMAN,11/6/1944,M,F,katie18@adventure-works.com,"$80,000 ",5,Bachelors,Management,Y
18145,MR.,DAVID,SO,8/18/1944,M,M,david25@adventure-works.com,"$80,000 ",5,Bachelors,Management,N
18146,MR.,EUGENE,WANG,6/28/1944,S,M,eugene5@adventure-works.com,"$90,000 ",5,Partial College,Professional,N
18148,MRS.,JACLYN,HUANG,11/13/1945,M,F,jaclyn6@adventure-works.com,"$60,000 ",3,Partial High School,Skilled Manual,Y
18149,MRS.,REBEKAH,BLANCO,9/11/1945,M,F,rebekah35@adventure-works.com,"$100,000 ",2,Bachelors,Management,N
18150,MR.,MITCHELL,DENG,7/20/1946,S,M,mitchell1@adventure-works.com,"$80,000 ",5,Partial College,Professional,Y
18151,MR.,BRENDAN,SHE,11/6/1946,S,M,brendan0@adventure-works.com,"$80,000 ",5,Partial College,Professional,N
18152,MR.,BRYANT,SURI,3/3/1946,S,M,bryant0@adventure-works.com,"$90,000 ",5,Partial College,Professional,N
18153,MRS.,KAREN,GAO,10/19/1946,M,F,karen25@adventure-works.com,"$100,000 ",2,Bachelors,Management,Y
18154,MR.,CALVIN,SHE,8/22/1946,S,M,calvin0@adventure-works.com,"$100,000 ",2,Bachelors,Management,Y
18155,MRS.,ARIANNA,MORGAN,9/8/1954,M,F,arianna35@adventure-works.com,"$80,000 ",4,Partial College,Professional,Y
18156,MRS.,TRISHA,ZHANG,2/4/1953,M,F,trisha18@adventure-works.com,"$80,000 ",4,Partial College,Professional,Y
18157,MRS.,ISABELLA,HALL,3/6/1953,S,F,isabella80@adventure-works.com,"$90,000 ",3,Partial College,Professional,Y
18158,MR.,JEREMIAH,GRIFFIN,6/13/1953,M,M,jeremiah36@adventure-works.com,"$90,000 ",4,Partial College,Professional,Y
18159,MRS.,JAIME,SERRANO,9/24/1954,M,F,jaime18@adventure-works.com,"$100,000 ",3,High School,Professional,Y
18160,MR.,BRYAN,RIVERA,10/14/1954,M,M,bryan17@adventure-works.com,"$130,000 ",3,High School,Professional,Y
18161,MRS.,TANYA,SANZ,10/7/1953,M,F,tanya17@adventure-works.com,"$90,000 ",4,Partial College,Professional,Y
18162,MRS.,MISTY,PAL,7/21/1953,M,F,misty14@adventure-works.com,"$90,000 ",4,Partial College,Professional,Y
18163,MR.,GABRIEL,ZHANG,2/11/1953,M,M,gabriel20@adventure-works.com,"$100,000 ",3,Bachelors,Management,Y
18164,MRS.,ALISHA,WANG,8/20/1953,M,F,alisha1@adventure-works.com,"$120,000 ",3,Bachelors,Management,Y
18165,MR.,RANDALL,GILL,11/16/1953,M,M,randall15@adventure-works.com,"$120,000 ",3,Bachelors,Management,Y
18166,MR.,JULIAN,WOOD,7/24/1953,M,M,julian3@adventure-works.com,"$150,000 ",2,Graduate Degree,Management,Y
18167,MR.,RAUL,CHANDER,2/10/1952,M,M,raul13@adventure-works.com,"$90,000 ",4,High School,Professional,N
18168,MR.,PEDRO,SANZ,8/19/1952,S,M,pedro40@adventure-works.com,"$130,000 ",4,Partial College,Professional,N
18169,MRS.,ALISHA,LIANG,4/13/1951,S,F,alisha17@adventure-works.com,"$80,000 ",5,High School,Professional,Y
18170,MR.,ADAM,PEREZ,8/5/1951,M,M,adam33@adventure-works.com,"$90,000 ",4,High School,Professional,Y
18171,MR.,ALEJANDRO,ZENG,4/3/1951,M,M,alejandro25@adventure-works.com,"$110,000 ",4,Partial College,Professional,Y
18172,MR.,WILLIE,BLACK,6/22/1951,M,M,willie39@adventure-works.com,"$130,000 ",4,High School,Professional,Y
18173,MR.,BRENT,ZHANG,6/2/1951,S,M,brent0@adventure-works.com,"$130,000 ",4,High School,Professional,N
18174,MRS.,JILL,MUNOZ,1/3/1950,M,F,jill15@adventure-works.com,"$90,000 ",4,High School,Management,Y
18175,MRS.,CARRIE,HERNANDEZ,5/16/1950,M,F,carrie3@adventure-works.com,"$90,000 ",4,High School,Management,N
18176,MR.,BRADLEY,KUMAR,6/26/1950,M,M,bradley10@adventure-works.com,"$110,000 ",4,Partial College,Management,Y
18177,MR.,REGINALD,SUAREZ,9/16/1950,M,M,reginald5@adventure-works.com,"$130,000 ",4,High School,Management,Y
18178,MRS.,TRACY,GOEL,4/25/1950,M,F,tracy18@adventure-works.com,"$160,000 ",2,Partial College,Management,Y
18179,MRS.,CHELSEA,MCDONALD,4/11/1949,S,F,chelsea5@adventure-works.com,"$80,000 ",5,High School,Management,Y
18180,MR.,JUAN,HOWARD,8/16/1949,M,M,juan21@adventure-works.com,"$120,000 ",4,High School,Management,Y
18181,MR.,NEIL,DIAZ,10/12/1949,M,M,neil4@adventure-works.com,"$150,000 ",4,High School,Management,Y
18182,MRS.,KRISTI,PRASAD,10/5/1948,S,F,kristi26@adventure-works.com,"$90,000 ",4,Partial High School,Skilled Manual,Y
18183,MRS.,MEAGAN,SCHMIDT,12/19/1948,M,F,meagan10@adventure-works.com,"$90,000 ",4,Partial High School,Skilled Manual,Y
18184,MR.,LEONARD,CHANDE,1/9/1947,M,M,leonard16@adventure-works.com,"$90,000 ",5,Partial High School,Skilled Manual,N
18185,MRS.,LAURA,HUANG,11/6/1947,M,F,laura12@adventure-works.com,"$110,000 ",4,Partial High School,Professional,N
18186,MRS.,LORI,HERNANDEZ,8/2/1947,M,F,lori6@adventure-works.com,"$130,000 ",5,Partial High School,Professional,Y
18187,MR.,DENNIS,GAO,2/20/1947,S,M,dennis16@adventure-works.com,"$150,000 ",5,Bachelors,Professional,N
18188,MR.,JEFFERY,WANG,3/13/1975,M,M,jeffery1@adventure-works.com,"$60,000 ",0,Bachelors,Professional,Y
18189,MS.,NANCY,MEHTA,10/21/1976,M,F,nancy17@adventure-works.com,"$70,000 ",0,Bachelors,Professional,Y
18190,MR.,DANNY,DIAZ,8/21/1975,M,M,danny3@adventure-works.com,"$70,000 ",0,Bachelors,Professional,N
18191,MS.,JULIE,SHARMA,8/13/1975,M,F,julie14@adventure-works.com,"$80,000 ",0,Bachelors,Professional,Y
18193,MR.,LOUIS,YUAN,12/22/1975,S,M,louis24@adventure-works.com,"$90,000 ",0,Bachelors,Professional,Y
18194,MS.,YOLANDA,KUMAR,9/12/1974,M,F,yolanda7@adventure-works.com,"$70,000 ",0,Bachelors,Professional,Y
18195,MR.,WALTER,SANZ,8/20/1974,M,M,walter13@adventure-works.com,"$70,000 ",0,Bachelors,Professional,Y
18196,MR.,IVAN,RANA,3/23/1974,M,M,ivan7@adventure-works.com,"$100,000 ",0,High School,Management,N
18197,MS.,JENNY,ZIMMERMAN,7/13/1974,M,F,jenny30@adventure-works.com,"$110,000 ",0,Partial College,Management,Y
18198,MR.,CEDRIC,XU,3/24/1974,S,M,cedric27@adventure-works.com,"$120,000 ",5,Partial High School,Professional,Y
18199,MRS.,BRANDY,LOPEZ,3/10/1974,S,F,brandy13@adventure-works.com,"$130,000 ",4,High School,Management,Y
18200,MR.,ALFREDO,GOMEZ,6/9/1973,M,M,alfredo2@adventure-works.com,"$90,000 ",0,Bachelors,Professional,N
18201,MS.,KARLA,XIE,10/24/1973,M,F,karla3@adventure-works.com,"$100,000 ",0,High School,Management,Y
18202,MS.,ERIKA,GILL,4/16/1973,M,F,erika11@adventure-works.com,"$100,000 ",0,High School,Management,N
18203,MR.,LOUIS,KUMAR,2/26/1973,S,M,louis25@adventure-works.com,"$100,000 ",0,High School,Management,Y
18204,MS.,TIFFANY,CAI,11/21/1973,M,F,tiffany22@adventure-works.com,"$120,000 ",0,Partial High School,Professional,Y
18205,MS.,LINDSEY,RAJI,5/28/1972,M,F,lindsey21@adventure-works.com,"$90,000 ",0,Bachelors,Professional,Y
18206,MR.,BRUCE,MADAN,3/20/1972,M,M,bruce6@adventure-works.com,"$100,000 ",0,High School,Management,Y
18207,MR.,PHILLIP,GONZALEZ,9/19/1972,M,M,phillip20@adventure-works.com,"$100,000 ",0,High School,Management,Y
18208,MS.,LATOYA,NARA,2/4/1971,M,F,latoya15@adventure-works.com,"$90,000 ",0,Bachelors,Professional,Y
18209,MS.,ANN,CHANDRA,9/8/1972,S,F,ann7@adventure-works.com,"$110,000 ",0,High School,Management,Y
18210,MRS.,KATIE,LAL,3/26/1972,M,F,katie11@adventure-works.com,"$130,000 ",4,High School,Management,Y
18211,MRS.,JACLYN,SUN,1/12/1972,M,F,jaclyn14@adventure-works.com,"$130,000 ",4,High School,Management,Y
18212,MR.,MARC,RAMOS,3/10/1971,M,M,marc21@adventure-works.com,"$90,000 ",0,Bachelors,Professional,Y
18214,MR.,RONALD,SURI,12/28/1971,M,M,ronald2@adventure-works.com,"$100,000 ",0,High School,Management,N
18215,MS.,ASHLEY,TAYLOR,10/5/1970,S,F,ashley9@adventure-works.com,"$90,000 ",0,Bachelors,Professional,Y
18216,MS.,SUSAN,ZHANG,11/26/1970,M,F,susan10@adventure-works.com,"$90,000 ",0,Bachelors,Professional,Y
18217,MR.,DANNY,ALONSO,6/21/1970,M,M,danny9@adventure-works.com,"$110,000 ",0,High School,Management,Y
18218,MR.,THOMAS,POWELL,8/6/1970,M,M,thomas10@adventure-works.com,"$110,000 ",0,High School,Management,N
18219,MS.,FELICIA,GOMEZ,11/6/1970,M,F,felicia1@adventure-works.com,"$120,000 ",0,Partial High School,Professional,Y
18220,MR.,BRENT,HUANG,11/12/1971,M,M,brent5@adventure-works.com,"$110,000 ",0,Partial High School,Professional,Y
18221,MR.,MARC,ALVAREZ,8/19/1971,M,M,marc8@adventure-works.com,"$160,000 ",5,Partial High School,Management,N
18222,MS.,CAROLYN,SUAREZ,9/2/1969,M,F,carolyn40@adventure-works.com,"$130,000 ",0,Bachelors,Management,Y
18223,MR.,NOAH,CLARK,9/24/1964,M,M,noah66@adventure-works.com,"$90,000 ",5,Partial College,Professional,Y
18224,MS.,VANESSA,PERRY,10/10/1964,S,F,vanessa8@adventure-works.com,"$90,000 ",0,Partial College,Professional,N
18225,MS.,PAIGE,JENKINS,10/23/1964,S,F,paige7@adventure-works.com,"$90,000 ",0,Partial College,Professional,N
18226,MR.,JOSEPH,WALKER,5/6/1960,M,M,joseph30@adventure-works.com,"$60,000 ",1,Partial College,Skilled Manual,Y
18227,MRS.,MIRANDA,DIAZ,12/25/1960,M,F,miranda22@adventure-works.com,"$60,000 ",1,Partial College,Skilled Manual,Y
18228,MR.,ADAM,PARKER,4/27/1960,M,M,adam29@adventure-works.com,"$60,000 ",1,Partial College,Skilled Manual,Y
18229,MRS.,GABRIELLA,WARD,11/20/1959,M,F,gabriella10@adventure-works.com,"$60,000 ",1,Partial College,Skilled Manual,Y
18230,MRS.,BRIANNA,PERRY,8/12/1959,M,F,brianna53@adventure-works.com,"$60,000 ",5,Bachelors,Professional,Y
18231,MRS.,JANET,GUTIERREZ,4/3/1959,M,F,janet16@adventure-works.com,"$80,000 ",2,Graduate Degree,Professional,Y
18232,MRS.,SOPHIA,EDWARDS,8/15/1958,M,F,sophia1@adventure-works.com,"$80,000 ",1,Partial College,Skilled Manual,Y
18233,MRS.,MACKENZIE,BAILEY,8/9/1958,S,F,mackenzie14@adventure-works.com,"$60,000 ",3,Bachelors,Professional,Y
18235,MR.,VINCENT,GUO,10/8/1958,M,M,vincent17@adventure-works.com,"$70,000 ",5,Graduate Degree,Professional,Y
18236,MR.,ANDREW,WILSON,5/13/1958,M,M,andrew16@adventure-works.com,"$80,000 ",5,Graduate Degree,Professional,Y
18237,MRS.,NICOLE,RUSSELL,4/12/1958,M,F,nicole69@adventure-works.com,"$80,000 ",5,Graduate Degree,Professional,Y
18238,MR.,EDUARDO,HARRIS,12/2/1969,M,M,eduardo12@adventure-works.com,"$90,000 ",1,Graduate Degree,Management,Y
18239,MRS.,ALISHA,ZHU,7/23/1969,M,F,alisha14@adventure-works.com,"$90,000 ",1,Graduate Degree,Management,Y
18240,MR.,ARTHUR,SMITH,10/4/1969,M,M,arthur10@adventure-works.com,"$90,000 ",1,Graduate Degree,Management,Y
18241,MR.,TONY,SHARMA,3/13/1969,M,M,tony12@adventure-works.com,"$90,000 ",1,Graduate Degree,Management,Y
18242,MRS.,CHRISTINE,PAL,7/10/1969,M,F,christine7@adventure-works.com,"$90,000 ",1,Graduate Degree,Management,Y
18243,MR.,CESAR,SAI,11/25/1969,M,M,cesar4@adventure-works.com,"$90,000 ",1,Graduate Degree,Management,Y
18244,MRS.,LINDSAY,CHANDE,7/6/1969,M,F,lindsay15@adventure-works.com,"$100,000 ",1,Graduate Degree,Management,Y
18245,MRS.,MISTY,GOEL,2/12/1968,S,F,misty21@adventure-works.com,"$60,000 ",2,Bachelors,Professional,Y
18246,MR.,TERRENCE,RAJE,11/24/1970,M,M,terrence14@adventure-works.com,"$90,000 ",2,Bachelors,Professional,Y
18247,MRS.,DONNA,BECK,2/14/1968,M,F,donna18@adventure-works.com,"$70,000 ",5,Bachelors,Professional,Y
18248,MR.,PEDRO,MORENO,8/21/1969,M,M,pedro27@adventure-works.com,"$110,000 ",1,Graduate Degree,Management,Y
18249,MRS.,ALISON,CHANDER,12/16/1969,M,F,alison16@adventure-works.com,"$120,000 ",1,Graduate Degree,Management,Y
18250,MR.,JEREMIAH,HALL,7/17/1967,S,M,jeremiah12@adventure-works.com,"$70,000 ",5,Bachelors,Professional,Y
18251,MR.,RICKY,SANZ,10/21/1967,S,M,ricky21@adventure-works.com,"$70,000 ",5,Bachelors,Professional,Y
18252,MR.,ALVIN,SUN,11/25/1966,M,M,alvin13@adventure-works.com,"$80,000 ",5,Graduate Degree,Management,Y
18253,MRS.,TRISHA,GUO,8/10/1966,M,F,trisha12@adventure-works.com,"$80,000 ",5,Graduate Degree,Management,Y
18254,MR.,LARRY,MARTIN,8/22/1966,S,M,larry1@adventure-works.com,"$100,000 ",0,Graduate Degree,Management,Y
18255,MRS.,RACHEL,GRIFFIN,7/9/1965,S,F,rachel69@adventure-works.com,"$60,000 ",2,Bachelors,Professional,Y
18256,MR.,GILBERT,CAI,7/20/1965,M,M,gilbert19@adventure-works.com,"$60,000 ",3,Bachelors,Professional,Y
18257,MRS.,KRISTA,JIMENEZ,10/10/1968,M,F,krista6@adventure-works.com,"$70,000 ",5,Bachelors,Professional,Y
18258,MS.,CASSIE,CHANDER,4/23/1968,S,F,cassie14@adventure-works.com,"$70,000 ",0,Bachelors,Professional,N
18259,MS.,BAILEY,TORRES,7/19/1965,S,F,bailey10@adventure-works.com,"$70,000 ",0,Bachelors,Professional,N
18260,MS.,JODI,SHARMA,12/22/1965,S,F,jodi9@adventure-works.com,"$70,000 ",0,Bachelors,Professional,N
18261,MS.,STACY,RAMOS,8/6/1965,S,F,stacy18@adventure-works.com,"$70,000 ",0,Bachelors,Professional,N
18262,MRS.,EVELYN,RANA,3/28/1964,S,F,evelyn12@adventure-works.com,"$60,000 ",3,Bachelors,Professional,Y
18263,MRS.,KARLA,JAI,4/22/1964,M,F,karla12@adventure-works.com,"$60,000 ",3,Bachelors,Professional,Y
18264,MR.,JEFFERY,MA,6/5/1964,S,M,jeffery15@adventure-works.com,"$60,000 ",4,Bachelors,Professional,Y
18265,MRS.,TRISHA,CAI,1/22/1964,M,F,trisha16@adventure-works.com,"$60,000 ",4,Bachelors,Professional,Y
18266,MRS.,MANDY,HUANG,10/15/1963,S,F,mandy7@adventure-works.com,"$60,000 ",4,Bachelors,Professional,Y
18267,MR.,BRAD,JAI,5/23/1963,M,M,brad11@adventure-works.com,"$60,000 ",3,Bachelors,Professional,Y
18268,MR.,PRESTON,CHAPMAN,1/27/1963,M,M,preston2@adventure-works.com,"$60,000 ",3,Bachelors,Professional,Y
18269,MRS.,WENDY,TORRES,5/17/1963,S,F,wendy11@adventure-works.com,"$60,000 ",3,Bachelors,Professional,Y
18270,MS.,RACHAEL,RANA,4/8/1963,S,F,rachael11@adventure-works.com,"$70,000 ",0,Bachelors,Professional,N
18271,MR.,DARRELL,YUAN,6/18/1963,M,M,darrell15@adventure-works.com,"$70,000 ",0,Bachelors,Professional,N
18272,MRS.,AUTUMN,LIN,4/17/1967,M,F,autumn7@adventure-works.com,"$90,000 ",3,Bachelors,Professional,Y
18273,MRS.,NATALIE,MOORE,10/10/1967,M,F,natalie75@adventure-works.com,"$90,000 ",4,Bachelors,Professional,Y
18274,MRS.,CARLA,SANCHEZ,11/23/1967,M,F,carla23@adventure-works.com,"$90,000 ",4,Bachelors,Professional,Y
18275,MRS.,HEATHER,YANG,7/27/1962,S,F,heather4@adventure-works.com,"$70,000 ",1,Partial College,Skilled Manual,N
18276,MRS.,ALEXA,MURPHY,8/7/1962,S,F,alexa13@adventure-works.com,"$60,000 ",1,Bachelors,Professional,Y
18277,MR.,TERRY,LAL,9/14/1962,M,M,terry12@adventure-works.com,"$60,000 ",1,Bachelors,Professional,Y
18278,MR.,LUCAS,POWELL,5/24/1961,M,M,lucas58@adventure-works.com,"$60,000 ",1,Partial College,Skilled Manual,Y
18279,MRS.,RACHAEL,SURI,9/20/1961,S,F,rachael0@adventure-works.com,"$60,000 ",1,Partial College,Skilled Manual,Y
18280,MR.,JIMMY,ALONSO,5/24/1961,M,M,jimmy11@adventure-works.com,"$60,000 ",1,Partial College,Skilled Manual,Y
18281,MRS.,JACLYN,LI,12/19/1961,S,F,jaclyn3@adventure-works.com,"$60,000 ",1,Partial College,Skilled Manual,N
18282,MS.,CANDACE,KAPOOR,12/7/1966,S,F,candace0@adventure-works.com,"$100,000 ",0,Bachelors,Professional,N
18283,MS.,MALLORY,VAZQUEZ,7/14/1966,S,F,mallory1@adventure-works.com,"$100,000 ",0,Bachelors,Professional,N
18284,MR.,CARL,DENG,7/26/1966,S,M,carl1@adventure-works.com,"$100,000 ",0,Bachelors,Professional,N
18285,MR.,ROBERTO,ROMERO,8/4/1960,M,M,roberto9@adventure-works.com,"$60,000 ",1,Partial College,Skilled Manual,Y
18286,MRS.,HOLLY,SURI,11/10/1960,M,F,holly3@adventure-works.com,"$60,000 ",1,Partial College,Skilled Manual,Y
18287,MRS.,HEATHER,ZENG,4/2/1933,M,F,heather21@adventure-works.com,"$40,000 ",2,Bachelors,Professional,Y
18288,MS.,DAISY,SUAREZ,8/27/1965,S,F,daisy14@adventure-works.com,"$70,000 ",0,Bachelors,Professional,N
18289,MRS.,JACLYN,RAJI,8/27/1965,M,F,jaclyn43@adventure-works.com,"$80,000 ",5,Bachelors,Professional,Y
18290,MS.,AUDREY,HERNANDEZ,10/21/1964,S,F,audrey5@adventure-works.com,"$70,000 ",0,Bachelors,Professional,N
18291,MS.,JENNIFER,HILL,2/11/1964,S,F,jennifer25@adventure-works.com,"$70,000 ",0,Bachelors,Professional,N
18292,MR.,LOUIS,TANG,8/9/1964,S,M,louis21@adventure-works.com,"$70,000 ",0,Bachelors,Professional,N
18293,MR.,AUSTIN,BUTLER,5/4/1959,M,M,austin10@adventure-works.com,"$90,000 ",1,Bachelors,Professional,Y
18294,MRS.,DENISE,PRASAD,9/6/1959,M,F,denise11@adventure-works.com,"$90,000 ",1,Bachelors,Professional,Y
18295,MRS.,AJAY,SOLANKI,7/9/1959,M,F,ajay1@adventure-works.com,"$90,000 ",2,Bachelors,Professional,Y
18296,MS.,TRISHA,LI,11/16/1963,S,F,trisha21@adventure-works.com,"$70,000 ",0,Bachelors,Professional,N
18297,MS.,GLORIA,ALVAREZ,8/26/1963,S,F,gloria6@adventure-works.com,"$70,000 ",0,Bachelors,Professional,N
18298,MR.,GEOFFREY,MALHOTRA,10/10/1962,S,M,geoffrey5@adventure-works.com,"$70,000 ",5,Bachelors,Professional,Y
18299,MR.,COLIN,DENG,3/23/1962,M,M,colin24@adventure-works.com,"$70,000 ",5,Partial College,Skilled Manual,Y
18300,MRS.,DIANE,RAMOS,7/12/1961,M,F,diane22@adventure-works.com,"$60,000 ",1,Partial College,Skilled Manual,Y
18302,MR.,WAYNE,XIE,8/27/1958,S,M,wayne4@adventure-works.com,"$90,000 ",2,Bachelors,Management,N
18303,MR.,SHANNON,SERRANO,7/10/1958,S,M,shannon37@adventure-works.com,"$90,000 ",2,Bachelors,Management,N
18304,MRS.,YOLANDA,SHE,10/28/1957,S,F,yolanda0@adventure-works.com,"$70,000 ",1,Partial College,Skilled Manual,Y
18305,MR.,KELVIN,XU,5/24/1936,M,M,kelvin30@adventure-works.com,"$40,000 ",2,Bachelors,Management,Y
18306,MRS.,MARGARET,LIN,11/10/1960,M,F,margaret14@adventure-works.com,"$70,000 ",5,Partial College,Skilled Manual,N
18307,MRS.,AMY,ZHANG,5/7/1956,S,F,amy9@adventure-works.com,"$70,000 ",1,Partial College,Skilled Manual,Y
18308,MRS.,ERICA,CHEN,3/8/1956,S,F,erica2@adventure-works.com,"$70,000 ",1,Partial College,Skilled Manual,Y
18309,MRS.,MANDY,WU,3/17/1956,S,F,mandy8@adventure-works.com,"$70,000 ",1,Partial College,Skilled Manual,Y
18310,MR.,LANCE,ROMERO,10/4/1949,M,M,lance9@adventure-works.com,"$10,000 ",2,High School,Skilled Manual,Y
18311,MS.,JENNIFER,MITCHELL,5/13/1975,M,F,jennifer13@adventure-works.com,"$40,000 ",0,High School,Skilled Manual,Y
18312,MR.,MIGUEL,MOORE,1/20/1975,S,M,miguel7@adventure-works.com,"$40,000 ",0,High School,Skilled Manual,N
18313,MS.,ARIANNA,FOSTER,5/15/1980,S,F,arianna14@adventure-works.com,"$30,000 ",0,High School,Skilled Manual,N
18314,MR.,ERIC,PERRY,11/15/1980,S,M,eric16@adventure-works.com,"$30,000 ",0,High School,Skilled Manual,N
18315,MS.,MELODY,DOMINGUEZ,4/3/1980,M,F,melody13@adventure-works.com,"$30,000 ",0,High School,Skilled Manual,Y
18316,MR.,JUSTIN,KUMAR,11/26/1980,S,M,justin25@adventure-works.com,"$30,000 ",0,High School,Skilled Manual,N
18317,MS.,SAMANTHA,JONES,5/18/1980,M,F,samantha4@adventure-works.com,"$30,000 ",0,High School,Skilled Manual,Y
18318,MR.,BENJAMIN,HUGHES,8/25/1980,M,M,benjamin12@adventure-works.com,"$40,000 ",0,High School,Skilled Manual,Y
18319,MRS.,AIMEE,SUN,8/16/1937,S,F,aimee9@adventure-works.com,"$30,000 ",2,Partial College,Clerical,Y
18320,MR.,LUIS,JAI,4/5/1979,M,M,luis32@adventure-works.com,"$30,000 ",0,Partial High School,Clerical,N
18321,MR.,SEBASTIAN,COOK,8/10/1979,S,M,sebastian20@adventure-works.com,"$30,000 ",0,Partial High School,Clerical,N
18323,MR.,JEREMY,CLARK,5/23/1978,S,M,jeremy5@adventure-works.com,"$40,000 ",0,High School,Skilled Manual,Y
18324,MR.,JACKSON,BUTLER,4/18/1978,S,M,jackson16@adventure-works.com,"$40,000 ",0,High School,Skilled Manual,N
18325,MRS.,COLLEEN,XU,10/7/1938,M,F,colleen12@adventure-works.com,"$40,000 ",2,Bachelors,Management,Y
18327,MR.,JON,SHARMA,1/24/1977,S,M,jon5@adventure-works.com,"$30,000 ",0,Partial High School,Clerical,Y
18328,MR.,ALVIN,RAI,10/20/1977,M,M,alvin38@adventure-works.com,"$40,000 ",0,High School,Skilled Manual,Y
18329,MR.,MARCUS,BAILEY,8/18/1979,S,M,marcus92@adventure-works.com,"$30,000 ",0,Partial High School,Clerical,N
18330,MRS.,KELLIE,DIAZ,3/8/1939,S,F,kellie3@adventure-works.com,"$60,000 ",2,Graduate Degree,Management,Y
18331,MR.,JERRY,CHANDE,6/8/1940,M,M,jerry16@adventure-works.com,"$30,000 ",2,Partial College,Clerical,N
18332,MR.,EMMANUEL,MALHOTRA,1/12/1940,M,M,emmanuel4@adventure-works.com,"$30,000 ",2,Partial College,Clerical,N
18333,MRS.,MEREDITH,PATEL,8/21/1941,S,F,meredith1@adventure-works.com,"$30,000 ",2,Partial College,Clerical,Y
18334,MR.,EDWIN,YE,10/26/1941,M,M,edwin10@adventure-works.com,"$30,000 ",2,Partial College,Clerical,N
18335,MR.,RICKY,DIAZ,10/9/1942,M,M,ricky3@adventure-works.com,"$40,000 ",2,Bachelors,Management,Y
18336,MRS.,CARLA,GONZALEZ,1/9/1942,M,F,carla21@adventure-works.com,"$40,000 ",2,Bachelors,Management,Y
18337,MRS.,AUDREY,SERRANO,8/14/1942,S,F,audrey18@adventure-works.com,"$50,000 ",2,Graduate Degree,Management,Y
18338,MRS.,NINA,ANDERSEN,7/15/1942,S,F,nina13@adventure-works.com,"$50,000 ",2,Graduate Degree,Management,Y
18339,MS.,DONNA,NATH,6/3/1976,S,F,donna16@adventure-works.com,"$40,000 ",0,Partial College,Skilled Manual,Y
18340,MS.,ARIANNA,COOPER,4/22/1976,S,F,arianna30@adventure-works.com,"$40,000 ",0,Partial College,Skilled Manual,Y
18341,MR.,RUSSELL,GOEL,5/3/1976,S,M,russell22@adventure-works.com,"$40,000 ",0,Partial College,Skilled Manual,N
18342,MS.,VICTORIA,JAMES,7/15/1976,S,F,victoria44@adventure-works.com,"$40,000 ",0,Partial College,Skilled Manual,Y
18343,MR.,DALTON,GREEN,7/28/1976,S,M,dalton30@adventure-works.com,"$40,000 ",0,Partial College,Skilled Manual,N
18344,MR.,CALEB,TURNER,2/21/1976,S,M,caleb34@adventure-works.com,"$60,000 ",0,Partial College,Skilled Manual,Y
18345,MS.,SAMANTHA,BRYANT,9/19/1975,M,F,samantha40@adventure-works.com,"$40,000 ",0,High School,Skilled Manual,Y
18346,MS.,ANNA,FLORES,8/22/1974,S,F,anna37@adventure-works.com,"$30,000 ",0,Partial College,Skilled Manual,N
18347,MS.,ALYSSA,CLARK,11/2/1974,S,F,alyssa19@adventure-works.com,"$30,000 ",0,Partial College,Skilled Manual,N
18348,MS.,KATELYN,ROBERTS,11/2/1974,S,F,katelyn27@adventure-works.com,"$30,000 ",0,Partial College,Skilled Manual,N
18349,MR.,JACOB,ROBINSON,4/16/1974,S,M,jacob14@adventure-works.com,"$30,000 ",0,Partial College,Skilled Manual,Y
18350,MS.,EMMA,ROSS,11/10/1973,M,F,emma50@adventure-works.com,"$60,000 ",0,Partial College,Skilled Manual,Y
18351,MR.,ALEXANDER,SMITH,2/13/1972,M,M,alexander2@adventure-works.com,"$70,000 ",0,Partial College,Skilled Manual,Y
18352,MR.,NOAH,THOMAS,11/22/1972,M,M,noah51@adventure-works.com,"$80,000 ",0,Bachelors,Management,Y
18353,MR.,ROBERT,ANDERSON,2/10/1972,M,M,robert68@adventure-works.com,"$80,000 ",0,Bachelors,Management,Y
18354,MR.,ALVIN,NARA,5/20/1967,M,M,alvin37@adventure-works.com,"$170,000 ",0,Graduate Degree,Management,Y
18355,MR.,EDWARD,FOSTER,7/23/1968,M,M,edward64@adventure-works.com,"$90,000 ",4,Bachelors,Management,Y
18356,MR.,ALEXANDER,LEE,8/2/1968,M,M,alexander9@adventure-works.com,"$90,000 ",4,Partial College,Skilled Manual,Y
18357,MRS.,TRINITY,REED,8/15/1968,M,F,trinity17@adventure-works.com,"$100,000 ",2,Bachelors,Management,Y
18358,MR.,OSCAR,COLEMAN,8/25/1979,M,M,oscar14@adventure-works.com,"$30,000 ",0,Partial College,Skilled Manual,N
18359,MS.,ALEXANDRIA,BRYANT,3/12/1979,S,F,alexandria18@adventure-works.com,"$60,000 ",0,Partial College,Skilled Manual,N
18360,MR.,ERIC,LI,9/13/1979,M,M,eric34@adventure-works.com,"$60,000 ",0,Partial College,Skilled Manual,Y
18361,MR.,MARCUS,SIMMONS,12/26/1979,S,M,marcus65@adventure-works.com,"$60,000 ",0,Partial College,Skilled Manual,N
18362,MS.,ERIN,HOWARD,11/13/1978,M,F,erin16@adventure-works.com,"$40,000 ",0,High School,Skilled Manual,N
18363,MR.,LUCAS,WARD,1/6/1978,M,M,lucas75@adventure-works.com,"$40,000 ",0,High School,Skilled Manual,Y
18364,MR.,EDUARDO,GRAY,4/6/1978,M,M,eduardo74@adventure-works.com,"$40,000 ",0,Partial College,Skilled Manual,N
18365,MR.,DANIEL,LEWIS,9/20/1978,M,M,daniel12@adventure-works.com,"$40,000 ",0,Partial College,Skilled Manual,Y
18366,MS.,ALEXANDRIA,RICHARDSON,5/25/1978,M,F,alexandria31@adventure-works.com,"$60,000 ",0,Partial College,Skilled Manual,N
18367,MR.,EDWIN,WU,10/25/1945,M,M,edwin7@adventure-works.com,"$10,000 ",2,Partial High School,Clerical,Y
18368,MR.,AUSTIN,HUGHES,2/9/1971,M,M,austin7@adventure-works.com,"$60,000 ",1,Graduate Degree,Skilled Manual,Y
18369,MRS.,MANDY,HE,8/16/1971,M,F,mandy20@adventure-works.com,"$60,000 ",1,Graduate Degree,Skilled Manual,Y
18370,MR.,TRISTAN,FLORES,2/12/1971,M,M,tristan13@adventure-works.com,"$60,000 ",1,Graduate Degree,Skilled Manual,Y
18371,MRS.,JESSICA,MORGAN,11/7/1971,M,F,jessica6@adventure-works.com,"$60,000 ",1,Graduate Degree,Skilled Manual,Y
18372,MR.,JEREMIAH,THOMAS,3/22/1972,M,M,jeremiah3@adventure-works.com,"$50,000 ",1,Graduate Degree,Skilled Manual,Y
18373,MRS.,STEPHANIE,ROBERTS,8/11/1972,M,F,stephanie53@adventure-works.com,"$50,000 ",1,Bachelors,Skilled Manual,Y
18374,MR.,LOGAN,KING,10/17/1964,M,M,logan45@adventure-works.com,"$100,000 ",5,Partial College,Professional,Y
18375,MRS.,MICHELLE,MORRIS,5/23/1964,M,F,michelle19@adventure-works.com,"$150,000 ",2,Bachelors,Management,Y
18376,MRS.,ABIGAIL,DIAZ,7/26/1956,M,F,abigail1@adventure-works.com,"$70,000 ",3,Partial College,Professional,Y
18377,MRS.,MADISON,ROBINSON,7/5/1956,S,F,madison19@adventure-works.com,"$70,000 ",3,Partial College,Professional,Y
18378,MR.,DALTON,FOSTER,4/13/1956,M,M,dalton62@adventure-works.com,"$80,000 ",3,Partial College,Professional,N
18379,MRS.,ABIGAIL,ROBINSON,9/19/1956,M,F,abigail59@adventure-works.com,"$80,000 ",3,Partial College,Professional,N
18380,MRS.,KAITLYN,KELLY,6/27/1956,M,F,kaitlyn66@adventure-works.com,"$80,000 ",2,Partial College,Professional,Y
18381,MRS.,KATHERINE,WARD,11/5/1956,S,F,katherine16@adventure-works.com,"$90,000 ",2,Partial College,Professional,Y
18382,MRS.,ISABELLA,GARCIA,2/6/1963,M,F,isabella72@adventure-works.com,"$80,000 ",4,Partial College,Professional,Y
18383,MS.,NATALIE,TORRES,6/7/1963,S,F,natalie16@adventure-works.com,"$90,000 ",0,Partial College,Professional,Y
18384,MS.,NICOLE,WILLIAMS,1/26/1963,S,F,nicole2@adventure-works.com,"$90,000 ",0,Partial College,Professional,N
18385,MR.,MIGUEL,GONZALEZ,6/19/1963,M,M,miguel34@adventure-works.com,"$110,000 ",4,Bachelors,Management,Y
18386,MR.,KEVIN,SHAN,5/26/1963,M,M,kevin34@adventure-works.com,"$120,000 ",4,Partial College,Professional,Y
18387,MR.,CARLOS,GREEN,8/13/1963,M,M,carlos44@adventure-works.com,"$130,000 ",3,Bachelors,Management,Y
18388,MRS.,JULIA,RUSSELL,11/16/1963,M,F,julia86@adventure-works.com,"$150,000 ",3,Bachelors,Management,Y
18389,MR.,MARCUS,GRAY,2/23/1962,S,M,marcus81@adventure-works.com,"$80,000 ",5,Partial College,Professional,N
18390,MR.,BLAKE,THOMPSON,4/4/1962,M,M,blake15@adventure-works.com,"$80,000 ",5,Partial College,Professional,Y
18391,MRS.,JACQUELINE,RUSSELL,1/9/1962,S,F,jacqueline20@adventure-works.com,"$80,000 ",5,Partial College,Professional,Y
18392,MRS.,JASMINE,GONZALES,6/24/1962,S,F,jasmine56@adventure-works.com,"$80,000 ",5,Partial College,Professional,N
18393,MRS.,ANGELA,ROSS,7/21/1962,M,F,angela6@adventure-works.com,"$100,000 ",1,Partial College,Professional,Y
18394,MR.,SEAN,WRIGHT,5/19/1962,M,M,sean52@adventure-works.com,"$100,000 ",1,Partial College,Professional,Y
18395,MR.,XAVIER,HOWARD,7/4/1962,M,M,xavier78@adventure-works.com,"$100,000 ",1,Partial College,Professional,Y
18396,MR.,LUKE,PARKER,9/11/1962,M,M,luke31@adventure-works.com,"$100,000 ",1,Partial College,Professional,Y
18397,MR.,LOUIS,ANAND,6/12/1962,M,M,louis37@adventure-works.com,"$100,000 ",3,Partial College,Professional,Y
18399,MRS.,SARA,TORRES,2/9/1962,S,F,sara14@adventure-works.com,"$120,000 ",1,Partial College,Professional,Y
18400,MR.,JEREMIAH,JACKSON,6/24/1962,S,M,jeremiah4@adventure-works.com,"$120,000 ",1,High School,Professional,Y
18401,MR.,JOSHUA,JONES,9/24/1961,S,M,joshua5@adventure-works.com,"$70,000 ",5,Partial College,Professional,Y
18402,MRS.,KIMBERLY,KELLY,11/17/1961,M,F,kimberly5@adventure-works.com,"$80,000 ",5,Partial College,Professional,Y
18403,MRS.,MADELINE,PHILLIPS,2/26/1961,S,F,madeline5@adventure-works.com,"$80,000 ",5,Partial College,Professional,Y
18404,MRS.,ALICIA,RAJI,8/7/1961,M,F,alicia17@adventure-works.com,"$80,000 ",5,Partial College,Professional,Y
18405,MRS.,SHEILA,GUTIERREZ,6/10/1961,M,F,sheila11@adventure-works.com,"$110,000 ",1,Bachelors,Management,Y
18406,MR.,ZACHARY,ROSS,10/27/1961,S,M,zachary2@adventure-works.com,"$130,000 ",1,Bachelors,Management,N
18407,MRS.,MARIA,GRIFFIN,11/20/1955,M,F,maria42@adventure-works.com,"$60,000 ",2,High School,Professional,N
18408,MR.,CODY,WEST,12/5/1955,S,M,cody1@adventure-works.com,"$60,000 ",2,High School,Professional,Y
18409,MRS.,OLIVIA,WASHINGTON,9/12/1955,M,F,olivia59@adventure-works.com,"$60,000 ",2,High School,Professional,N
18410,MR.,JOSHUA,DAVIS,11/21/1955,M,M,joshua7@adventure-works.com,"$60,000 ",2,High School,Professional,N
18411,MR.,JACK,POWELL,7/21/1955,M,M,jack9@adventure-works.com,"$60,000 ",2,High School,Professional,N
18412,MRS.,MARY,PARKER,3/27/1955,S,F,mary20@adventure-works.com,"$70,000 ",4,High School,Professional,Y
18413,MR.,SAMUEL,JACKSON,8/1/1955,M,M,samuel68@adventure-works.com,"$80,000 ",3,Partial College,Professional,Y
18414,MRS.,GABRIELLE,GRIFFIN,10/5/1935,M,F,gabrielle43@adventure-works.com,"$40,000 ",3,Partial College,Professional,N
18415,MRS.,SUMMER,MEHTA,11/20/1935,M,F,summer12@adventure-works.com,"$70,000 ",4,Graduate Degree,Management,Y
18416,MRS.,EMMA,PETERSON,5/22/1960,M,F,emma41@adventure-works.com,"$100,000 ",3,Partial College,Professional,Y
18417,MR.,JONATHAN,ROBERTS,6/10/1960,M,M,jonathan33@adventure-works.com,"$110,000 ",5,Partial College,Professional,Y
18418,MRS.,DAWN,SUN,12/23/1960,S,F,dawn15@adventure-works.com,"$110,000 ",3,Partial College,Professional,Y
18419,MRS.,RACHEL,JOHNSON,12/17/1960,M,F,rachel3@adventure-works.com,"$120,000 ",1,High School,Professional,Y
18420,MRS.,RILEY,STEWART,4/17/1960,M,F,riley40@adventure-works.com,"$160,000 ",1,Partial College,Professional,N
18421,MRS.,MEGAN,MORGAN,8/16/1960,M,F,megan33@adventure-works.com,"$170,000 ",1,Graduate Degree,Management,Y
18422,MRS.,TAYLOR,JONES,5/3/1960,S,F,taylor50@adventure-works.com,"$170,000 ",1,Bachelors,Management,N
18423,MR.,CHRISTIAN,JONES,8/4/1954,S,M,christian34@adventure-works.com,"$80,000 ",2,Partial High School,Skilled Manual,N
18424,MR.,SAMUEL,WILLIAMS,7/12/1954,S,M,samuel60@adventure-works.com,"$60,000 ",2,High School,Professional,Y
18425,MR.,GARRETT,BROOKS,9/14/1954,M,M,garrett5@adventure-works.com,"$60,000 ",2,High School,Professional,N
18426,MR.,LUKE,GONZALES,3/24/1953,M,M,luke6@adventure-works.com,"$70,000 ",3,Graduate Degree,Management,Y
18427,MR.,JUSTIN,DIAZ,4/23/1953,M,M,justin19@adventure-works.com,"$70,000 ",3,Graduate Degree,Management,Y
18428,MRS.,ALEXIS,HENDERSON,2/21/1953,S,F,alexis27@adventure-works.com,"$70,000 ",3,Graduate Degree,Management,Y
18429,MRS.,FAITH,GONZALES,3/14/1953,S,F,faith16@adventure-works.com,"$70,000 ",3,Graduate Degree,Management,Y
18430,MRS.,VICTORIA,MORGAN,7/9/1952,M,F,victoria30@adventure-works.com,"$40,000 ",3,Partial College,Professional,N
18431,MR.,CAMERON,HAYES,8/27/1952,M,M,cameron18@adventure-works.com,"$40,000 ",3,Partial College,Professional,N
18432,MRS.,JORDAN,LOPEZ,4/8/1938,M,F,jordan50@adventure-works.com,"$70,000 ",5,Graduate Degree,Management,Y
18433,MR.,SETH,ROSS,7/27/1938,M,M,seth52@adventure-works.com,"$70,000 ",5,Graduate Degree,Management,N
18434,MR.,CLAYTON,STONE,2/1/1938,M,M,clayton22@adventure-works.com,"$80,000 ",4,Graduate Degree,Management,Y
18436,MR.,RICHARD,JOHNSON,5/20/1939,M,M,richard41@adventure-works.com,"$80,000 ",4,Graduate Degree,Management,N
18437,MRS.,ISABELLA,BUTLER,12/8/1940,M,F,isabella24@adventure-works.com,"$70,000 ",5,Graduate Degree,Management,Y
18438,MRS.,SHEILA,SANZ,3/24/1941,M,F,sheila18@adventure-works.com,"$60,000 ",3,Graduate Degree,Management,Y
18439,MRS.,ANGELA,COLEMAN,7/15/1941,M,F,angela8@adventure-works.com,"$60,000 ",3,Graduate Degree,Management,Y
18440,MR.,JOE,ASHE,11/4/1941,M,M,joe28@adventure-works.com,"$60,000 ",3,Graduate Degree,Management,Y
18441,MRS.,TABITHA,MUNOZ,8/21/1941,M,F,tabitha27@adventure-works.com,"$70,000 ",5,Graduate Degree,Management,Y
18442,MR.,MASON,HILL,3/2/1941,S,M,mason34@adventure-works.com,"$70,000 ",5,Graduate Degree,Management,Y
18443,MR.,ROSS,LOPEZ,8/8/1947,M,M,ross16@adventure-works.com,"$10,000 ",2,Partial High School,Clerical,Y
18444,MRS.,SHANNON,CHOW,7/14/1947,S,F,shannon2@adventure-works.com,"$20,000 ",4,High School,Skilled Manual,Y
18445,MR.,COLIN,LI,11/21/1947,M,M,colin3@adventure-works.com,"$20,000 ",4,High School,Skilled Manual,Y
18446,MR.,LARRY,RAMOS,2/18/1947,M,M,larry20@adventure-works.com,"$20,000 ",4,High School,Skilled Manual,N
18447,MRS.,RENEE,ORTEGA,9/24/1948,M,F,renee20@adventure-works.com,"$10,000 ",2,Partial High School,Clerical,Y
18448,MS.,JENNIFER,BAILEY,1/2/1978,M,F,jennifer61@adventure-works.com,"$60,000 ",0,Partial College,Skilled Manual,Y
18449,MR.,DERRICK,RAMOS,9/13/1977,M,M,derrick16@adventure-works.com,"$40,000 ",0,Partial High School,Clerical,N
18450,MR.,WILLIE,SHEN,8/23/1948,M,M,willie22@adventure-works.com,"$10,000 ",2,Partial High School,Clerical,Y
18451,MR.,DALE,PAL,5/8/1948,M,M,dale9@adventure-works.com,"$20,000 ",2,Partial High School,Clerical,Y
18452,MR.,BRUCE,MARTINEZ,6/12/1948,M,M,bruce17@adventure-works.com,"$30,000 ",3,Partial College,Clerical,N
18453,MS.,CAROLINE,PATTERSON,6/2/1977,S,F,caroline11@adventure-works.com,"$40,000 ",0,Partial College,Skilled Manual,Y
18454,MR.,GEORGE,PEREZ,11/23/1977,S,M,george28@adventure-works.com,"$60,000 ",0,Partial College,Skilled Manual,Y
18455,MR.,ALEJANDRO,WU,9/25/1977,M,M,alejandro9@adventure-works.com,"$60,000 ",0,Partial College,Skilled Manual,N
18456,MR.,TIMOTHY,BAILEY,9/5/1977,S,M,timothy17@adventure-works.com,"$60,000 ",0,Partial College,Skilled Manual,N
18457,MRS.,OLIVIA,WHITE,1/16/1950,M,F,olivia12@adventure-works.com,"$30,000 ",3,Partial College,Clerical,N
18458,MR.,GREGORY,SHE,4/12/1950,S,M,gregory5@adventure-works.com,"$30,000 ",3,Partial College,Clerical,Y
18459,MS.,TONI,SAI,1/11/1980,S,F,toni5@adventure-works.com,"$30,000 ",0,Partial College,Skilled Manual,N
18460,MS.,FAITH,BUTLER,4/9/1980,S,F,faith13@adventure-works.com,"$70,000 ",0,Partial College,Skilled Manual,N
18461,MRS.,TINA,MARTINEZ,7/14/1952,M,F,tina19@adventure-works.com,"$30,000 ",3,High School,Skilled Manual,N
18462,MR.,CLARENCE,ZHU,1/18/1952,M,M,clarence7@adventure-works.com,"$30,000 ",3,High School,Skilled Manual,Y
18463,MRS.,ADRIANA,SURI,7/11/1952,M,F,adriana0@adventure-works.com,"$30,000 ",3,High School,Skilled Manual,Y
18464,MRS.,TONI,SURI,9/22/1952,M,F,toni0@adventure-works.com,"$30,000 ",3,High School,Skilled Manual,Y
18465,MRS.,JAMIE,YANG,2/22/1952,S,F,jamie7@adventure-works.com,"$30,000 ",3,High School,Skilled Manual,Y
18466,MRS.,JOY,GUTIERREZ,3/12/1953,M,F,joy12@adventure-works.com,"$40,000 ",2,Partial College,Skilled Manual,Y
18467,MR.,DARREN,TOWNSEND,11/24/1953,S,M,darren34@adventure-works.com,"$40,000 ",3,Partial College,Skilled Manual,Y
18468,MR.,JOEL,SANCHEZ,5/4/1953,S,M,joel19@adventure-works.com,"$40,000 ",3,Partial College,Skilled Manual,Y
18469,MRS.,ROBYN,RUBIO,3/10/1954,S,F,robyn17@adventure-works.com,"$80,000 ",2,Partial College,Skilled Manual,N
18470,MRS.,JENNIFER,TAYLOR,10/19/1954,S,F,jennifer37@adventure-works.com,"$80,000 ",2,Partial College,Skilled Manual,N
18471,MS.,PAIGE,STEWART,2/17/1975,S,F,paige47@adventure-works.com,"$30,000 ",0,Partial College,Skilled Manual,N
18472,MS.,HANNAH,ROSS,6/4/1975,S,F,hannah27@adventure-works.com,"$30,000 ",0,High School,Skilled Manual,Y
18473,MR.,NATHANIEL,ROGERS,5/27/1975,M,M,nathaniel21@adventure-works.com,"$60,000 ",0,Partial College,Skilled Manual,Y
18474,MR.,JAMES,SMITH,7/11/1975,M,M,james75@adventure-works.com,"$60,000 ",0,Partial College,Skilled Manual,Y
18476,MS.,BROOKE,ROGERS,8/17/1974,S,F,brooke17@adventure-works.com,"$30,000 ",0,High School,Skilled Manual,N
18477,MS.,ANGELICA,HUGHES,8/10/1973,S,F,angelica11@adventure-works.com,"$60,000 ",0,Partial College,Skilled Manual,N
18478,MR.,EDUARDO,ROBERTS,10/5/1973,M,M,eduardo37@adventure-works.com,"$70,000 ",0,Partial College,Professional,Y
18479,MS.,STACEY,CHEN,10/19/1973,M,F,stacey2@adventure-works.com,"$70,000 ",0,Partial College,Professional,Y
18480,MS.,HEIDI,SURI,7/9/1973,S,F,heidi2@adventure-works.com,"$70,000 ",0,Partial College,Professional,Y
18481,MS.,TANYA,ROMERO,3/14/1973,M,F,tanya5@adventure-works.com,"$70,000 ",0,Partial College,Professional,Y
18482,MRS.,SHARON,NARA,9/15/1955,S,F,sharon22@adventure-works.com,"$80,000 ",2,High School,Skilled Manual,N
18483,MR.,BYRON,GILL,3/10/1955,S,M,byron8@adventure-works.com,"$80,000 ",2,High School,Skilled Manual,N
18484,MR.,DUSTIN,SHARMA,12/16/1955,S,M,dustin9@adventure-works.com,"$80,000 ",2,High School,Skilled Manual,N
18485,MR.,DEVIN,GONZALEZ,11/21/1955,S,M,devin31@adventure-works.com,"$80,000 ",2,High School,Skilled Manual,Y
18486,MRS.,KARI,TORRES,12/6/1956,S,F,kari32@adventure-works.com,"$70,000 ",2,High School,Skilled Manual,Y
18487,MRS.,TASHA,NATH,10/10/1956,S,F,tasha19@adventure-works.com,"$70,000 ",2,High School,Skilled Manual,N
18488,MR.,CLAYTON,XU,5/23/1956,M,M,clayton11@adventure-works.com,"$70,000 ",2,High School,Skilled Manual,Y
18489,MR.,JOHNNY,NARA,9/16/1956,M,M,johnny18@adventure-works.com,"$70,000 ",2,High School,Skilled Manual,Y
18490,MR.,BRAD,RAI,11/23/1957,S,M,brad18@adventure-works.com,"$70,000 ",2,High School,Professional,N
18491,MRS.,MICHELE,GONZALEZ,5/27/1957,S,F,michele32@adventure-works.com,"$70,000 ",2,High School,Professional,Y
18492,MRS.,TAMARA,JOHNSTON,10/13/1958,S,F,tamara22@adventure-works.com,"$100,000 ",1,Bachelors,Management,Y
18493,MRS.,KAITLIN,MCDONALD,9/3/1958,M,F,kaitlin14@adventure-works.com,"$100,000 ",1,Bachelors,Management,Y
18494,MR.,MARCUS,YOUNG,5/7/1958,M,M,marcus27@adventure-works.com,"$110,000 ",5,Bachelors,Management,Y
18495,MR.,JEREMY,PHILLIPS,9/3/1958,S,M,jeremy16@adventure-works.com,"$120,000 ",5,Bachelors,Management,Y
18496,MR.,VINCENT,ZHENG,2/5/1958,S,M,vincent19@adventure-works.com,"$130,000 ",0,Graduate Degree,Management,Y
18497,MR.,FERNANDO,EVANS,8/19/1973,S,M,fernando41@adventure-works.com,"$80,000 ",0,Bachelors,Management,N
18498,MR.,ZACHARY,RUSSELL,7/18/1973,S,M,zachary18@adventure-works.com,"$80,000 ",0,Bachelors,Management,Y
18499,MR.,DARREN,RODRIGUEZ,5/20/1974,S,M,darren20@adventure-works.com,"$60,000 ",0,Partial College,Professional,Y
18500,MR.,JOSE,BROWN,6/25/1974,M,M,jose61@adventure-works.com,"$60,000 ",0,Partial College,Professional,Y
18501,MS.,ALEXANDRA,POWELL,8/11/1974,S,F,alexandra32@adventure-works.com,"$60,000 ",0,Partial College,Professional,N
18502,MS.,PAMELA,MADAN,10/4/1974,M,F,pamela10@adventure-works.com,"$60,000 ",0,High School,Professional,Y
18503,MR.,TIMOTHY,PETERSON,5/16/1966,S,M,timothy6@adventure-works.com,"$150,000 ",0,Bachelors,Management,N
18504,MR.,ANGEL,ADAMS,2/6/1957,M,M,angel37@adventure-works.com,"$70,000 ",2,Partial High School,Skilled Manual,N
18505,MRS.,CAROL,SCOTT,11/4/1957,M,F,carol14@adventure-works.com,"$60,000 ",2,High School,Professional,N
18506,MR.,EVAN,BRADLEY,1/17/1957,M,M,evan15@adventure-works.com,"$60,000 ",2,High School,Professional,N
18507,MR.,EDWARD,BAKER,7/13/1957,M,M,edward9@adventure-works.com,"$60,000 ",2,High School,Professional,N
18508,MRS.,MICHELE,CHANDER,7/24/1957,S,F,michele16@adventure-works.com,"$70,000 ",3,Partial College,Professional,Y
18509,MR.,XAVIER,FOSTER,4/16/1956,M,M,xavier56@adventure-works.com,"$60,000 ",2,High School,Professional,N
18510,MR.,SAMUEL,WASHINGTON,2/26/1956,S,M,samuel12@adventure-works.com,"$60,000 ",2,High School,Professional,Y
18511,MRS.,MYA,JENKINS,5/23/1956,S,F,mya9@adventure-works.com,"$70,000 ",3,Partial College,Professional,Y
18512,MR.,ALEX,TORRES,6/8/1956,M,M,alex7@adventure-works.com,"$70,000 ",3,Partial College,Professional,N
18513,MR.,EDWIN,XU,11/19/1956,M,M,edwin27@adventure-works.com,"$70,000 ",3,Partial College,Professional,N
18514,MRS.,ANNE,ROMERO,12/17/1956,S,F,anne10@adventure-works.com,"$70,000 ",3,Partial College,Professional,Y
18515,MRS.,GABRIELLE,PATTERSON,7/8/1956,M,F,gabrielle33@adventure-works.com,"$70,000 ",3,Partial College,Professional,N
18516,MR.,JUAN,BROOKS,8/7/1932,S,M,juan11@adventure-works.com,"$70,000 ",3,Graduate Degree,Management,Y
18517,MR.,TRISTAN,DIAZ,3/6/1965,M,M,tristan21@adventure-works.com,"$100,000 ",3,Bachelors,Management,Y
18518,MRS.,STEPHANIE,SCOTT,5/12/1965,S,F,stephanie58@adventure-works.com,"$100,000 ",4,Bachelors,Management,Y
18519,MR.,ALEX,COOK,8/24/1965,M,M,alex25@adventure-works.com,"$100,000 ",4,Partial College,Professional,Y
18520,MR.,RAFAEL,HUANG,11/27/1965,M,M,rafael6@adventure-works.com,"$110,000 ",2,Bachelors,Management,Y
18521,MRS.,MEGHAN,ROWE,3/20/1965,M,F,meghan20@adventure-works.com,"$110,000 ",2,Bachelors,Management,Y
18522,MR.,JEREMIAH,SMITH,3/8/1965,M,M,jeremiah24@adventure-works.com,"$130,000 ",1,Graduate Degree,Management,Y
18523,MR.,SAMUEL,FOSTER,7/13/1964,M,M,samuel15@adventure-works.com,"$80,000 ",4,Bachelors,Management,Y
18524,MR.,EDWARD,ALEXANDER,3/25/1964,M,M,edward67@adventure-works.com,"$80,000 ",4,Bachelors,Management,Y
18526,MR.,KEVIN,HERNANDEZ,12/24/1962,S,M,kevin56@adventure-works.com,"$70,000 ",1,Bachelors,Professional,N
18527,MR.,JONATHAN,BAKER,8/28/1962,M,M,jonathan45@adventure-works.com,"$70,000 ",1,Partial College,Skilled Manual,Y
18528,MR.,JOHN,RODRIGUEZ,11/3/1962,M,M,john54@adventure-works.com,"$70,000 ",1,Partial College,Skilled Manual,Y
18529,MR.,ALBERT,CASTRO,2/19/1961,S,M,albert18@adventure-works.com,"$40,000 ",4,High School,Skilled Manual,Y
18530,MR.,WYATT,EVANS,12/20/1942,M,M,wyatt46@adventure-works.com,"$60,000 ",3,Graduate Degree,Management,Y
18531,MR.,THOMAS,SIMMONS,2/14/1942,S,M,thomas17@adventure-works.com,"$60,000 ",3,Graduate Degree,Management,Y
18532,MR.,MARCUS,RUSSELL,5/10/1942,M,M,marcus69@adventure-works.com,"$70,000 ",5,Bachelors,Management,Y
18533,MR.,LUCAS,MARTINEZ,8/26/1942,M,M,lucas31@adventure-works.com,"$70,000 ",5,Bachelors,Management,Y
18534,MR.,HUNTER,COLLINS,11/27/1943,M,M,hunter31@adventure-works.com,"$60,000 ",3,Graduate Degree,Management,Y
18535,MR.,DONALD,KAPOOR,10/7/1943,S,M,donald3@adventure-works.com,"$60,000 ",4,Graduate Degree,Management,Y
18536,MRS.,HAILEY,COLEMAN,3/22/1943,M,F,hailey27@adventure-works.com,"$60,000 ",4,Graduate Degree,Management,Y
18537,MRS.,KATHRYN,CARSON,1/4/1943,S,F,kathryn13@adventure-works.com,"$70,000 ",5,Bachelors,Management,Y
18538,MR.,IAN,MITCHELL,9/14/1943,S,M,ian33@adventure-works.com,"$70,000 ",5,Bachelors,Management,Y
18539,MRS.,RILEY,RUSSELL,2/18/1943,M,F,riley17@adventure-works.com,"$70,000 ",5,Bachelors,Management,Y
18540,MRS.,VICTORIA,PERRY,6/28/1943,S,F,victoria55@adventure-works.com,"$70,000 ",5,Bachelors,Management,Y
18541,MRS.,KAYLA,JONES,7/6/1943,M,F,kayla3@adventure-works.com,"$80,000 ",5,Bachelors,Management,Y
18542,MR.,DUSTIN,SHE,7/3/1943,M,M,dustin0@adventure-works.com,"$90,000 ",5,Bachelors,Management,Y
18543,MR.,DALTON,WILSON,3/24/1944,M,M,dalton6@adventure-works.com,"$40,000 ",4,High School,Professional,N
18544,MRS.,RILEY,WASHINGTON,12/1/1944,M,F,riley11@adventure-works.com,"$40,000 ",4,High School,Professional,N
18545,MR.,IAN,CLARK,11/11/1944,M,M,ian17@adventure-works.com,"$40,000 ",4,High School,Professional,N
18546,MRS.,PIETER,WYCOFF,6/23/1972,M,F,pieter0@adventure-works.com,"$60,000 ",1,Graduate Degree,Skilled Manual,Y
18547,MR.,ETHAN,JOHNSON,3/6/1972,M,M,ethan30@adventure-works.com,"$70,000 ",2,Graduate Degree,Professional,Y
18548,MR.,JORDAN,POWELL,2/7/1970,M,M,jordan5@adventure-works.com,"$50,000 ",1,Bachelors,Skilled Manual,Y
18549,MRS.,SIERRA,COLLINS,10/13/1970,M,F,sierra2@adventure-works.com,"$50,000 ",1,Bachelors,Skilled Manual,Y
18550,MRS.,JULIA,GRIFFIN,10/20/1970,M,F,julia87@adventure-works.com,"$50,000 ",1,Bachelors,Skilled Manual,Y
18551,MRS.,CHLOE,HALL,4/5/1970,M,F,chloe21@adventure-works.com,"$50,000 ",1,Bachelors,Skilled Manual,Y
18552,MRS.,KELSEY,GOEL,10/4/1970,M,F,kelsey18@adventure-works.com,"$50,000 ",1,Bachelors,Skilled Manual,Y
18553,MR.,ALEX,ROBERTS,7/7/1970,M,M,alex32@adventure-works.com,"$50,000 ",1,Bachelors,Skilled Manual,Y
18554,MRS.,ISABELLE,ROSS,11/18/1970,M,F,isabelle4@adventure-works.com,"$60,000 ",1,Graduate Degree,Professional,Y
18555,MRS.,MUNIRAJU,PULIPALYAM,10/17/1970,M,F,muniraju0@adventure-works.com,"$60,000 ",1,Graduate Degree,Professional,Y
18556,MR.,RUBEN,PEREZ,10/3/1969,M,M,ruben22@adventure-works.com,"$50,000 ",2,Bachelors,Skilled Manual,Y
18557,MRS.,BAILEY,LOPEZ,3/20/1971,M,F,bailey41@adventure-works.com,"$60,000 ",1,Graduate Degree,Professional,Y
18558,MRS.,ALEXANDRA,PRICE,9/22/1971,M,F,alexandra23@adventure-works.com,"$60,000 ",1,Graduate Degree,Professional,Y
18559,MR.,LUCAS,ADAMS,12/17/1971,M,M,lucas47@adventure-works.com,"$60,000 ",1,Graduate Degree,Professional,Y
18560,MRS.,ANNA,MILLER,11/2/1971,M,F,anna67@adventure-works.com,"$70,000 ",2,Graduate Degree,Professional,Y
18561,MRS.,CAROL,TORRES,7/19/1971,S,F,carol10@adventure-works.com,"$70,000 ",2,Graduate Degree,Professional,Y
18562,MRS.,MARY,WRIGHT,6/16/1969,M,F,mary33@adventure-works.com,"$60,000 ",1,Graduate Degree,Professional,Y
18563,MR.,EVAN,SANCHEZ,6/8/1969,M,M,evan19@adventure-works.com,"$60,000 ",1,Graduate Degree,Professional,Y
18564,MR.,JOHN,MOORE,5/7/1967,S,M,john45@adventure-works.com,"$40,000 ",0,Bachelors,Professional,N
18565,MR.,DALTON,BRYANT,3/15/1970,M,M,dalton64@adventure-works.com,"$60,000 ",2,Graduate Degree,Professional,Y
18566,MR.,BRYCE,PETERSON,9/17/1970,M,M,bryce5@adventure-works.com,"$70,000 ",4,Graduate Degree,Professional,Y
18567,MRS.,MADISON,BARNES,1/4/1967,S,F,madison38@adventure-works.com,"$50,000 ",2,Bachelors,Skilled Manual,Y
18568,MRS.,MYA,BENNETT,6/20/1967,S,F,mya3@adventure-works.com,"$50,000 ",2,Bachelors,Skilled Manual,Y
18569,MS.,EMMA,BRYANT,4/5/1966,M,F,emma64@adventure-works.com,"$60,000 ",0,Graduate Degree,Professional,Y
18570,MR.,MASON,PETERSON,4/22/1966,S,M,mason6@adventure-works.com,"$60,000 ",0,Graduate Degree,Professional,Y
18571,MR.,CAMERON,KUMAR,11/6/1966,S,M,cameron24@adventure-works.com,"$60,000 ",0,Graduate Degree,Professional,Y
18572,MS.,DANIELLE,WATSON,11/16/1966,M,F,danielle3@adventure-works.com,"$60,000 ",0,Graduate Degree,Professional,Y
18573,MS.,ANDREA,PHILLIPS,6/17/1966,M,F,andrea31@adventure-works.com,"$60,000 ",0,Graduate Degree,Professional,Y
18574,MS.,KAITLYN,TAYLOR,10/20/1966,M,F,kaitlyn31@adventure-works.com,"$60,000 ",0,Graduate Degree,Professional,Y
18575,MS.,ERIN,STEWART,10/14/1966,M,F,erin26@adventure-works.com,"$60,000 ",0,Graduate Degree,Professional,Y
18576,MS.,EMILY,COLEMAN,7/16/1966,M,F,emily30@adventure-works.com,"$60,000 ",0,Graduate Degree,Professional,Y
18577,MS.,ISABELLE,WINSTON,6/22/1966,M,F,isabelle12@adventure-works.com,"$60,000 ",0,Graduate Degree,Professional,Y
18578,MR.,PATRICK,ROGERS,6/13/1966,S,M,patrick24@adventure-works.com,"$70,000 ",0,Graduate Degree,Professional,Y
18579,MR.,WILLIAM,BROWN,3/15/1966,M,M,william20@adventure-works.com,"$70,000 ",4,Graduate Degree,Professional,Y
18580,MRS.,EMMA,ANDERSON,10/10/1969,M,F,emma9@adventure-works.com,"$60,000 ",2,Graduate Degree,Professional,Y
18581,MRS.,MELINDA,DOMINGUEZ,6/8/1969,S,F,melinda8@adventure-works.com,"$70,000 ",5,Graduate Degree,Professional,Y
18582,MR.,BRYAN,MORGAN,1/25/1969,M,M,bryan13@adventure-works.com,"$70,000 ",5,Graduate Degree,Professional,Y
18583,MR.,LUIS,KUMAR,7/17/1969,S,M,luis28@adventure-works.com,"$70,000 ",5,Graduate Degree,Professional,Y
18584,MRS.,HALEY,EVANS,1/20/1969,M,F,haley42@adventure-works.com,"$70,000 ",5,Graduate Degree,Professional,N
18585,MRS.,KATHERINE,BLUE,8/27/1969,M,F,katherine9@adventure-works.com,"$70,000 ",5,Graduate Degree,Professional,Y
18586,MR.,BENJAMIN,PATTERSON,8/22/1969,S,M,benjamin11@adventure-works.com,"$80,000 ",2,Graduate Degree,Professional,Y
18587,MS.,MONICA,ARUN,8/4/1965,S,F,monica7@adventure-works.com,"$40,000 ",0,Bachelors,Professional,N
18588,MS.,ISABELLA,ROGERS,11/18/1965,S,F,isabella84@adventure-works.com,"$40,000 ",0,Bachelors,Professional,N
18589,MS.,ANNA,STEWART,7/5/1965,S,F,anna2@adventure-works.com,"$40,000 ",0,Bachelors,Professional,N
18590,MRS.,VALERIE,SUN,9/23/1965,S,F,valerie15@adventure-works.com,"$80,000 ",3,Bachelors,Skilled Manual,Y
18591,MR.,EDUARDO,NELSON,5/12/1965,M,M,eduardo33@adventure-works.com,"$80,000 ",3,Bachelors,Skilled Manual,Y
18592,MRS.,MACKENZIE,EVANS,9/9/1965,S,F,mackenzie22@adventure-works.com,"$80,000 ",3,Bachelors,Skilled Manual,Y
18593,MRS.,SYDNEY,MARTINEZ,7/3/1965,S,F,sydney79@adventure-works.com,"$80,000 ",3,Bachelors,Skilled Manual,N
18594,MRS.,KRISTI,GARCIA,10/21/1965,S,F,kristi32@adventure-works.com,"$80,000 ",3,Bachelors,Skilled Manual,Y
18595,MR.,MARCUS,HERNANDEZ,2/6/1965,S,M,marcus28@adventure-works.com,"$80,000 ",3,Bachelors,Skilled Manual,Y
18596,MS.,GABRIELLA,COOPER,6/13/1965,S,F,gabriella16@adventure-works.com,"$60,000 ",0,Graduate Degree,Professional,N
18597,MS.,ISABEL,PERRY,6/27/1965,M,F,isabel8@adventure-works.com,"$60,000 ",0,Graduate Degree,Professional,N
18598,MR.,NORIMICHI,YONEKURA,3/19/1964,S,M,norimichi0@adventure-works.com,"$40,000 ",0,Bachelors,Professional,N
18599,MR.,KYLE,SIMMONS,4/8/1964,S,M,kyle10@adventure-works.com,"$40,000 ",0,Bachelors,Professional,N
18600,MRS.,ASHLEY,GONZALES,11/13/1964,M,F,ashley44@adventure-works.com,"$60,000 ",4,Bachelors,Skilled Manual,Y
18601,MRS.,CYNTHIA,GARCIA,4/26/1964,S,F,cynthia20@adventure-works.com,"$60,000 ",5,Bachelors,Skilled Manual,Y
18602,MR.,PATRICK,RAMIREZ,11/18/1964,M,M,patrick13@adventure-works.com,"$60,000 ",5,Bachelors,Skilled Manual,Y
18603,MRS.,GABRIELLE,HENDERSON,3/12/1964,S,F,gabrielle27@adventure-works.com,"$60,000 ",5,Bachelors,Skilled Manual,N
18604,MRS.,PAIGE,ALEXANDER,5/22/1964,M,F,paige18@adventure-works.com,"$60,000 ",5,Bachelors,Skilled Manual,Y
18605,MR.,DAVID,WRIGHT,11/16/1964,S,M,david35@adventure-works.com,"$60,000 ",4,Bachelors,Skilled Manual,Y
18606,MR.,WYATT,GREEN,10/25/1964,S,M,wyatt34@adventure-works.com,"$60,000 ",4,Bachelors,Skilled Manual,Y
18607,MRS.,KATHERINE,TAYLOR,6/13/1964,S,F,katherine79@adventure-works.com,"$60,000 ",4,Bachelors,Skilled Manual,Y
18608,MR.,IAN,PHILLIPS,4/17/1964,M,M,ian36@adventure-works.com,"$60,000 ",4,Bachelors,Skilled Manual,Y
18609,MRS.,ALYSSA,COOK,6/14/1964,M,F,alyssa29@adventure-works.com,"$60,000 ",4,Bachelors,Skilled Manual,Y
18610,MRS.,BAILEY,RIVERA,1/11/1963,S,F,bailey14@adventure-works.com,"$70,000 ",4,Bachelors,Professional,N
18611,MRS.,TAYLOR,FOSTER,8/28/1963,M,F,taylor40@adventure-works.com,"$70,000 ",4,Bachelors,Professional,Y
18612,MS.,ALYSSA,FLORES,11/19/1968,S,F,alyssa58@adventure-works.com,"$70,000 ",0,Bachelors,Professional,N
18613,MR.,CODY,MURPHY,11/14/1968,S,M,cody15@adventure-works.com,"$70,000 ",0,Bachelors,Professional,N
18614,MR.,SETH,WRIGHT,5/15/1968,S,M,seth28@adventure-works.com,"$70,000 ",0,Bachelors,Professional,N
18615,MR.,CHARLES,PETERSON,3/13/1963,S,M,charles53@adventure-works.com,"$70,000 ",4,Bachelors,Professional,N
18616,MR.,SPENCER,BUTLER,2/5/1963,S,M,spencer16@adventure-works.com,"$60,000 ",3,Graduate Degree,Professional,Y
18617,MR.,CARLOS,LOPEZ,8/3/1963,S,M,carlos41@adventure-works.com,"$60,000 ",3,Graduate Degree,Professional,N
18618,MR.,MITCHELL,RAI,11/20/1972,S,M,mitchell15@adventure-works.com,"$10,000 ",0,Partial High School,Manual,N
18619,MR.,DOMINIC,MEHTA,3/4/1973,M,M,dominic14@adventure-works.com,"$40,000 ",1,Bachelors,Skilled Manual,Y
18620,MR.,RANDALL,NAVARRO,7/18/1973,S,M,randall11@adventure-works.com,"$40,000 ",0,Graduate Degree,Skilled Manual,N
18621,MS.,CASSANDRA,PRASAD,10/18/1973,S,F,cassandra10@adventure-works.com,"$40,000 ",0,Graduate Degree,Skilled Manual,N
18622,MR.,BYRON,RUBIO,11/17/1972,S,M,byron15@adventure-works.com,"$20,000 ",0,Partial High School,Manual,N
18623,MS.,ANNE,TORRES,9/6/1972,M,F,anne13@adventure-works.com,"$20,000 ",0,Partial High School,Manual,N
18624,MR.,JAY,PEREZ,11/4/1972,S,M,jay28@adventure-works.com,"$30,000 ",0,High School,Manual,Y
18625,MR.,DERRICK,MORENO,6/13/1972,S,M,derrick6@adventure-works.com,"$30,000 ",0,High School,Manual,N
18626,MR.,TONY,PAL,9/8/1972,S,M,tony15@adventure-works.com,"$40,000 ",2,Partial College,Clerical,Y
18627,MRS.,KRISTINE,GOMEZ,9/9/1972,S,F,kristine2@adventure-works.com,"$40,000 ",2,Partial College,Clerical,Y
18628,MS.,SUZANNE,YANG,9/15/1971,S,F,suzanne6@adventure-works.com,"$10,000 ",0,Partial High School,Manual,N
18629,MR.,MARTIN,SRINI,2/22/1971,S,M,martin13@adventure-works.com,"$20,000 ",0,Partial High School,Manual,Y
18630,MS.,PRISCILLA,SHE,2/20/1971,S,F,priscilla0@adventure-works.com,"$20,000 ",0,Partial High School,Manual,Y
18631,MS.,CARLY,SHAN,1/5/1971,S,F,carly10@adventure-works.com,"$20,000 ",0,Partial High School,Manual,N
18632,MR.,RUSSELL,TANG,10/9/1971,S,M,russell8@adventure-works.com,"$20,000 ",0,Partial High School,Manual,N
18633,MR.,ADAM,JENKINS,9/24/1971,M,M,adam4@adventure-works.com,"$30,000 ",0,High School,Manual,N
18634,MS.,VERONICA,ARUN,12/14/1971,S,F,veronica7@adventure-works.com,"$30,000 ",0,High School,Manual,N
18635,MRS.,TONI,MARTINEZ,8/21/1971,S,F,toni18@adventure-works.com,"$40,000 ",2,Partial College,Clerical,Y
18637,MR.,THOMAS,SHARMA,12/7/1975,S,M,thomas33@adventure-works.com,"$40,000 ",3,Partial College,Clerical,Y
18638,MRS.,ALYSSA,THOMPSON,6/9/1974,S,F,alyssa15@adventure-works.com,"$40,000 ",3,Partial College,Clerical,Y
18639,MRS.,MARIA,SCOTT,9/8/1974,S,F,maria56@adventure-works.com,"$40,000 ",3,Partial College,Clerical,Y
18640,MR.,ISAAC,JAMES,6/21/1974,M,M,isaac7@adventure-works.com,"$30,000 ",0,Graduate Degree,Skilled Manual,Y
18641,MR.,CAMERON,GARCIA,11/12/1975,S,M,cameron34@adventure-works.com,"$40,000 ",3,Partial College,Clerical,Y
18642,MRS.,BRIANNA,THOMPSON,3/20/1975,S,F,brianna14@adventure-works.com,"$40,000 ",4,Partial College,Clerical,Y
18643,MR.,JOSHUA,THOMAS,6/25/1931,M,M,joshua12@adventure-works.com,"$110,000 ",4,Graduate Degree,Professional,Y
18644,MS.,CARRIE,RUIZ,2/15/1966,S,F,carrie1@adventure-works.com,"$60,000 ",0,Graduate Degree,Skilled Manual,N
18645,MR.,JORDAN,BRYANT,3/21/1966,M,M,jordan15@adventure-works.com,"$60,000 ",0,Graduate Degree,Skilled Manual,Y
18646,MR.,BLAKE,ADAMS,3/12/1966,M,M,blake33@adventure-works.com,"$60,000 ",0,Graduate Degree,Skilled Manual,Y
18647,MRS.,CHRISTY,HUANG,6/19/1953,S,F,christy5@adventure-works.com,"$20,000 ",2,High School,Manual,Y
18648,MRS.,HAILEY,TORRES,6/15/1954,M,F,hailey13@adventure-works.com,"$30,000 ",1,High School,Clerical,Y
18649,MR.,JACKSON,PATTERSON,8/14/1955,S,M,jackson13@adventure-works.com,"$30,000 ",1,High School,Clerical,Y
18650,MR.,KYLE,FLORES,2/3/1955,S,M,kyle7@adventure-works.com,"$30,000 ",1,High School,Clerical,Y
18651,MR.,ISAIAH,MITCHELL,5/6/1955,M,M,isaiah35@adventure-works.com,"$30,000 ",1,High School,Clerical,N
18652,MRS.,MEREDITH,DIAZ,9/4/1955,M,F,meredith25@adventure-works.com,"$30,000 ",2,High School,Clerical,N
18653,MR.,EMMANUEL,MADAN,4/9/1955,M,M,emmanuel7@adventure-works.com,"$30,000 ",2,High School,Clerical,N
18654,MR.,THOMAS,LOPEZ,6/18/1955,M,M,thomas57@adventure-works.com,"$40,000 ",1,Partial College,Clerical,Y
18655,MR.,ERIC,DIAZ,10/9/1955,M,M,eric29@adventure-works.com,"$40,000 ",1,Partial College,Clerical,Y
18656,MR.,CHARLES,CLARK,4/24/1956,S,M,charles23@adventure-works.com,"$30,000 ",2,High School,Skilled Manual,Y
18657,MR.,ALEX,MORGAN,11/23/1956,M,M,alex17@adventure-works.com,"$30,000 ",2,High School,Skilled Manual,N
18658,MR.,DALTON,TURNER,8/5/1956,M,M,dalton39@adventure-works.com,"$30,000 ",2,High School,Skilled Manual,Y
18659,MRS.,JASMINE,THOMPSON,6/3/1956,M,F,jasmine13@adventure-works.com,"$40,000 ",1,Partial College,Clerical,Y
18660,MRS.,CRISTINA,ANAND,10/23/1956,M,F,cristina19@adventure-works.com,"$40,000 ",1,Partial College,Clerical,Y
18661,MR.,DANIEL,WALKER,12/1/1957,M,M,daniel14@adventure-works.com,"$30,000 ",2,High School,Skilled Manual,N
18662,MR.,KYLE,SHARMA,11/17/1957,M,M,kyle26@adventure-works.com,"$30,000 ",2,High School,Skilled Manual,Y
18663,MR.,JASON,FLORES,3/24/1957,M,M,jason9@adventure-works.com,"$30,000 ",2,High School,Skilled Manual,N
18664,MR.,ROBERT,LONG,2/18/1957,M,M,robert23@adventure-works.com,"$30,000 ",2,High School,Skilled Manual,Y
18665,MRS.,OLIVIA,BROOKS,4/24/1957,M,F,olivia45@adventure-works.com,"$30,000 ",2,High School,Skilled Manual,N
18666,MRS.,JORDYN,HENDERSON,11/12/1957,S,F,jordyn4@adventure-works.com,"$30,000 ",2,High School,Skilled Manual,Y
18667,MRS.,KELLI,MA,5/12/1957,S,F,kelli17@adventure-works.com,"$30,000 ",2,High School,Skilled Manual,Y
18668,MR.,BRIAN,SANDERS,5/17/1957,M,M,brian15@adventure-works.com,"$30,000 ",2,High School,Skilled Manual,N
18669,MR.,ADAM,GRIFFIN,12/12/1958,M,M,adam17@adventure-works.com,"$40,000 ",2,Partial College,Clerical,Y
18670,MRS.,MELANIE,BRYANT,7/4/1958,M,F,melanie5@adventure-works.com,"$40,000 ",2,Partial College,Clerical,Y
18671,MRS.,MELANIE,KELLY,10/13/1958,M,F,melanie13@adventure-works.com,"$80,000 ",5,Graduate Degree,Skilled Manual,Y
18672,MR.,ANTHONY,LEWIS,10/7/1958,M,M,anthony7@adventure-works.com,"$80,000 ",5,Graduate Degree,Skilled Manual,Y
18673,MR.,JAMES,GREEN,8/25/1958,M,M,james63@adventure-works.com,"$80,000 ",4,Graduate Degree,Skilled Manual,N
18674,MRS.,ISABELLE,BENNETT,3/20/1958,S,F,isabelle1@adventure-works.com,"$80,000 ",4,Graduate Degree,Skilled Manual,N
18675,MRS.,ABIGAIL,MARTIN,5/7/1959,M,F,abigail55@adventure-works.com,"$60,000 ",4,Graduate Degree,Skilled Manual,Y
18676,MR.,JESSE,YOUNG,3/7/1959,M,M,jesse41@adventure-works.com,"$60,000 ",4,Graduate Degree,Skilled Manual,Y
18677,MR.,LOGAN,SHAN,5/8/1959,M,M,logan4@adventure-works.com,"$60,000 ",4,Graduate Degree,Skilled Manual,Y
18678,MR.,SEAN,WATSON,11/9/1959,S,M,sean7@adventure-works.com,"$60,000 ",4,Graduate Degree,Skilled Manual,Y
18679,MR.,SETH,WOOD,7/26/1972,S,M,seth50@adventure-works.com,"$50,000 ",0,Graduate Degree,Skilled Manual,Y
18680,MR.,DAVID,SHAN,11/3/1973,M,M,david62@adventure-works.com,"$40,000 ",1,Graduate Degree,Skilled Manual,Y
18681,MRS.,JACQUELINE,GRIFFIN,10/21/1973,M,F,jacqueline21@adventure-works.com,"$40,000 ",1,Graduate Degree,Skilled Manual,Y
18682,MRS.,EMILY,BENNETT,7/8/1973,M,F,emily26@adventure-works.com,"$40,000 ",1,Graduate Degree,Skilled Manual,Y
18683,MR.,ROBERT,WALKER,8/23/1973,M,M,robert83@adventure-works.com,"$40,000 ",1,Graduate Degree,Skilled Manual,Y
18684,MRS.,MAKAYLA,WATSON,9/4/1973,M,F,makayla0@adventure-works.com,"$60,000 ",1,Graduate Degree,Skilled Manual,Y
18685,MR.,SEAN,ROGERS,5/28/1971,M,M,sean27@adventure-works.com,"$60,000 ",1,Graduate Degree,Skilled Manual,N
18686,MR.,LOGAN,COLEMAN,10/13/1971,S,M,logan8@adventure-works.com,"$60,000 ",1,Graduate Degree,Skilled Manual,Y
18687,MRS.,OLIVIA,SMITH,1/20/1971,M,F,olivia0@adventure-works.com,"$60,000 ",1,Graduate Degree,Skilled Manual,Y
18688,MR.,ANTONIO,BARNES,1/10/1958,M,M,antonio3@adventure-works.com,"$70,000 ",5,Graduate Degree,Professional,Y
18689,MR.,MIGUEL,MILLER,7/1/1958,M,M,miguel5@adventure-works.com,"$80,000 ",5,Graduate Degree,Professional,Y
18690,MR.,CARLOS,RIVERA,4/8/1929,M,M,carlos19@adventure-works.com,"$40,000 ",2,Bachelors,Professional,Y
18691,MRS.,CLAUDIA,ZHENG,3/24/1969,M,F,claudia17@adventure-works.com,"$90,000 ",1,Graduate Degree,Management,Y
18692,MR.,PRESTON,MEHTA,2/10/1969,M,M,preston13@adventure-works.com,"$90,000 ",1,Graduate Degree,Management,Y
18693,MRS.,ANN,SUBRAM,6/19/1969,S,F,ann18@adventure-works.com,"$90,000 ",1,Graduate Degree,Management,Y
18694,MR.,DERRICK,GOMEZ,7/21/1969,M,M,derrick1@adventure-works.com,"$90,000 ",1,Graduate Degree,Management,Y
18695,MR.,AARON,DIAZ,11/4/1969,M,M,aaron21@adventure-works.com,"$90,000 ",2,Bachelors,Professional,Y
18696,MRS.,MINDY,BLACK,9/24/1969,M,F,mindy25@adventure-works.com,"$100,000 ",1,Graduate Degree,Management,Y
18697,MRS.,TARA,LAL,6/4/1968,S,F,tara8@adventure-works.com,"$60,000 ",2,Bachelors,Professional,N
18698,MRS.,JACLYN,CHANDE,7/6/1968,S,F,jaclyn38@adventure-works.com,"$60,000 ",2,Bachelors,Professional,Y
18699,MR.,BLAKE,GRIFFIN,10/17/1968,M,M,blake68@adventure-works.com,"$60,000 ",2,Bachelors,Professional,Y
18700,MR.,ERNEST,ZHAO,10/6/1968,S,M,ernest10@adventure-works.com,"$60,000 ",2,Bachelors,Professional,N
18701,MR.,KENNETH,LAL,8/2/1968,S,M,kenneth8@adventure-works.com,"$60,000 ",2,Bachelors,Professional,Y
18702,MRS.,ADRIANA,SMITH,4/8/1968,S,F,adriana9@adventure-works.com,"$60,000 ",2,Bachelors,Professional,Y
18703,MR.,VINCENT,HUANG,9/10/1967,S,M,vincent6@adventure-works.com,"$60,000 ",2,Bachelors,Professional,N
18704,MRS.,LACEY,GOEL,2/21/1967,M,F,lacey8@adventure-works.com,"$70,000 ",5,Bachelors,Professional,Y
18705,MR.,KARL,GOEL,8/28/1967,M,M,karl20@adventure-works.com,"$70,000 ",5,Bachelors,Professional,Y
18706,MR.,DARRYL,ZHENG,5/19/1969,S,M,darryl19@adventure-works.com,"$110,000 ",1,Graduate Degree,Management,Y
18707,MR.,MARSHALL,SHE,4/28/1969,M,M,marshall21@adventure-works.com,"$110,000 ",1,Graduate Degree,Management,Y
18709,MR.,DARREN,HERNANDEZ,6/6/1969,M,M,darren25@adventure-works.com,"$130,000 ",1,Graduate Degree,Management,Y
18710,MR.,RICARDO,XIE,8/21/1969,M,M,ricardo3@adventure-works.com,"$130,000 ",1,Graduate Degree,Management,Y
18711,MRS.,EMMA,DIAZ,5/14/1967,S,F,emma67@adventure-works.com,"$70,000 ",5,Bachelors,Professional,Y
18712,MR.,GLENN,GUO,8/10/1966,M,M,glenn19@adventure-works.com,"$80,000 ",5,Graduate Degree,Management,N
18713,MRS.,ROSA,YANG,11/15/1966,M,F,rosa5@adventure-works.com,"$80,000 ",5,Graduate Degree,Management,N
18714,MR.,FRANCISCO,LOPEZ,8/15/1966,M,M,francisco18@adventure-works.com,"$80,000 ",5,Graduate Degree,Management,Y
18715,MR.,RAFAEL,RAI,9/25/1965,M,M,rafael41@adventure-works.com,"$60,000 ",3,Bachelors,Professional,Y
18716,MR.,SETH,CAMPBELL,8/1/1968,M,M,seth43@adventure-works.com,"$70,000 ",0,Bachelors,Professional,N
18717,MS.,CASSANDRA,SURI,1/21/1965,M,F,cassandra0@adventure-works.com,"$70,000 ",0,Bachelors,Professional,N
18718,MS.,SUSAN,LIU,6/10/1965,S,F,susan13@adventure-works.com,"$70,000 ",0,Bachelors,Professional,N
18719,MR.,ALBERTO,SUAREZ,10/20/1964,M,M,alberto18@adventure-works.com,"$60,000 ",4,Bachelors,Professional,Y
18720,MRS.,TAYLOR,MILLER,12/28/1963,M,F,taylor53@adventure-works.com,"$60,000 ",5,Bachelors,Professional,Y
18721,MR.,ANDY,GOMEZ,6/5/1963,S,M,andy6@adventure-works.com,"$60,000 ",3,Bachelors,Professional,N
18722,MR.,JONATHON,NAVARRO,7/19/1963,S,M,jonathon7@adventure-works.com,"$60,000 ",3,Bachelors,Professional,Y
18723,MRS.,LACEY,MA,5/19/1963,S,F,lacey28@adventure-works.com,"$60,000 ",3,Bachelors,Professional,N
18724,MRS.,DENISE,FERNANDEZ,11/6/1967,M,F,denise16@adventure-works.com,"$80,000 ",5,Bachelors,Professional,Y
18725,MRS.,DENISE,KAPOOR,10/9/1967,S,F,denise4@adventure-works.com,"$90,000 ",3,Bachelors,Professional,Y
18726,MRS.,KATRINA,ANAND,3/2/1962,S,F,katrina21@adventure-works.com,"$60,000 ",1,Bachelors,Professional,Y
18727,MRS.,HAILEY,HERNANDEZ,10/10/1961,S,F,hailey58@adventure-works.com,"$60,000 ",1,Partial College,Skilled Manual,Y
18728,MR.,ROGER,LUO,4/20/1966,M,M,roger33@adventure-works.com,"$100,000 ",0,Bachelors,Professional,N
18729,MR.,EVAN,PARKER,4/6/1960,S,M,evan23@adventure-works.com,"$60,000 ",1,Partial College,Skilled Manual,Y
18731,MR.,BRETT,MALHOTRA,7/2/1959,S,M,brett4@adventure-works.com,"$90,000 ",1,Bachelors,Professional,Y
18732,MR.,ZACHARY,JAI,5/19/1932,M,M,zachary1@adventure-works.com,"$30,000 ",2,Partial College,Clerical,N
18733,MR.,RAFAEL,GAO,10/23/1965,S,M,rafael16@adventure-works.com,"$70,000 ",0,Bachelors,Professional,N
18734,MS.,BARBARA,ASHE,5/14/1964,S,F,barbara50@adventure-works.com,"$70,000 ",0,Bachelors,Professional,N
18735,MS.,LATASHA,MORENO,10/20/1964,S,F,latasha6@adventure-works.com,"$70,000 ",0,Bachelors,Professional,Y
18736,MRS.,ASHLEY,PATTERSON,6/13/1959,S,F,ashley37@adventure-works.com,"$90,000 ",1,Bachelors,Professional,Y
18737,,RICKY,GOMEZ,7/21/1959,S,NA,ricky1@adventure-works.com,"$100,000 ",5,Bachelors,Professional,Y
18738,MS.,TAMARA,LUO,4/12/1963,S,F,tamara17@adventure-works.com,"$70,000 ",0,Bachelors,Professional,N
18739,MRS.,CHRISTY,PAL,6/27/1961,M,F,christy29@adventure-works.com,"$60,000 ",1,Partial College,Skilled Manual,Y
18740,MR.,ADAM,HILL,9/4/1958,M,M,adam43@adventure-works.com,"$80,000 ",5,Bachelors,Professional,N
18741,MR.,EDGAR,MARTINEZ,1/23/1936,M,M,edgar18@adventure-works.com,"$30,000 ",2,Partial College,Clerical,N
18742,MR.,DON,GUO,6/18/1960,M,M,don6@adventure-works.com,"$70,000 ",5,Partial College,Skilled Manual,Y
18743,MR.,GLENN,XU,10/11/1960,M,M,glenn13@adventure-works.com,"$70,000 ",5,Partial College,Skilled Manual,N
18744,MRS.,APRIL,RAJE,7/27/1960,M,F,april12@adventure-works.com,"$70,000 ",5,Partial College,Skilled Manual,Y
18745,MRS.,BROOKE,JAMES,10/18/1957,M,F,brooke8@adventure-works.com,"$70,000 ",1,Partial College,Skilled Manual,Y
18746,MR.,REGINALD,ALVAREZ,11/15/1957,S,M,reginald12@adventure-works.com,"$70,000 ",1,Partial College,Skilled Manual,N
18747,MRS.,JACQUELYN,DIAZ,5/9/1956,S,F,jacquelyn3@adventure-works.com,"$70,000 ",2,Partial College,Skilled Manual,N
18748,MRS.,GABRIELLE,STEWART,12/21/1949,M,F,gabrielle0@adventure-works.com,"$10,000 ",2,High School,Skilled Manual,Y
18749,MS.,OLIVIA,STEWART,8/14/1976,M,F,olivia24@adventure-works.com,"$30,000 ",0,High School,Skilled Manual,Y
18750,MS.,ALEXANDRA,PERRY,5/4/1976,M,F,alexandra31@adventure-works.com,"$30,000 ",0,High School,Skilled Manual,Y
18751,MS.,KARI,SCHMIDT,6/3/1976,S,F,kari11@adventure-works.com,"$30,000 ",0,High School,Skilled Manual,Y
18752,MS.,SAMANTHA,WALKER,6/27/1975,S,F,samantha24@adventure-works.com,"$40,000 ",0,High School,Skilled Manual,Y
18753,MR.,JAMES,MOORE,5/19/1975,S,M,james73@adventure-works.com,"$40,000 ",0,High School,Skilled Manual,Y
18754,MS.,ISABELLA,MITCHELL,9/26/1975,S,F,isabella41@adventure-works.com,"$40,000 ",0,High School,Skilled Manual,N
18755,MR.,CHRISTOPHER,LEWIS,8/24/1976,S,M,christopher21@adventure-works.com,"$40,000 ",0,High School,Skilled Manual,Y
18756,MS.,ISABELLA,THOMPSON,5/3/1976,S,F,isabella71@adventure-works.com,"$40,000 ",0,High School,Skilled Manual,N
18757,MR.,FREDERICK,SRINI,8/18/1976,M,M,frederick7@adventure-works.com,"$40,000 ",0,High School,Skilled Manual,Y
18758,MR.,DEVIN,PRICE,3/2/1979,S,M,devin66@adventure-works.com,"$30,000 ",0,Partial High School,Clerical,N
18759,MR.,DEVIN,PHILLIPS,2/11/1978,S,M,devin38@adventure-works.com,"$30,000 ",0,Partial High School,Clerical,N
18760,MS.,MORGAN,WOOD,2/6/1978,M,F,morgan72@adventure-works.com,"$30,000 ",0,Partial High School,Clerical,N
18761,MR.,LUIS,WRIGHT,10/6/1978,S,M,luis51@adventure-works.com,"$30,000 ",0,Partial High School,Clerical,Y
18762,MS.,ARTHUR,WILSON,5/22/1978,M,F,arthur44@adventure-works.com,"$40,000 ",0,High School,Skilled Manual,Y
18763,MRS.,JULIE,CHANDER,2/24/1938,M,F,julie20@adventure-works.com,"$40,000 ",2,Bachelors,Management,N
18764,MS.,NATALIE,SCOTT,12/24/1977,M,F,natalie56@adventure-works.com,"$40,000 ",0,High School,Skilled Manual,Y
18765,MR.,NOAH,SHAN,8/18/1977,S,M,noah25@adventure-works.com,"$40,000 ",0,High School,Skilled Manual,N
18766,MR.,FRANCISCO,SAI,1/15/1940,M,M,francisco6@adventure-works.com,"$30,000 ",2,Partial College,Clerical,N
18767,MR.,GARY,ALONSO,12/10/1940,M,M,gary19@adventure-works.com,"$40,000 ",2,Bachelors,Management,Y
18768,MR.,DALTON,GARCIA,2/23/1942,M,M,dalton15@adventure-works.com,"$40,000 ",2,Bachelors,Management,Y
18769,MRS.,THERESA,DOMINGUEZ,8/3/1943,M,F,theresa9@adventure-works.com,"$40,000 ",2,Bachelors,Management,Y
18770,MR.,AARON,HERNANDEZ,6/5/1976,S,M,aaron50@adventure-works.com,"$40,000 ",0,Partial College,Skilled Manual,Y
18771,MR.,ROBERT,GREEN,1/3/1976,S,M,robert55@adventure-works.com,"$40,000 ",0,Partial College,Skilled Manual,Y
18772,MS.,JULIA,HILL,2/12/1976,M,F,julia19@adventure-works.com,"$40,000 ",0,Partial College,Skilled Manual,Y
18773,MS.,CASSIDY,PRICE,7/13/1976,M,F,cassidy0@adventure-works.com,"$40,000 ",0,Partial College,Skilled Manual,Y
18774,MR.,JUSTIN,FLORES,6/19/1976,S,M,justin9@adventure-works.com,"$60,000 ",0,Partial College,Skilled Manual,N
18775,MS.,ANDREA,BELL,5/18/1975,M,F,andrea15@adventure-works.com,"$40,000 ",0,High School,Skilled Manual,Y
18776,MR.,CONNOR,ALLEN,10/6/1975,S,M,connor50@adventure-works.com,"$30,000 ",0,Partial College,Skilled Manual,Y
18777,MR.,RICHARD,CLARK,7/26/1974,S,M,richard13@adventure-works.com,"$30,000 ",0,Partial College,Skilled Manual,Y
18778,MR.,MIGUEL,WASHINGTON,7/8/1974,M,M,miguel59@adventure-works.com,"$30,000 ",0,Partial College,Skilled Manual,Y
18779,,JOSE,HILL,4/22/1974,M,NA,jose48@adventure-works.com,"$30,000 ",0,Partial College,Skilled Manual,Y
18780,MR.,EVAN,CARTER,5/9/1973,S,M,evan35@adventure-works.com,"$60,000 ",0,Partial College,Skilled Manual,Y
18781,MR.,HUNTER,LEWIS,4/13/1972,S,M,hunter54@adventure-works.com,"$80,000 ",0,Bachelors,Management,N
18782,MR.,PATRICK,REED,4/23/1972,M,M,patrick25@adventure-works.com,"$80,000 ",0,Bachelors,Management,Y
18783,MR.,MICHAEL,MARTIN,4/19/1968,S,M,michael46@adventure-works.com,"$80,000 ",0,Bachelors,Management,N
18784,MRS.,TRINITY,BROOKS,4/2/1968,M,F,trinity1@adventure-works.com,"$90,000 ",4,Bachelors,Management,Y
18785,MS.,SARA,RIVERA,11/5/1967,S,F,sara18@adventure-works.com,"$110,000 ",0,Graduate Degree,Management,N
18786,MR.,DUSTIN,CHANDE,10/16/1967,S,M,dustin15@adventure-works.com,"$120,000 ",0,Bachelors,Management,N
18787,MRS.,MYA,WOOD,5/14/1963,M,F,mya4@adventure-works.com,"$80,000 ",4,Bachelors,Management,Y
18788,MRS.,MADISON,THOMPSON,3/2/1968,S,F,madison16@adventure-works.com,"$90,000 ",4,Bachelors,Management,Y
18789,MR.,SETH,ROBINSON,4/21/1968,S,M,seth17@adventure-works.com,"$110,000 ",1,Graduate Degree,Management,N
18790,MS.,JULIA,MARTIN,9/26/1979,M,F,julia36@adventure-works.com,"$40,000 ",0,High School,Skilled Manual,Y
18791,MS.,MEGAN,BLUE,8/23/1979,S,F,megan34@adventure-works.com,"$40,000 ",0,High School,Skilled Manual,Y
18792,MS.,GABRIELLA,PETERSON,8/24/1979,M,F,gabriella2@adventure-works.com,"$40,000 ",0,High School,Skilled Manual,Y
18793,MR.,ANGEL,COX,4/19/1944,M,M,angel10@adventure-works.com,"$20,000 ",4,High School,Skilled Manual,N
18794,MR.,ANDREW,DAVIS,3/20/1979,S,M,andrew14@adventure-works.com,"$60,000 ",0,Partial College,Skilled Manual,Y
18795,MR.,NATHAN,ALEXANDER,9/4/1978,S,M,nathan15@adventure-works.com,"$40,000 ",0,Partial High School,Clerical,N
18796,MR.,MARVIN,RUIZ,12/6/1947,M,M,marvin2@adventure-works.com,"$10,000 ",2,High School,Skilled Manual,Y
18797,MR.,EVAN,MURPHY,3/24/1978,S,M,evan16@adventure-works.com,"$40,000 ",0,Partial College,Skilled Manual,N
18798,MS.,ANDREA,ALLEN,6/13/1978,M,F,andrea45@adventure-works.com,"$60,000 ",0,Partial College,Skilled Manual,Y
18799,MR.,JACOB,LEWIS,10/24/1971,M,M,jacob17@adventure-works.com,"$60,000 ",1,Graduate Degree,Skilled Manual,Y
18800,MRS.,JENNIFER,PHILLIPS,10/12/1971,M,F,jennifer8@adventure-works.com,"$60,000 ",1,Graduate Degree,Skilled Manual,Y
18801,MRS.,DAWN,YUAN,3/21/1971,M,F,dawn30@adventure-works.com,"$60,000 ",1,Graduate Degree,Skilled Manual,Y
18802,MR.,MARIO,SHEN,10/11/1971,M,M,mario1@adventure-works.com,"$60,000 ",1,Graduate Degree,Skilled Manual,Y
18803,MR.,CEDRIC,ZHENG,11/27/1971,M,M,cedric19@adventure-works.com,"$60,000 ",1,Graduate Degree,Skilled Manual,Y
18804,MR.,AARON,GONZALES,5/26/1971,M,M,aaron16@adventure-works.com,"$60,000 ",1,Graduate Degree,Skilled Manual,Y
18805,MRS.,TRACY,SIMPSON,6/21/1972,M,F,tracy4@adventure-works.com,"$50,000 ",1,Bachelors,Skilled Manual,Y
18806,MRS.,KAITLYN,TORRES,9/8/1972,M,F,kaitlyn60@adventure-works.com,"$50,000 ",1,Bachelors,Skilled Manual,Y
18807,MR.,SPENCER,BENNETT,7/14/1964,S,M,spencer2@adventure-works.com,"$130,000 ",2,Graduate Degree,Management,N
18808,MRS.,GABRIELLE,PEREZ,4/26/1956,S,F,gabrielle55@adventure-works.com,"$70,000 ",3,Partial College,Professional,Y
18809,MR.,JASON,KING,4/8/1956,M,M,jason47@adventure-works.com,"$80,000 ",2,Partial College,Professional,Y
18810,MR.,CASEY,DOMINGUEZ,6/24/1934,M,M,casey36@adventure-works.com,"$60,000 ",2,Graduate Degree,Management,Y
18811,MR.,SAMUEL,PERRY,6/27/1963,M,M,samuel6@adventure-works.com,"$80,000 ",4,Partial College,Professional,Y
18812,MR.,KYLE,ADAMS,4/6/1963,S,M,kyle45@adventure-works.com,"$80,000 ",4,Partial College,Professional,Y
18813,MS.,KRISTY,HERNANDEZ,5/9/1963,S,F,kristy4@adventure-works.com,"$90,000 ",0,Partial College,Professional,Y
18814,MR.,EVAN,ADAMS,7/17/1963,S,M,evan39@adventure-works.com,"$90,000 ",0,Partial College,Professional,N
18815,MS.,ABIGAIL,ROGERS,6/16/1963,M,F,abigail5@adventure-works.com,"$90,000 ",0,Partial College,Professional,N
18816,MS.,TAYLOR,SMITH,6/15/1963,S,F,taylor47@adventure-works.com,"$90,000 ",0,Partial College,Professional,Y
18817,MS.,BRITTANY,RUSSELL,1/14/1963,S,F,brittany18@adventure-works.com,"$90,000 ",0,Partial College,Professional,N
18818,MR.,LUCAS,TORRES,3/16/1963,M,M,lucas76@adventure-works.com,"$130,000 ",3,Bachelors,Management,Y
18819,MRS.,MIRANDA,BENNETT,4/26/1963,M,F,miranda1@adventure-works.com,"$150,000 ",3,Bachelors,Management,Y
18820,MRS.,ALEXANDRIA,COOK,2/2/1963,M,F,alexandria42@adventure-works.com,"$160,000 ",1,Bachelors,Management,Y
18821,MR.,JUAN,MORGAN,12/16/1962,S,M,juan23@adventure-works.com,"$80,000 ",5,Partial College,Professional,Y
18822,MR.,GREGORY,FERRIER,6/25/1962,M,M,gregory26@adventure-works.com,"$90,000 ",5,Partial College,Professional,Y
18823,MR.,RUSSELL,XU,4/26/1962,S,M,russell9@adventure-works.com,"$110,000 ",1,Bachelors,Management,N
18824,MR.,ELIJAH,COLLINS,8/24/1962,M,M,elijah31@adventure-works.com,"$120,000 ",1,High School,Professional,Y
18825,MR.,BRANDON,SMITH,9/22/1962,M,M,brandon37@adventure-works.com,"$130,000 ",1,Bachelors,Management,Y
18826,MRS.,ALLISON,STEWART,6/27/1961,M,F,allison24@adventure-works.com,"$70,000 ",5,Partial College,Professional,N
18827,MRS.,CARMEN,RAMAN,11/22/1961,S,F,carmen15@adventure-works.com,"$80,000 ",5,Partial College,Professional,Y
18828,MRS.,MORGAN,WRIGHT,2/16/1961,M,F,morgan17@adventure-works.com,"$80,000 ",5,Partial College,Professional,Y
18829,MR.,JACKSON,SIMMONS,3/14/1961,S,M,jackson17@adventure-works.com,"$90,000 ",4,Partial College,Professional,Y
18831,MR.,ANDY,HERNANDEZ,12/28/1961,S,M,andy8@adventure-works.com,"$110,000 ",1,Bachelors,Management,Y
18832,MR.,DYLAN,JACKSON,8/7/1961,M,M,dylan42@adventure-works.com,"$130,000 ",1,Bachelors,Management,N
18833,MRS.,MORGAN,BAKER,3/3/1955,M,F,morgan13@adventure-works.com,"$60,000 ",2,High School,Professional,N
18834,MRS.,ANA,FOSTER,10/20/1955,M,F,ana15@adventure-works.com,"$60,000 ",2,High School,Professional,N
18835,MRS.,ISABELLE,COLEMAN,4/14/1955,S,F,isabelle6@adventure-works.com,"$60,000 ",2,High School,Professional,Y
18836,MRS.,NICOLE,COOPER,2/14/1955,S,F,nicole35@adventure-works.com,"$60,000 ",2,High School,Professional,Y
18837,MRS.,AMANDA,HERNANDEZ,10/13/1955,M,F,amanda61@adventure-works.com,"$70,000 ",4,High School,Professional,Y
18838,MRS.,NATALIE,MORRIS,9/13/1955,M,F,natalie2@adventure-works.com,"$80,000 ",3,Partial College,Professional,Y
18839,MR.,DON,LEE,4/13/1955,M,M,don4@adventure-works.com,"$80,000 ",3,Partial College,Professional,Y
18840,MRS.,ALEXANDRIA,BARNES,12/19/1955,M,F,alexandria3@adventure-works.com,"$80,000 ",3,Partial College,Professional,N
18841,MRS.,GABRIELLA,CAMPBELL,9/6/1936,M,F,gabriella29@adventure-works.com,"$40,000 ",3,Partial College,Professional,N
18842,MR.,JAMES,GONZALEZ,7/8/1936,S,M,james58@adventure-works.com,"$40,000 ",3,Partial College,Professional,Y
18843,MR.,LUIS,PEREZ,1/20/1936,M,M,luis36@adventure-works.com,"$50,000 ",2,Graduate Degree,Management,N
18844,MR.,DALTON,HERNANDEZ,10/14/1936,S,M,dalton25@adventure-works.com,"$50,000 ",2,Graduate Degree,Management,Y
18845,MRS.,KATHERINE,HUGHES,4/1/1936,M,F,katherine37@adventure-works.com,"$60,000 ",2,Graduate Degree,Management,Y
18846,MR.,DEB,HUGHES,3/3/1936,S,M,deb8@adventure-works.com,"$60,000 ",2,Graduate Degree,Management,Y
18847,MRS.,ARIANA,RICHARDSON,5/11/1936,M,F,ariana8@adventure-works.com,"$60,000 ",2,Graduate Degree,Management,Y
18848,,CHRISTIAN,HARRIS,5/4/1936,M,NA,christian49@adventure-works.com,"$70,000 ",4,Graduate Degree,Management,Y
18849,MRS.,FAITH,FLORES,6/15/1960,S,F,faith11@adventure-works.com,"$100,000 ",3,Partial College,Professional,Y
18850,MR.,ETHAN,HUGHES,7/13/1960,M,M,ethan8@adventure-works.com,"$130,000 ",4,Bachelors,Management,Y
18851,MR.,DALTON,COOK,10/16/1954,M,M,dalton83@adventure-works.com,"$80,000 ",2,Partial High School,Skilled Manual,N
18852,MRS.,ALLISON,SANDERS,7/23/1954,M,F,allison2@adventure-works.com,"$80,000 ",3,Partial High School,Skilled Manual,Y
18853,MRS.,JACQUELINE,GRAY,7/14/1954,M,F,jacqueline30@adventure-works.com,"$80,000 ",3,Partial High School,Skilled Manual,Y
18854,MR.,HUNTER,TURNER,5/25/1954,M,M,hunter34@adventure-works.com,"$60,000 ",2,Partial High School,Skilled Manual,N
18855,MR.,ROBERT,ZHANG,5/22/1954,S,M,robert35@adventure-works.com,"$60,000 ",2,Partial High School,Skilled Manual,Y
18856,MR.,THOMAS,GREEN,3/15/1954,M,M,thomas50@adventure-works.com,"$60,000 ",2,Partial High School,Skilled Manual,N
18857,MR.,SEBASTIAN,SANDERS,7/4/1954,M,M,sebastian3@adventure-works.com,"$60,000 ",2,Partial High School,Skilled Manual,Y
18858,MR.,MIGUEL,PARKER,5/5/1954,S,M,miguel42@adventure-works.com,"$60,000 ",2,Partial High School,Skilled Manual,Y
18860,MRS.,SYDNEY,FOSTER,12/17/1954,M,F,sydney38@adventure-works.com,"$70,000 ",3,High School,Professional,N
18861,MRS.,ASHLEY,WOOD,2/22/1954,M,F,ashley28@adventure-works.com,"$70,000 ",3,High School,Professional,Y
18862,MR.,LUKE,ZHANG,9/22/1954,M,M,luke13@adventure-works.com,"$70,000 ",3,High School,Professional,Y
18863,MR.,CHARLES,SCOTT,11/14/1954,S,M,charles33@adventure-works.com,"$70,000 ",3,High School,Professional,Y
18864,MR.,ELIJAH,LONG,9/12/1954,M,M,elijah13@adventure-works.com,"$70,000 ",3,High School,Professional,N
18865,MRS.,ASHLEY,HAYES,1/23/1953,M,F,ashley50@adventure-works.com,"$60,000 ",3,Graduate Degree,Management,Y
18866,MR.,MIGUEL,SCOTT,4/2/1953,M,M,miguel30@adventure-works.com,"$60,000 ",3,Graduate Degree,Management,N
18867,MR.,THOMAS,PERRY,9/15/1952,M,M,thomas9@adventure-works.com,"$40,000 ",3,Partial College,Professional,N
18868,MR.,ADAM,LONG,5/18/1952,S,M,adam7@adventure-works.com,"$40,000 ",3,Partial College,Professional,Y
18869,MRS.,ASHLEY,FLORES,8/28/1952,M,F,ashley39@adventure-works.com,"$40,000 ",3,Partial College,Professional,N
18870,MRS.,ANA,BARNES,8/3/1952,M,F,ana3@adventure-works.com,"$40,000 ",3,Partial College,Professional,N
18871,MR.,RUBEN,RUBIO,7/14/1937,M,M,ruben0@adventure-works.com,"$60,000 ",3,Graduate Degree,Management,Y
18872,MR.,MIGUEL,SEVERINO,6/21/1938,M,M,miguel71@adventure-works.com,"$60,000 ",3,Graduate Degree,Management,Y
18873,MR.,AUSTIN,RODRIGUEZ,11/19/1939,S,M,austin35@adventure-works.com,"$60,000 ",3,Graduate Degree,Management,Y
18874,MRS.,JULIA,GREEN,5/7/1939,M,F,julia11@adventure-works.com,"$60,000 ",3,Graduate Degree,Management,Y
18875,MR.,DEVIN,WATSON,5/27/1939,M,M,devin62@adventure-works.com,"$60,000 ",3,Graduate Degree,Management,Y
18876,MR.,LUKE,CHEN,8/19/1939,M,M,luke15@adventure-works.com,"$70,000 ",5,Graduate Degree,Management,Y
18877,MR.,EVAN,HALL,7/6/1940,M,M,evan47@adventure-works.com,"$80,000 ",4,Graduate Degree,Management,Y
18878,MRS.,MALLORY,RAMOS,10/19/1940,M,F,mallory4@adventure-works.com,"$80,000 ",4,Bachelors,Management,Y
18879,MR.,GARRETT,MORGAN,9/26/1941,M,M,garrett17@adventure-works.com,"$50,000 ",4,Bachelors,Management,Y
18880,MR.,JARROD,SANCHEZ,3/7/1941,M,M,jarrod19@adventure-works.com,"$60,000 ",3,Graduate Degree,Management,N
18881,MRS.,KIMBERLY,JAMES,2/7/1941,M,F,kimberly11@adventure-works.com,"$70,000 ",5,Graduate Degree,Management,Y
18882,MR.,DALTON,HAYES,8/3/1941,M,M,dalton68@adventure-works.com,"$70,000 ",5,Graduate Degree,Management,N
18883,MR.,JONATHAN,GARCIA,6/7/1977,S,M,jonathan70@adventure-works.com,"$40,000 ",0,Partial High School,Clerical,N
18884,MR.,BRYAN,REED,6/19/1977,S,M,bryan21@adventure-works.com,"$40,000 ",0,Partial High School,Clerical,Y
18885,MRS.,CARA,MA,6/24/1948,S,F,cara11@adventure-works.com,"$20,000 ",4,High School,Skilled Manual,Y
18886,MR.,DONALD,MCDONALD,12/11/1977,S,M,donald7@adventure-works.com,"$40,000 ",0,Partial High School,Clerical,N
18887,MS.,KARI,HERNANDEZ,5/24/1977,S,F,kari24@adventure-works.com,"$40,000 ",0,Partial High School,Clerical,Y
18888,MR.,DEVIN,POWELL,12/18/1977,S,M,devin47@adventure-works.com,"$40,000 ",0,Partial College,Skilled Manual,Y
18889,MS.,KATELYN,MURPHY,3/17/1977,S,F,katelyn14@adventure-works.com,"$40,000 ",0,Partial College,Skilled Manual,N
18890,MS.,LAUREN,BLUE,6/2/1977,M,F,lauren5@adventure-works.com,"$40,000 ",0,Partial College,Skilled Manual,Y
18891,MS.,MEGAN,JAMES,9/10/1977,M,F,megan45@adventure-works.com,"$40,000 ",0,Partial College,Skilled Manual,Y
18893,MR.,DEVIN,WHITE,6/15/1977,S,M,devin11@adventure-works.com,"$60,000 ",0,Partial College,Skilled Manual,N
18894,MR.,ERIC,ALLEN,9/21/1977,S,M,eric62@adventure-works.com,"$70,000 ",0,Partial College,Skilled Manual,Y
18896,MR.,JONATHAN,RUSSELL,3/16/1949,M,M,jonathan19@adventure-works.com,"$20,000 ",2,Partial High School,Clerical,N
18897,MR.,RUSSELL,BLACK,8/7/1949,M,M,russell23@adventure-works.com,"$20,000 ",2,Partial High School,Clerical,Y
18898,MRS.,MONICA,CHANDRA,3/14/1950,S,F,monica2@adventure-works.com,"$20,000 ",2,Partial High School,Clerical,Y
18899,MR.,GLENN,LIU,4/28/1950,M,M,glenn5@adventure-works.com,"$30,000 ",3,Partial College,Clerical,N
18900,MR.,MATHEW,TORRES,10/8/1950,M,M,mathew7@adventure-works.com,"$30,000 ",3,Partial College,Clerical,N
18901,MR.,CONNOR,SHAN,9/9/1951,S,M,connor26@adventure-works.com,"$20,000 ",2,Partial High School,Clerical,Y
18902,MR.,STEVE,CHEN,8/16/1951,M,M,steve6@adventure-works.com,"$30,000 ",3,High School,Skilled Manual,N
18903,MR.,LOUIS,ZENG,11/27/1951,S,M,louis16@adventure-works.com,"$30,000 ",3,High School,Skilled Manual,Y
18904,MS.,EMMA,THOMAS,10/13/1980,S,F,emma10@adventure-works.com,"$30,000 ",0,Partial College,Skilled Manual,N
18905,MR.,SAMUEL,ADAMS,10/3/1979,S,M,samuel44@adventure-works.com,"$70,000 ",0,Partial College,Skilled Manual,N
18906,MRS.,ADRIENNE,GUTIERREZ,4/13/1952,S,F,adrienne7@adventure-works.com,"$30,000 ",3,High School,Skilled Manual,Y
18907,MRS.,PRISCILLA,NARA,5/18/1952,M,F,priscilla15@adventure-works.com,"$30,000 ",3,High School,Skilled Manual,Y
18908,MRS.,KRYSTAL,SUN,8/17/1954,S,F,krystal13@adventure-works.com,"$80,000 ",2,Partial College,Skilled Manual,N
18909,MRS.,JODI,CHAVEZ,6/13/1955,S,F,jodi15@adventure-works.com,"$80,000 ",2,Partial College,Skilled Manual,Y
18910,MR.,MARCO,PEREZ,10/28/1975,S,M,marco20@adventure-works.com,"$30,000 ",0,Partial College,Skilled Manual,Y
18911,MR.,ELIJAH,MCDONALD,6/22/1975,S,M,elijah47@adventure-works.com,"$30,000 ",0,High School,Skilled Manual,N
18912,MR.,TYLER,WILLIAMS,10/17/1975,M,M,tyler6@adventure-works.com,"$40,000 ",0,High School,Skilled Manual,Y
18913,MR.,JESSE,STEWART,11/7/1975,M,M,jesse26@adventure-works.com,"$40,000 ",0,High School,Skilled Manual,Y
18914,MS.,FELICIA,RUIZ,7/16/1975,S,F,felicia2@adventure-works.com,"$40,000 ",0,High School,Skilled Manual,N
18915,MS.,SYDNEY,GONZALEZ,1/5/1975,M,F,sydney58@adventure-works.com,"$40,000 ",0,High School,Skilled Manual,Y
18916,MR.,CHRISTIAN,MOORE,2/3/1974,S,M,christian41@adventure-works.com,"$30,000 ",0,High School,Skilled Manual,N
18917,MR.,JONATHAN,NELSON,3/11/1974,M,M,jonathan38@adventure-works.com,"$30,000 ",0,High School,Skilled Manual,N
18918,MS.,JACQUELINE,ROSS,12/26/1973,M,F,jacqueline4@adventure-works.com,"$60,000 ",0,Partial College,Skilled Manual,Y
18919,MR.,EDUARDO,HERNANDEZ,11/17/1973,S,M,eduardo26@adventure-works.com,"$60,000 ",0,Partial College,Skilled Manual,N
18920,MR.,JONATHAN,YOUNG,5/19/1973,S,M,jonathan47@adventure-works.com,"$60,000 ",0,Partial College,Skilled Manual,N
18921,,RACHEL,BAILEY,3/25/1973,S,NA,rachel36@adventure-works.com,"$60,000 ",0,Partial College,Skilled Manual,N
18922,MS.,MADELINE,GONZALEZ,9/5/1973,S,F,madeline8@adventure-works.com,"$70,000 ",0,Partial College,Professional,N
18923,MS.,CASSANDRA,KAPOOR,10/23/1973,M,F,cassandra1@adventure-works.com,"$70,000 ",0,Partial College,Professional,N
18924,MS.,RACHEL,WILLIAMS,11/21/1973,S,F,rachel4@adventure-works.com,"$70,000 ",0,Partial College,Professional,Y
18925,MS.,HALEY,GRIFFIN,5/12/1976,M,F,haley40@adventure-works.com,"$60,000 ",0,Partial College,Professional,N
18926,MR.,ALEXANDRE,LOBAO,3/28/1976,M,M,alexandre1@adventure-works.com,"$60,000 ",0,Partial College,Professional,N
18927,MS.,ARIANNA,COX,2/6/1976,S,F,arianna32@adventure-works.com,"$60,000 ",0,Partial College,Professional,N
18928,MRS.,CARMEN,PRASAD,2/26/1955,M,F,carmen12@adventure-works.com,"$80,000 ",2,High School,Skilled Manual,Y
18929,MR.,DONALD,GARCIA,6/17/1955,S,M,donald16@adventure-works.com,"$80,000 ",2,High School,Skilled Manual,Y
18930,MRS.,KATELYN,RICHARDSON,10/17/1955,S,F,katelyn8@adventure-works.com,"$80,000 ",2,High School,Skilled Manual,N
18931,MRS.,ROSA,SHE,12/14/1956,M,F,rosa23@adventure-works.com,"$70,000 ",2,High School,Skilled Manual,Y
18932,MR.,CARL,CHANDE,8/4/1958,M,M,carl14@adventure-works.com,"$100,000 ",1,Bachelors,Management,Y
18933,MS.,KELLI,HUANG,9/3/1974,S,F,kelli6@adventure-works.com,"$30,000 ",0,Partial High School,Skilled Manual,Y
18934,MR.,JEREMIAH,MOORE,2/22/1974,S,M,jeremiah1@adventure-works.com,"$60,000 ",0,Partial College,Professional,Y
18935,MS.,JASMINE,JENKINS,5/18/1966,M,F,jasmine47@adventure-works.com,"$130,000 ",0,Graduate Degree,Management,Y
18936,MS.,MORGAN,COLLINS,1/11/1966,S,F,morgan2@adventure-works.com,"$160,000 ",0,Graduate Degree,Management,N
18937,MR.,IAN,REED,2/10/1957,S,M,ian87@adventure-works.com,"$70,000 ",2,Partial High School,Skilled Manual,Y
18938,MR.,LUCAS,LOPEZ,6/2/1957,M,M,lucas44@adventure-works.com,"$70,000 ",2,Partial High School,Skilled Manual,Y
18939,MR.,HUNTER,MCDONALD,3/27/1957,S,M,hunter6@adventure-works.com,"$70,000 ",2,Partial High School,Skilled Manual,Y
18940,MR.,SETH,BELL,10/17/1957,M,M,seth85@adventure-works.com,"$70,000 ",2,Partial High School,Skilled Manual,Y
18941,MR.,PHILIP,TORRES,3/8/1957,M,M,philip12@adventure-works.com,"$70,000 ",3,Partial College,Professional,N
18942,MR.,BILLY,ORTEGA,5/22/1957,M,M,billy22@adventure-works.com,"$70,000 ",3,Partial College,Professional,Y
18943,MRS.,KAITLYN,HALL,8/4/1957,S,F,kaitlyn21@adventure-works.com,"$70,000 ",3,Partial College,Professional,Y
18944,MR.,MARCUS,TAYLOR,5/6/1956,S,M,marcus9@adventure-works.com,"$60,000 ",2,High School,Professional,Y
18945,MR.,MARCUS,COX,6/23/1956,M,M,marcus86@adventure-works.com,"$60,000 ",2,High School,Professional,N
18946,MR.,BRANDON,SIMMONS,8/8/1956,M,M,brandon12@adventure-works.com,"$60,000 ",2,High School,Professional,N
18947,MR.,DEVIN,BRYANT,5/7/1956,S,M,devin55@adventure-works.com,"$70,000 ",3,Partial College,Professional,Y
18948,MRS.,SYDNEY,BAILEY,3/16/1956,M,F,sydney9@adventure-works.com,"$70,000 ",3,Partial College,Professional,N
18949,MR.,JACKSON,HALL,7/2/1932,S,M,jackson52@adventure-works.com,"$70,000 ",3,Graduate Degree,Management,Y
18950,MRS.,LAUREN,ALEXANDER,4/24/1965,S,F,lauren65@adventure-works.com,"$90,000 ",4,Partial College,Professional,Y
18951,MR.,DALTON,JONES,12/15/1965,S,M,dalton3@adventure-works.com,"$90,000 ",4,Partial College,Professional,Y
18952,MRS.,CHLOE,HERNANDEZ,10/23/1965,M,F,chloe16@adventure-works.com,"$100,000 ",4,Bachelors,Management,Y
18953,MRS.,MYA,PATTERSON,10/24/1965,S,F,mya12@adventure-works.com,"$110,000 ",2,Bachelors,Management,Y
18954,MR.,DALTON,YOUNG,5/26/1965,S,M,dalton24@adventure-works.com,"$120,000 ",3,Bachelors,Management,N
18955,MR.,JUSTIN,JONES,2/19/1962,S,M,justin34@adventure-works.com,"$40,000 ",3,High School,Skilled Manual,Y
18956,MRS.,SARA,HOWARD,4/17/1962,S,F,sara12@adventure-works.com,"$70,000 ",1,Bachelors,Professional,N
18957,MRS.,MACKENZIE,LOPEZ,4/10/1962,S,F,mackenzie42@adventure-works.com,"$70,000 ",1,Bachelors,Professional,Y
18958,MRS.,NATALIE,SANCHEZ,7/18/1962,S,F,natalie1@adventure-works.com,"$70,000 ",1,Bachelors,Professional,Y
18959,MR.,SETH,MORRIS,2/4/1962,S,M,seth89@adventure-works.com,"$70,000 ",1,Bachelors,Professional,N
18960,MR.,MARCUS,JOHNSON,10/5/1962,S,M,marcus1@adventure-works.com,"$70,000 ",1,Bachelors,Professional,N
18961,MR.,JEREMIAH,HENDERSON,9/5/1962,S,M,jeremiah28@adventure-works.com,"$70,000 ",1,Bachelors,Professional,Y
18962,MR.,SETH,PARKER,12/25/1962,M,M,seth44@adventure-works.com,"$70,000 ",1,Partial College,Skilled Manual,Y
18963,MRS.,AMBER,COLLINS,2/2/1962,M,F,amber2@adventure-works.com,"$70,000 ",1,Partial College,Skilled Manual,Y
18964,MR.,THOMAS,GONZALEZ,3/9/1961,S,M,thomas45@adventure-works.com,"$40,000 ",4,High School,Skilled Manual,Y
18965,MR.,RICHARD,TURNER,10/16/1961,M,M,richard33@adventure-works.com,"$40,000 ",4,High School,Skilled Manual,Y
18966,MRS.,CARLY,RAI,10/18/1942,M,F,carly15@adventure-works.com,"$50,000 ",4,Bachelors,Management,Y
18967,MR.,XAVIER,CLARK,7/25/1942,M,M,xavier17@adventure-works.com,"$60,000 ",3,Graduate Degree,Management,Y
18968,MR.,ISAIAH,LOPEZ,4/15/1942,M,M,isaiah36@adventure-works.com,"$60,000 ",3,Graduate Degree,Management,Y
18969,MRS.,ANNA,COX,7/12/1942,M,F,anna15@adventure-works.com,"$60,000 ",3,Graduate Degree,Management,Y
18970,MR.,JASON,ROBERTS,8/12/1943,M,M,jason34@adventure-works.com,"$60,000 ",3,Graduate Degree,Management,Y
18971,MR.,WYATT,MOORE,2/12/1943,M,M,wyatt8@adventure-works.com,"$70,000 ",5,Bachelors,Management,Y
18972,MR.,BENJAMIN,BUTLER,2/7/1943,M,M,benjamin15@adventure-works.com,"$70,000 ",5,Bachelors,Management,Y
18973,MRS.,KATE,YUAN,6/10/1943,M,F,kate5@adventure-works.com,"$70,000 ",5,Bachelors,Management,Y
18974,MR.,JAMES,RODRIGUEZ,5/26/1943,M,M,james93@adventure-works.com,"$80,000 ",5,Bachelors,Management,Y
18975,MR.,SAMUEL,BRYANT,5/16/1944,M,M,samuel17@adventure-works.com,"$30,000 ",5,Partial High School,Clerical,N
18976,MR.,GARRETT,HOWARD,4/21/1944,S,M,garrett16@adventure-works.com,"$40,000 ",4,High School,Professional,Y
18977,MR.,JACKSON,WANG,8/17/1944,M,M,jackson26@adventure-works.com,"$40,000 ",4,High School,Professional,N
18978,MR.,ISAIAH,MORGAN,8/7/1944,M,M,isaiah12@adventure-works.com,"$40,000 ",4,High School,Professional,N
18979,MR.,NOAH,TAYLOR,3/21/1944,M,M,noah49@adventure-works.com,"$40,000 ",4,High School,Professional,N
18980,MRS.,SOPHIA,HERNANDEZ,10/17/1944,M,F,sophia16@adventure-works.com,"$40,000 ",4,High School,Professional,N
18981,MRS.,SAVANNAH,WATSON,4/27/1944,M,F,savannah7@adventure-works.com,"$70,000 ",4,Bachelors,Management,Y
18982,MR.,KYLE,BAKER,4/7/1945,S,M,kyle46@adventure-works.com,"$40,000 ",4,High School,Professional,Y
18983,MRS.,DESTINY,PRICE,10/20/1945,M,F,destiny48@adventure-works.com,"$40,000 ",5,High School,Professional,N
18984,MRS.,SHELBY,RIVERA,8/15/1945,S,F,shelby17@adventure-works.com,"$70,000 ",4,Bachelors,Management,Y
18985,MRS.,PAIGE,BAILEY,1/21/1945,M,F,paige40@adventure-works.com,"$70,000 ",4,Bachelors,Management,Y
18986,MR.,ROBERT,ROBERTS,7/12/1945,S,M,robert47@adventure-works.com,"$70,000 ",4,Bachelors,Management,Y
18987,MR.,HUNTER,ADAMS,2/13/1945,M,M,hunter40@adventure-works.com,"$70,000 ",5,Bachelors,Management,Y
18988,MRS.,COURTNEY,BAKER,1/5/1945,S,F,courtney13@adventure-works.com,"$70,000 ",5,Bachelors,Management,N
18989,MRS.,CINDY,SURI,10/20/1945,M,F,cindy1@adventure-works.com,"$70,000 ",5,Bachelors,Management,Y
18990,MRS.,AMANDA,HENDERSON,2/22/1946,M,F,amanda26@adventure-works.com,"$70,000 ",5,Bachelors,Management,Y
18991,MR.,EVAN,COOK,5/2/1946,M,M,evan22@adventure-works.com,"$70,000 ",5,Bachelors,Management,Y
18992,MR.,DAVID,PERRY,10/19/1946,M,M,david40@adventure-works.com,"$60,000 ",4,Bachelors,Management,Y
18993,MR.,KEVIN,ROSS,11/14/1946,M,M,kevin8@adventure-works.com,"$60,000 ",4,Bachelors,Management,Y
18994,MR.,JACKSON,ALLEN,11/21/1947,M,M,jackson46@adventure-works.com,"$70,000 ",2,Partial College,Professional,Y
18995,MRS.,MELISSA,GRAY,5/2/1947,S,F,melissa28@adventure-works.com,"$70,000 ",2,Partial College,Professional,Y
18996,MRS.,KATHERINE,TURNER,11/13/1947,M,F,katherine53@adventure-works.com,"$70,000 ",2,Partial College,Professional,Y
18997,MR.,ERIC,KING,3/9/1947,M,M,eric59@adventure-works.com,"$70,000 ",2,Partial College,Professional,Y
18998,MR.,AIDAN,BENNETT,11/7/1947,M,M,aidan1@adventure-works.com,"$60,000 ",5,Bachelors,Management,Y
18999,MRS.,MACKENZIE,WATSON,4/24/1947,M,F,mackenzie7@adventure-works.com,"$60,000 ",5,Bachelors,Management,N
19000,MRS.,MAKAYLA,BLUE,11/12/1948,M,F,makayla12@adventure-works.com,"$40,000 ",2,High School,Professional,Y
19001,MR.,FERNANDO,BROWN,2/24/1948,M,M,fernando4@adventure-works.com,"$40,000 ",2,High School,Professional,N
19002,MRS.,ALEXIS,THOMPSON,10/8/1948,M,F,alexis13@adventure-works.com,"$60,000 ",2,Partial College,Professional,Y
19003,MR.,JARED,STEWART,12/9/1948,M,M,jared24@adventure-works.com,"$60,000 ",2,Bachelors,Management,N
19004,MR.,IAN,ROGERS,9/3/1948,M,M,ian86@adventure-works.com,"$60,000 ",2,Bachelors,Management,Y
19005,MRS.,LAUREN,PETERSON,3/27/1949,S,F,lauren15@adventure-works.com,"$60,000 ",2,Partial College,Professional,Y
19006,MRS.,LESLIE,MARTIN,4/20/1950,M,F,leslie0@adventure-works.com,"$60,000 ",2,Partial College,Professional,Y
19007,MRS.,MACKENZIE,SANCHEZ,9/12/1950,M,F,mackenzie26@adventure-works.com,"$60,000 ",2,Partial College,Professional,Y
19008,MRS.,HAILEY,MURPHY,5/11/1950,S,F,hailey6@adventure-works.com,"$60,000 ",2,High School,Professional,N
19009,MRS.,ARIANNA,WATSON,10/24/1950,M,F,arianna21@adventure-works.com,"$60,000 ",2,Partial College,Professional,Y
19010,MRS.,NAOMI,ORTEGA,6/8/1950,M,F,naomi21@adventure-works.com,"$60,000 ",2,Partial College,Professional,Y
19011,MRS.,MARIA,COOK,8/9/1950,M,F,maria5@adventure-works.com,"$70,000 ",4,Partial College,Professional,Y
19012,MR.,OSCAR,BRYANT,4/13/1950,M,M,oscar4@adventure-works.com,"$80,000 ",3,Bachelors,Management,Y
19013,MRS.,AMANDA,PHILLIPS,11/8/1950,S,F,amanda49@adventure-works.com,"$80,000 ",3,Bachelors,Management,Y
19014,MR.,JONATHAN,HERNANDEZ,7/6/1951,M,M,jonathan48@adventure-works.com,"$60,000 ",2,High School,Professional,Y
19015,MR.,THOMAS,GRIFFIN,2/11/1951,M,M,thomas23@adventure-works.com,"$60,000 ",2,High School,Professional,Y
19016,MRS.,SIERRA,WRIGHT,10/27/1951,M,F,sierra17@adventure-works.com,"$60,000 ",2,Partial College,Professional,Y
19017,MRS.,ZOE,BROOKS,9/11/1951,M,F,zoe1@adventure-works.com,"$60,000 ",2,Partial College,Professional,Y
19018,MRS.,NICOLE,GRAY,11/11/1951,M,F,nicole41@adventure-works.com,"$60,000 ",2,Partial College,Professional,Y
19019,MR.,JACKSON,GONZALES,9/9/1951,M,M,jackson19@adventure-works.com,"$70,000 ",4,Partial College,Professional,Y
19020,MR.,JACK,FLORES,3/15/1952,S,M,jack12@adventure-works.com,"$70,000 ",2,Partial High School,Skilled Manual,Y
19021,MRS.,MELISSA,RUSSELL,11/21/1952,S,F,melissa15@adventure-works.com,"$70,000 ",2,Partial High School,Skilled Manual,N
19022,MRS.,SAMANTHA,WOOD,10/16/1952,M,F,samantha27@adventure-works.com,"$70,000 ",2,Partial High School,Skilled Manual,Y
19023,MRS.,ARIANNA,POWELL,9/22/1952,M,F,arianna8@adventure-works.com,"$70,000 ",2,Partial High School,Skilled Manual,Y
19024,MR.,DALTON,RUSSELL,8/6/1952,S,M,dalton66@adventure-works.com,"$70,000 ",2,Partial High School,Skilled Manual,Y
19025,MR.,AARON,ROBERTS,11/5/1952,S,M,aaron37@adventure-works.com,"$60,000 ",2,Partial College,Professional,Y
19026,MR.,LOGAN,HAYES,11/6/1952,S,M,logan23@adventure-works.com,"$60,000 ",2,High School,Professional,Y
19027,MRS.,MAYRA,MADAN,8/21/1957,S,F,mayra7@adventure-works.com,"$100,000 ",2,Partial College,Professional,Y
19028,MR.,CEDRIC,WANG,5/26/1957,M,M,cedric1@adventure-works.com,"$110,000 ",2,Partial College,Professional,Y
19029,MRS.,ALICIA,ANDERSEN,8/13/1957,M,F,alicia11@adventure-works.com,"$120,000 ",2,High School,Professional,Y
19030,MR.,MARCO,ARUN,2/18/1957,M,M,marco7@adventure-works.com,"$130,000 ",2,Partial College,Professional,N
19032,MRS.,KATRINA,ANDERSEN,4/15/1957,S,F,katrina11@adventure-works.com,"$150,000 ",2,High School,Professional,N
19033,MR.,OMAR,LIN,9/1/1956,S,M,omar7@adventure-works.com,"$110,000 ",2,Partial College,Professional,Y
19034,MRS.,TABITHA,DIAZ,10/24/1956,S,F,tabitha22@adventure-works.com,"$120,000 ",3,High School,Professional,Y
19035,MR.,STANLEY,SCHMIDT,9/24/1956,M,M,stanley11@adventure-works.com,"$120,000 ",3,High School,Professional,Y
19036,MR.,ALLEN,RANA,4/26/1955,M,M,allen9@adventure-works.com,"$130,000 ",3,Partial College,Professional,Y
19037,MR.,MARSHALL,CHEN,8/14/1955,M,M,marshall1@adventure-works.com,"$160,000 ",3,High School,Professional,Y
19038,MR.,JOE,PATEL,8/16/1954,S,M,joe7@adventure-works.com,"$80,000 ",3,Partial College,Professional,Y
19039,MR.,MELVIN,PAL,2/12/1944,M,M,melvin10@adventure-works.com,"$80,000 ",5,Bachelors,Management,N
19040,MR.,EUGENE,SUN,9/4/1944,M,M,eugene17@adventure-works.com,"$110,000 ",3,Bachelors,Management,Y
19041,MRS.,AUTUMN,ZHENG,6/2/1945,S,F,autumn19@adventure-works.com,"$70,000 ",5,High School,Professional,Y
19042,MR.,RONNIE,CAI,5/12/1945,M,M,ronnie18@adventure-works.com,"$80,000 ",5,Partial College,Professional,N
19043,MRS.,JESSICA,JONES,6/10/1945,M,F,jessica50@adventure-works.com,"$100,000 ",2,Graduate Degree,Management,N
19044,MR.,CESAR,RANA,4/1/1945,M,M,cesar10@adventure-works.com,"$130,000 ",4,Bachelors,Management,Y
19045,MR.,ROSS,RODRIGUEZ,8/3/1946,S,M,ross18@adventure-works.com,"$90,000 ",5,Partial College,Professional,Y
19046,MRS.,SHAWNA,RAJE,2/11/1946,M,F,shawna15@adventure-works.com,"$110,000 ",3,Bachelors,Management,Y
19047,MRS.,SYDNEY,WALKER,3/10/1946,M,F,sydney85@adventure-works.com,"$130,000 ",4,Partial College,Professional,Y
19048,MR.,BRYANT,RAMAN,10/17/1946,M,M,bryant11@adventure-works.com,"$130,000 ",4,Partial College,Professional,N
19049,MR.,CRAIG,GUTIERREZ,10/13/1946,M,M,craig12@adventure-works.com,"$170,000 ",4,Bachelors,Management,Y
19050,MR.,JOEL,CHAPMAN,10/25/1953,M,M,joel1@adventure-works.com,"$90,000 ",3,Partial College,Professional,N
19051,MRS.,TAYLOR,HENDERSON,5/20/1954,S,F,taylor30@adventure-works.com,"$90,000 ",4,High School,Professional,Y
19052,MRS.,KRISTI,KAPOOR,6/15/1954,M,F,kristi17@adventure-works.com,"$90,000 ",4,High School,Professional,Y
19053,MR.,GERALD,JORDAN,8/21/1954,S,M,gerald30@adventure-works.com,"$130,000 ",3,Partial College,Professional,N
19054,MR.,ARTHUR,ALONSO,6/21/1954,S,M,arthur32@adventure-works.com,"$150,000 ",3,High School,Professional,N
19055,MR.,GARRETT,BAILEY,4/15/1954,M,M,garrett20@adventure-works.com,"$160,000 ",3,High School,Professional,Y
19056,MRS.,CARLA,VAN,7/4/1953,M,F,carla7@adventure-works.com,"$100,000 ",3,Bachelors,Management,Y
19057,MRS.,JOANNA,RAMOS,9/16/1953,M,F,joanna16@adventure-works.com,"$120,000 ",3,Bachelors,Management,N
19058,MR.,SHAWN,GOEL,6/5/1953,M,M,shawn21@adventure-works.com,"$130,000 ",4,Partial College,Professional,Y
19059,MR.,GEORGE,RODRIGUEZ,2/25/1953,M,M,george26@adventure-works.com,"$130,000 ",5,Partial College,Professional,Y
19060,MRS.,STEPHANIE,STONE,5/18/1953,M,F,stephanie3@adventure-works.com,"$160,000 ",3,Bachelors,Management,Y
19061,MRS.,HEATHER,GAO,3/10/1952,S,F,heather14@adventure-works.com,"$80,000 ",4,Partial College,Professional,Y
19062,MRS.,ERICA,ZHOU,9/25/1952,M,F,erica8@adventure-works.com,"$80,000 ",4,Partial College,Professional,Y
19063,MRS.,GABRIELLE,KELLY,11/23/1952,M,F,gabrielle20@adventure-works.com,"$80,000 ",4,High School,Professional,Y
19064,MRS.,VERONICA,MADAN,12/16/1952,M,F,veronica8@adventure-works.com,"$90,000 ",4,High School,Professional,Y
19065,MRS.,MICHELE,ARUN,4/24/1952,M,F,michele62@adventure-works.com,"$110,000 ",4,Partial College,Professional,N
19066,MR.,DYLAN,SHARMA,1/23/1952,M,M,dylan29@adventure-works.com,"$130,000 ",4,Partial College,Professional,N
19067,MRS.,MISTY,LUO,2/8/1951,M,F,misty7@adventure-works.com,"$90,000 ",4,High School,Professional,Y
19068,MRS.,ALMA,SON,4/10/1951,M,F,alma1@adventure-works.com,"$120,000 ",4,Partial College,Professional,N
19069,MR.,THOMAS,HALL,7/12/1950,M,M,thomas84@adventure-works.com,"$90,000 ",4,High School,Management,Y
19070,MR.,KRISTOPHER,GARCIA,9/27/1950,M,M,kristopher13@adventure-works.com,"$130,000 ",4,High School,Management,Y
19071,MR.,JOE,JIMENEZ,4/15/1950,M,M,joe29@adventure-works.com,"$130,000 ",4,High School,Management,N
19072,MRS.,TAMARA,LU,2/3/1949,M,F,tamara1@adventure-works.com,"$150,000 ",4,Partial College,Management,Y
19073,MR.,LOLAN,SONG,9/7/1949,M,M,lolan1@adventure-works.com,"$170,000 ",0,High School,Management,N
19074,MRS.,COLLEEN,SHEN,5/11/1948,M,F,colleen26@adventure-works.com,"$70,000 ",5,Partial High School,Skilled Manual,Y
19075,MR.,BRENT,WU,3/24/1948,M,M,brent6@adventure-works.com,"$80,000 ",5,High School,Management,Y
19076,MRS.,JACLYN,PAL,6/2/1948,M,F,jaclyn36@adventure-works.com,"$90,000 ",4,High School,Management,Y
19077,MR.,PEDRO,PRASAD,9/10/1948,M,M,pedro9@adventure-works.com,"$110,000 ",4,High School,Management,Y
19078,MRS.,MISTY,SHE,2/3/1947,S,F,misty1@adventure-works.com,"$80,000 ",5,Partial High School,Skilled Manual,Y
19079,MR.,BRETT,LOPEZ,8/18/1947,M,M,brett16@adventure-works.com,"$80,000 ",5,Partial High School,Skilled Manual,Y
19080,MR.,ROSS,VANCE,9/17/1947,S,M,ross3@adventure-works.com,"$90,000 ",5,Partial High School,Skilled Manual,Y
19081,MRS.,LESLIE,RUBIO,8/7/1947,M,F,leslie21@adventure-works.com,"$100,000 ",4,Partial High School,Professional,N
19082,MR.,ALVIN,ZHANG,8/12/1947,M,M,alvin1@adventure-works.com,"$120,000 ",5,Partial High School,Professional,Y
19083,MR.,STEVEN,RIVERA,2/10/1975,S,M,steven26@adventure-works.com,"$70,000 ",0,Bachelors,Professional,N
19084,MS.,COLLEEN,RAJE,8/13/1976,S,F,colleen37@adventure-works.com,"$70,000 ",0,Bachelors,Professional,N
19085,MS.,SHAWNA,KUMAR,10/23/1976,M,F,shawna8@adventure-works.com,"$70,000 ",0,Bachelors,Professional,Y
19087,MS.,ERICA,GAO,8/19/1975,M,F,erica15@adventure-works.com,"$80,000 ",0,Bachelors,Professional,Y
19088,MR.,RAFAEL,KUMAR,11/2/1974,S,M,rafael31@adventure-works.com,"$70,000 ",0,Bachelors,Professional,Y
19089,MS.,REGINA,ARTHUR,10/12/1975,S,F,regina6@adventure-works.com,"$90,000 ",0,Bachelors,Professional,N
19090,MR.,MARSHALL,CHANDER,3/16/1974,S,M,marshall36@adventure-works.com,"$80,000 ",0,Bachelors,Professional,N
19091,MR.,WARREN,YUAN,2/9/1973,S,M,warren15@adventure-works.com,"$80,000 ",0,Bachelors,Professional,N
19092,MR.,ERIC,GONZALEZ,3/7/1974,S,M,eric51@adventure-works.com,"$80,000 ",0,Bachelors,Professional,N
19093,MS.,TARA,ASHE,12/20/1974,S,F,tara23@adventure-works.com,"$100,000 ",0,High School,Management,Y
19094,MR.,TODD,YANG,6/23/1973,S,M,todd6@adventure-works.com,"$90,000 ",0,Bachelors,Professional,N
19095,MS.,MEREDITH,MARTINEZ,11/7/1973,S,F,meredith17@adventure-works.com,"$100,000 ",0,High School,Management,Y
19096,MR.,DOUGLAS,SURI,10/23/1972,S,M,douglas4@adventure-works.com,"$100,000 ",0,High School,Management,Y
19097,MS.,MINDY,PAL,7/15/1971,S,F,mindy17@adventure-works.com,"$80,000 ",0,Bachelors,Professional,Y
19098,MR.,XAVIER,EVANS,8/22/1972,M,M,xavier40@adventure-works.com,"$110,000 ",0,Partial College,Management,Y
19099,MS.,SHEENA,DENG,11/9/1972,M,F,sheena1@adventure-works.com,"$120,000 ",0,Partial High School,Professional,Y
19100,MR.,BRADLEY,RAI,6/1/1971,M,M,bradley20@adventure-works.com,"$100,000 ",0,High School,Management,Y
19101,MS.,SUSAN,CAI,12/7/1970,S,F,susan32@adventure-works.com,"$90,000 ",0,Bachelors,Professional,N
19102,MS.,CLAUDIA,YE,3/10/1970,S,F,claudia8@adventure-works.com,"$100,000 ",0,High School,Management,Y
19103,MR.,JOHNATHAN,RAMAN,7/26/1970,M,M,johnathan14@adventure-works.com,"$150,000 ",0,Partial High School,Professional,N
19104,MS.,MARIAH,JAMES,2/28/1971,M,F,mariah32@adventure-works.com,"$100,000 ",0,Partial High School,Professional,Y
19105,MS.,STACY,DOMINGUEZ,4/3/1971,S,F,stacy13@adventure-works.com,"$150,000 ",0,Bachelors,Management,Y
19106,MR.,TERRANCE,SAI,2/3/1971,M,M,terrance4@adventure-works.com,"$160,000 ",4,Partial High School,Management,N
19107,MR.,FRANKLIN,LIU,11/3/1964,M,M,franklin4@adventure-works.com,"$80,000 ",4,Partial College,Professional,Y
19108,MRS.,HALEY,STEWART,4/7/1972,S,F,haley0@adventure-works.com,"$60,000 ",1,Graduate Degree,Skilled Manual,Y
19109,MRS.,JADE,BROOKS,7/3/1972,M,F,jade0@adventure-works.com,"$60,000 ",1,Graduate Degree,Professional,Y
19110,MR.,JESSE,KELLY,8/4/1972,M,M,jesse2@adventure-works.com,"$70,000 ",1,Graduate Degree,Professional,Y
19111,MRS.,MARIAH,KELLY,3/3/1972,M,F,mariah2@adventure-works.com,"$70,000 ",2,Graduate Degree,Professional,Y
19112,MRS.,VICTORIA,HUGHES,10/13/1970,M,F,victoria59@adventure-works.com,"$50,000 ",1,Bachelors,Skilled Manual,Y
19113,MR.,AARON,PATTERSON,10/11/1970,M,M,aaron9@adventure-works.com,"$50,000 ",1,Bachelors,Skilled Manual,Y
19114,MRS.,NATALIE,RICHARDSON,4/13/1970,M,F,natalie12@adventure-works.com,"$50,000 ",1,Bachelors,Skilled Manual,Y
19115,MRS.,BAILEY,SANCHEZ,10/5/1969,M,F,bailey24@adventure-works.com,"$50,000 ",1,Bachelors,Skilled Manual,Y
19116,MR.,LOGAN,ALEXANDER,4/14/1969,S,M,logan20@adventure-works.com,"$60,000 ",1,Graduate Degree,Professional,Y
19117,MRS.,KAITLYN,COLEMAN,11/26/1969,S,F,kaitlyn73@adventure-works.com,"$60,000 ",1,Graduate Degree,Professional,Y
19118,MR.,IAN,THOMAS,8/3/1971,M,M,ian11@adventure-works.com,"$60,000 ",1,Graduate Degree,Professional,Y
19119,MR.,CONNOR,SIMMONS,2/15/1971,M,M,connor10@adventure-works.com,"$60,000 ",1,Graduate Degree,Professional,Y
19120,MR.,CALEB,SHARMA,10/2/1971,M,M,caleb26@adventure-works.com,"$60,000 ",1,Graduate Degree,Professional,Y
19121,MRS.,KAITLYN,BLUE,11/12/1971,M,F,kaitlyn52@adventure-works.com,"$70,000 ",3,Graduate Degree,Professional,Y
19122,MRS.,ABIGAIL,HUGHES,10/19/1971,S,F,abigail66@adventure-works.com,"$70,000 ",3,Graduate Degree,Professional,Y
19123,MRS.,EMMA,WASHINGTON,5/5/1969,M,F,emma59@adventure-works.com,"$60,000 ",1,Graduate Degree,Professional,Y
19125,MR.,CAMERON,RUSSELL,7/22/1967,S,M,cameron15@adventure-works.com,"$40,000 ",0,Bachelors,Professional,N
19126,MR.,KRISTOPHER,KAPOOR,5/23/1970,M,M,kristopher1@adventure-works.com,"$60,000 ",2,Graduate Degree,Professional,Y
19127,MRS.,ALEXA,SANCHEZ,9/22/1970,S,F,alexa22@adventure-works.com,"$70,000 ",4,Graduate Degree,Professional,Y
19128,MRS.,MADISON,JACKSON,3/13/1970,M,F,madison12@adventure-works.com,"$70,000 ",4,Graduate Degree,Professional,Y
19129,MR.,CARSON,SIMMONS,10/24/1970,M,M,carson14@adventure-works.com,"$70,000 ",4,Graduate Degree,Professional,Y
19130,MRS.,MADELINE,BAKER,8/20/1970,M,F,madeline15@adventure-works.com,"$80,000 ",2,Graduate Degree,Professional,Y
19131,MR.,MASON,BLUE,10/26/1967,S,M,mason13@adventure-works.com,"$40,000 ",0,Bachelors,Professional,N
19132,MR.,BENJAMIN,WASHINGTON,5/16/1967,S,M,benjamin14@adventure-works.com,"$50,000 ",2,Bachelors,Skilled Manual,N
19133,MR.,LOGAN,MARTINEZ,9/14/1967,S,M,logan69@adventure-works.com,"$50,000 ",2,Bachelors,Skilled Manual,Y
19134,MRS.,SIERRA,ALLEN,5/16/1967,S,F,sierra18@adventure-works.com,"$50,000 ",2,Bachelors,Skilled Manual,N
19135,MR.,LOGAN,BROWN,2/7/1966,M,M,logan53@adventure-works.com,"$60,000 ",0,Graduate Degree,Professional,Y
19136,MR.,RICHARD,COOK,4/2/1966,M,M,richard94@adventure-works.com,"$60,000 ",0,Graduate Degree,Professional,Y
19137,MR.,ERIC,RUSSELL,3/15/1966,S,M,eric27@adventure-works.com,"$60,000 ",0,Graduate Degree,Professional,Y
19139,MR.,OSCAR,SIMMONS,9/14/1966,M,M,oscar23@adventure-works.com,"$60,000 ",0,Graduate Degree,Professional,Y
19140,MS.,MELANIE,ROGERS,9/20/1966,S,F,melanie44@adventure-works.com,"$70,000 ",0,Graduate Degree,Professional,Y
19141,MR.,SAMUEL,MARTINEZ,3/2/1966,S,M,samuel56@adventure-works.com,"$70,000 ",4,Graduate Degree,Professional,Y
19142,MR.,DALTON,WASHINGTON,11/9/1966,M,M,dalton59@adventure-works.com,"$70,000 ",4,Graduate Degree,Professional,Y
19143,MRS.,LAUREN,LONG,7/10/1965,S,F,lauren57@adventure-works.com,"$80,000 ",3,Bachelors,Skilled Manual,Y
19144,MR.,EDWIN,HE,12/26/1965,S,M,edwin19@adventure-works.com,"$80,000 ",3,Bachelors,Skilled Manual,Y
19145,MRS.,ADRIANA,MALHOTRA,4/24/1965,M,F,adriana5@adventure-works.com,"$80,000 ",3,Bachelors,Skilled Manual,Y
19146,MS.,MARIAH,MORGAN,7/18/1965,S,F,mariah38@adventure-works.com,"$60,000 ",0,Graduate Degree,Professional,N
19147,MR.,EDWARD,THOMAS,3/12/1964,M,M,edward33@adventure-works.com,"$40,000 ",0,Bachelors,Professional,N
19148,MR.,CODY,RAMIREZ,9/8/1964,S,M,cody7@adventure-works.com,"$40,000 ",0,Bachelors,Professional,N
19149,MR.,SEAN,PARKER,3/20/1964,S,M,sean30@adventure-works.com,"$40,000 ",0,Bachelors,Professional,N
19150,MRS.,MARIA,BAILEY,2/21/1964,M,F,maria9@adventure-works.com,"$60,000 ",4,Bachelors,Skilled Manual,Y
19151,MR.,IAN,COOPER,8/17/1964,S,M,ian75@adventure-works.com,"$60,000 ",4,Bachelors,Skilled Manual,Y
19152,,JONATHAN,WALKER,2/2/1964,M,NA,jonathan77@adventure-works.com,"$60,000 ",4,Bachelors,Skilled Manual,Y
19153,MR.,DYLAN,GRIFFIN,3/25/1964,M,M,dylan20@adventure-works.com,"$60,000 ",4,Bachelors,Skilled Manual,Y
19154,MRS.,WILLIAM,SOTELO,1/13/1964,M,F,william5@adventure-works.com,"$60,000 ",4,Bachelors,Skilled Manual,Y
19155,MRS.,CAROLINE,FLORES,10/25/1964,M,F,caroline13@adventure-works.com,"$60,000 ",5,Bachelors,Skilled Manual,Y
19156,MRS.,JULIA,JENKINS,1/4/1964,S,F,julia73@adventure-works.com,"$60,000 ",4,Bachelors,Skilled Manual,N
19157,MR.,EDUARDO,THOMPSON,12/26/1964,S,M,eduardo14@adventure-works.com,"$60,000 ",4,Bachelors,Skilled Manual,N
19158,MRS.,DESTINY,GRIFFIN,3/18/1964,S,F,destiny67@adventure-works.com,"$60,000 ",4,Bachelors,Skilled Manual,N
19159,MR.,RICHARD,GONZALEZ,5/15/1964,M,M,richard28@adventure-works.com,"$60,000 ",4,Bachelors,Skilled Manual,Y
19160,MS.,SARA,PEREZ,3/25/1963,S,F,sara38@adventure-works.com,"$40,000 ",0,Bachelors,Professional,N
19161,MR.,JEREMIAH,HUGHES,10/6/1963,S,M,jeremiah31@adventure-works.com,"$70,000 ",4,Bachelors,Skilled Manual,N
19162,MR.,PETER,RAJI,11/13/1963,M,M,peter26@adventure-works.com,"$70,000 ",4,Bachelors,Professional,Y
19163,MRS.,RILEY,BAILEY,4/24/1963,M,F,riley35@adventure-works.com,"$70,000 ",4,Bachelors,Professional,Y
19164,MS.,DANIELLE,MORGAN,6/24/1968,S,F,danielle25@adventure-works.com,"$70,000 ",0,Bachelors,Professional,N
19165,MS.,MIRANDA,RUSSELL,9/2/1968,S,F,miranda20@adventure-works.com,"$70,000 ",0,Bachelors,Professional,N
19166,MS.,OLIVIA,JENKINS,12/15/1968,S,F,olivia52@adventure-works.com,"$70,000 ",0,Bachelors,Professional,N
19167,MRS.,CAITLIN,MORGAN,12/9/1968,S,F,caitlin19@adventure-works.com,"$60,000 ",2,Graduate Degree,Professional,N
19168,MR.,NATHAN,KUMAR,10/19/1963,S,M,nathan25@adventure-works.com,"$70,000 ",0,Bachelors,Professional,N
19169,MRS.,ARIANNA,BRYANT,11/2/1963,S,F,arianna16@adventure-works.com,"$60,000 ",3,Graduate Degree,Professional,N
19170,MR.,LUIS,CAMPBELL,11/11/1963,S,M,luis39@adventure-works.com,"$60,000 ",3,Graduate Degree,Professional,N
19171,MRS.,MELANIE,TORRES,8/28/1963,M,F,melanie29@adventure-works.com,"$60,000 ",3,Graduate Degree,Professional,Y
19172,MR.,CALVIN,LUO,4/19/1974,M,M,calvin6@adventure-works.com,"$40,000 ",1,Bachelors,Skilled Manual,Y
19173,MRS.,KELLI,LAL,3/19/1974,M,F,kelli31@adventure-works.com,"$40,000 ",1,Bachelors,Skilled Manual,Y
19174,MS.,KATELYN,HOWARD,12/3/1973,S,F,katelyn10@adventure-works.com,"$30,000 ",0,High School,Manual,N
19175,MR.,WAYNE,SHARMA,2/20/1972,S,M,wayne11@adventure-works.com,"$10,000 ",0,Partial High School,Manual,N
19176,,EBONY,VAZQUEZ,6/2/1972,S,NA,ebony36@adventure-works.com,"$20,000 ",0,Partial High School,Manual,Y
19177,MRS.,DONNA,CHANDER,7/25/1973,M,F,donna14@adventure-works.com,"$40,000 ",1,Bachelors,Skilled Manual,Y
19178,MS.,SARAH,MILLER,8/25/1972,S,F,sarah8@adventure-works.com,"$20,000 ",0,Partial High School,Manual,N
19179,,GLORIA,SANZ,5/23/1972,S,NA,gloria20@adventure-works.com,"$20,000 ",0,Partial High School,Manual,N
19180,MS.,JOAN,NAVARRO,3/10/1972,S,F,joan16@adventure-works.com,"$20,000 ",0,Partial High School,Manual,N
19181,MR.,CHAD,PAL,10/25/1972,S,M,chad14@adventure-works.com,"$30,000 ",0,High School,Manual,N
19182,MR.,LANCE,DOMINGUEZ,5/22/1972,S,M,lance12@adventure-works.com,"$30,000 ",0,High School,Manual,N
19183,MR.,EDWIN,RAJE,2/8/1971,S,M,edwin36@adventure-works.com,"$10,000 ",0,Partial High School,Manual,Y
19184,MS.,EMILY,HAYES,10/9/1971,S,F,emily48@adventure-works.com,"$10,000 ",0,Partial High School,Manual,N
19185,MS.,JACQUELINE,BRADLEY,11/23/1971,S,F,jacqueline3@adventure-works.com,"$10,000 ",0,Partial High School,Manual,N
19187,MR.,KARL,PAL,5/14/1971,S,M,karl13@adventure-works.com,"$20,000 ",0,Partial High School,Manual,Y
19188,MR.,DALTON,ANDERSON,6/7/1971,S,M,dalton9@adventure-works.com,"$30,000 ",0,High School,Manual,N
19189,MS.,MORGAN,PRICE,3/12/1971,S,F,morgan70@adventure-works.com,"$30,000 ",0,High School,Manual,Y
19190,MR.,CARL,SHEN,5/28/1971,S,M,carl2@adventure-works.com,"$30,000 ",0,High School,Manual,Y
19191,MR.,KEITH,CHANDE,7/23/1971,S,M,keith18@adventure-works.com,"$30,000 ",0,High School,Manual,N
19192,MRS.,ERIKA,RUIZ,3/12/1970,S,F,erika1@adventure-works.com,"$40,000 ",2,Partial College,Clerical,Y
19193,MR.,OMAR,LAL,11/22/1970,S,M,omar28@adventure-works.com,"$40,000 ",2,Partial College,Clerical,Y
19194,MR.,CESAR,GARCIA,4/1/1970,S,M,cesar14@adventure-works.com,"$40,000 ",2,Partial College,Clerical,Y
19195,MR.,DARREN,ROMERO,5/26/1970,S,M,darren31@adventure-works.com,"$40,000 ",2,Partial College,Clerical,Y
19196,MRS.,APRIL,SHE,9/4/1970,S,F,april0@adventure-works.com,"$40,000 ",2,Partial College,Clerical,Y
19197,MRS.,BRIANA,SANDOVAL,11/17/1970,S,F,briana17@adventure-works.com,"$40,000 ",2,Partial College,Clerical,Y
19198,MRS.,MELISSA,BROOKS,5/9/1975,S,F,melissa24@adventure-works.com,"$40,000 ",3,Partial College,Clerical,Y
19199,MR.,DAVID,WILLIAMS,4/9/1975,S,M,david75@adventure-works.com,"$40,000 ",3,Partial College,Clerical,Y
19200,MR.,LUKE,HENDERSON,3/25/1966,M,M,luke23@adventure-works.com,"$60,000 ",0,Graduate Degree,Skilled Manual,Y
19201,MR.,CHARLES,BROOKS,10/27/1966,M,M,charles48@adventure-works.com,"$60,000 ",0,Graduate Degree,Skilled Manual,Y
19202,MS.,BRIANNA,LEE,7/11/1966,M,F,brianna21@adventure-works.com,"$60,000 ",0,Graduate Degree,Skilled Manual,Y
19203,MR.,DARREN,NAVARRO,6/13/1953,S,M,darren32@adventure-works.com,"$20,000 ",2,High School,Manual,Y
19204,MRS.,SYDNEY,EVANS,6/19/1953,S,F,sydney44@adventure-works.com,"$20,000 ",2,High School,Manual,Y
19205,MR.,JAMES,PERRY,9/16/1953,M,M,james23@adventure-works.com,"$20,000 ",2,High School,Manual,N
19206,MRS.,DESTINY,COOPER,2/12/1953,M,F,destiny34@adventure-works.com,"$20,000 ",2,High School,Manual,N
19207,MR.,JEREMIAH,TURNER,10/9/1954,M,M,jeremiah21@adventure-works.com,"$20,000 ",2,Partial High School,Manual,N
19208,MRS.,ANGELICA,DIAZ,4/4/1954,M,F,angelica21@adventure-works.com,"$30,000 ",1,High School,Clerical,Y
19209,MRS.,ALEXANDRA,NELSON,7/4/1954,M,F,alexandra51@adventure-works.com,"$30,000 ",1,High School,Clerical,Y
19210,MRS.,ALEXIS,PRICE,8/6/1954,M,F,alexis22@adventure-works.com,"$30,000 ",1,High School,Clerical,Y
19211,MRS.,ANNA,LEE,8/24/1954,M,F,anna60@adventure-works.com,"$40,000 ",1,Partial College,Clerical,Y
19212,MRS.,BRIANNA,CLARK,3/11/1955,M,F,brianna18@adventure-works.com,"$40,000 ",1,Partial College,Clerical,Y
19213,MRS.,AMANDA,SIMMONS,1/8/1955,M,F,amanda36@adventure-works.com,"$40,000 ",1,Partial College,Clerical,Y
19214,MRS.,CASSIDY,POWELL,2/16/1956,S,F,cassidy9@adventure-works.com,"$30,000 ",2,High School,Skilled Manual,Y
19215,MR.,EDWARD,HALL,10/3/1956,S,M,edward46@adventure-works.com,"$30,000 ",2,High School,Skilled Manual,Y
19216,MR.,GABRIEL,LOPEZ,9/1/1956,S,M,gabriel51@adventure-works.com,"$30,000 ",2,High School,Skilled Manual,Y
19217,MR.,JOSE,NELSON,9/16/1956,M,M,jose45@adventure-works.com,"$30,000 ",2,High School,Skilled Manual,Y
19218,MR.,NATHANIEL,BROOKS,10/10/1956,M,M,nathaniel2@adventure-works.com,"$40,000 ",1,Partial College,Clerical,Y
19219,MRS.,MARY,PETERSON,12/6/1956,M,F,mary13@adventure-works.com,"$40,000 ",1,Partial College,Clerical,Y
19220,MRS.,MARIAH,SANCHEZ,1/7/1957,M,F,mariah44@adventure-works.com,"$30,000 ",2,High School,Skilled Manual,N
19221,MRS.,KAITLYN,WILLIAMS,3/26/1957,M,F,kaitlyn25@adventure-works.com,"$30,000 ",2,High School,Skilled Manual,Y
19222,MR.,JORDAN,HALL,2/20/1957,M,M,jordan75@adventure-works.com,"$30,000 ",2,High School,Skilled Manual,Y
19223,MRS.,JACQUELINE,COOK,12/22/1957,M,F,jacqueline46@adventure-works.com,"$30,000 ",2,High School,Skilled Manual,Y
19224,MRS.,STEPHANIE,HENDERSON,9/21/1957,M,F,stephanie32@adventure-works.com,"$30,000 ",2,High School,Skilled Manual,Y
19225,MR.,JEREMY,WATSON,10/8/1957,M,M,jeremy32@adventure-works.com,"$40,000 ",1,Partial College,Clerical,Y
19226,MR.,NEIL,CARLSON,10/22/1958,M,M,neil17@adventure-works.com,"$40,000 ",2,Partial College,Clerical,Y
19227,MR.,LOGAN,NELSON,8/20/1958,M,M,logan35@adventure-works.com,"$40,000 ",2,Partial College,Clerical,Y
19228,MRS.,MORGAN,RAMIREZ,3/12/1958,M,F,morgan64@adventure-works.com,"$40,000 ",2,Partial College,Clerical,Y
19229,MR.,DAVID,ROBINSON,8/23/1958,S,M,david81@adventure-works.com,"$80,000 ",5,Graduate Degree,Skilled Manual,Y
19230,MRS.,JOY,MORENO,5/14/1958,M,F,joy7@adventure-works.com,"$80,000 ",5,Graduate Degree,Skilled Manual,Y
19231,MRS.,MEGHAN,GILL,4/15/1958,M,F,meghan13@adventure-works.com,"$80,000 ",5,Graduate Degree,Skilled Manual,Y
19232,,CANDICE,CHOW,11/13/1959,S,NA,candice10@adventure-works.com,"$60,000 ",4,Graduate Degree,Skilled Manual,Y
19233,MR.,OMAR,ANDERSEN,5/6/1959,M,M,omar33@adventure-works.com,"$60,000 ",4,Graduate Degree,Skilled Manual,Y
19234,MR.,MICAH,ZHENG,5/16/1972,S,M,micah7@adventure-works.com,"$40,000 ",4,High School,Skilled Manual,N
19235,MS.,KAYLA,BENNETT,8/5/1972,M,F,kayla25@adventure-works.com,"$50,000 ",0,Graduate Degree,Skilled Manual,Y
19236,MS.,CHLOE,PHILLIPS,8/12/1972,M,F,chloe3@adventure-works.com,"$50,000 ",0,Graduate Degree,Skilled Manual,Y
19237,MS.,KRISTY,GOMEZ,4/17/1973,M,F,kristy1@adventure-works.com,"$40,000 ",0,Graduate Degree,Skilled Manual,Y
19238,MRS.,ISABELLA,WEST,2/7/1973,M,F,isabella7@adventure-works.com,"$40,000 ",1,Graduate Degree,Skilled Manual,Y
19239,MR.,JEREMY,ALEXANDER,10/18/1973,M,M,jeremy31@adventure-works.com,"$40,000 ",1,Graduate Degree,Skilled Manual,Y
19240,MRS.,THERESA,JIMENEZ,4/20/1973,M,F,theresa2@adventure-works.com,"$40,000 ",1,Graduate Degree,Skilled Manual,Y
19241,MRS.,DIANE,DOMINGUEZ,7/3/1973,M,F,diane17@adventure-works.com,"$40,000 ",1,Graduate Degree,Skilled Manual,Y
19242,MR.,DEVIN,BAKER,11/4/1973,M,M,devin30@adventure-works.com,"$40,000 ",1,Graduate Degree,Skilled Manual,Y
19243,MR.,JAMES,THOMAS,4/28/1973,M,M,james83@adventure-works.com,"$40,000 ",1,Graduate Degree,Skilled Manual,Y
19244,MR.,SEBASTIAN,WARD,6/8/1973,M,M,sebastian4@adventure-works.com,"$40,000 ",1,Graduate Degree,Skilled Manual,Y
19245,MR.,ISAIAH,KING,2/27/1971,M,M,isaiah43@adventure-works.com,"$60,000 ",1,Graduate Degree,Skilled Manual,Y
19246,MR.,CARLOS,CAMPBELL,8/9/1971,M,M,carlos34@adventure-works.com,"$60,000 ",1,Graduate Degree,Skilled Manual,Y
19247,MRS.,MICHELE,MARTINEZ,5/7/1968,M,F,michele31@adventure-works.com,"$10,000 ",1,Graduate Degree,Manual,Y
19248,MRS.,SHEENA,BLACK,2/26/1962,M,F,sheena19@adventure-works.com,"$10,000 ",1,Graduate Degree,Manual,Y
19249,MR.,CHAD,ANDERSEN,12/3/1961,M,M,chad15@adventure-works.com,"$10,000 ",1,Bachelors,Manual,Y
19250,MRS.,LACEY,WU,1/2/1961,M,F,lacey19@adventure-works.com,"$10,000 ",1,Bachelors,Manual,Y
19251,MR.,BRETT,SAI,2/7/1961,M,M,brett5@adventure-works.com,"$20,000 ",1,Graduate Degree,Clerical,Y
19252,MRS.,JASMINE,BROOKS,2/28/1956,M,F,jasmine38@adventure-works.com,"$10,000 ",2,Partial College,Manual,Y
19253,MRS.,GABRIELLE,ROSS,3/22/1956,S,F,gabrielle26@adventure-works.com,"$20,000 ",1,Bachelors,Clerical,Y
19254,MR.,ANIBAL,SOUSA,11/7/1956,S,M,anibal1@adventure-works.com,"$20,000 ",1,Bachelors,Clerical,Y
19255,MR.,TERRANCE,SARA,2/14/1955,S,M,terrance7@adventure-works.com,"$10,000 ",2,Partial College,Manual,Y
19256,MRS.,ABIGAIL,GRIFFIN,3/11/1955,M,F,abigail46@adventure-works.com,"$20,000 ",1,Bachelors,Clerical,Y
19257,MRS.,DANA,JIMÉNEZ,1/16/1954,M,F,dana21@adventure-works.com,"$10,000 ",2,Partial College,Manual,Y
19258,MR.,DOUGLAS,MEHTA,5/21/1954,M,M,douglas18@adventure-works.com,"$10,000 ",2,Partial College,Manual,Y
19259,MRS.,BARBARA,LIN,1/22/1937,M,F,barbara17@adventure-works.com,"$20,000 ",1,Bachelors,Clerical,Y
19260,MRS.,LATOYA,SHARMA,7/8/1939,S,F,latoya8@adventure-works.com,"$20,000 ",1,Bachelors,Clerical,Y
19261,MRS.,HEATHER,WU,5/26/1940,M,F,heather6@adventure-works.com,"$20,000 ",1,Bachelors,Clerical,Y
19262,MRS.,KARI,SANCHEZ,11/27/1942,M,F,kari20@adventure-works.com,"$30,000 ",1,Bachelors,Clerical,Y
19263,MRS.,NINA,CHANDE,11/7/1942,M,F,nina15@adventure-works.com,"$30,000 ",1,Bachelors,Clerical,Y
19264,MR.,KRISTOPHER,GONZALEZ,9/21/1980,S,M,kristopher17@adventure-works.com,"$10,000 ",0,Partial College,Manual,N
19265,MR.,DALE,RAJI,2/23/1979,M,M,dale19@adventure-works.com,"$10,000 ",0,Partial College,Manual,N
19266,MR.,GRANT,XU,10/6/1979,M,M,grant7@adventure-works.com,"$10,000 ",0,Partial College,Manual,N
19267,MR.,MARSHALL,RAJE,2/6/1979,M,M,marshall34@adventure-works.com,"$10,000 ",0,Partial College,Manual,Y
19269,MS.,KATHLEEN,NAVARRO,3/23/1977,S,F,kathleen12@adventure-works.com,"$10,000 ",0,High School,Manual,N
19270,MR.,SHAWN,SHEN,12/26/1979,M,M,shawn4@adventure-works.com,"$20,000 ",0,Bachelors,Clerical,Y
19271,MR.,KRISTOPHER,FERNANDEZ,5/15/1978,M,M,kristopher14@adventure-works.com,"$20,000 ",0,Bachelors,Clerical,Y
19272,MR.,SHAUN,ANDERSEN,1/19/1943,M,M,shaun14@adventure-works.com,"$20,000 ",1,Partial College,Manual,Y
19273,MRS.,NATALIE,HENDERSON,1/24/1943,M,F,natalie27@adventure-works.com,"$20,000 ",2,Partial College,Manual,Y
19274,MRS.,KAREN,YANG,1/9/1943,M,F,karen14@adventure-works.com,"$20,000 ",2,Partial College,Manual,Y
19275,MR.,GREGORY,RAI,12/21/1961,M,M,gregory21@adventure-works.com,"$20,000 ",1,Partial College,Manual,Y
19276,MR.,RUBEN,SAI,8/10/1961,S,M,ruben6@adventure-works.com,"$20,000 ",1,Partial College,Manual,N
19277,MR.,BILLY,JIMÉNEZ,7/27/1960,M,M,billy7@adventure-works.com,"$10,000 ",1,High School,Manual,Y
19278,MR.,WILLIE,SUN,7/13/1960,S,M,willie11@adventure-works.com,"$20,000 ",1,Partial College,Manual,N
19279,MR.,OMAR,XU,3/5/1960,S,M,omar25@adventure-works.com,"$20,000 ",1,Partial College,Manual,N
19280,MR.,DARRELL,ANDERSEN,8/27/1958,M,M,darrell2@adventure-works.com,"$20,000 ",2,Partial College,Manual,Y
19281,MRS.,MALLORY,CARLSON,4/17/1958,S,F,mallory5@adventure-works.com,"$20,000 ",2,Partial College,Manual,Y
19282,MRS.,HAILEY,WOOD,5/8/1958,M,F,hailey23@adventure-works.com,"$30,000 ",1,Graduate Degree,Clerical,Y
19283,MR.,ADRIAN,SANDERS,7/11/1958,M,M,adrian4@adventure-works.com,"$30,000 ",1,Graduate Degree,Clerical,Y
19284,MRS.,BRIANA,ROMERO,4/10/1958,M,F,briana9@adventure-works.com,"$30,000 ",1,Graduate Degree,Clerical,Y
19285,MRS.,JACQUELINE,HOWARD,8/11/1960,M,F,jacqueline35@adventure-works.com,"$30,000 ",3,Bachelors,Clerical,Y
19286,MRS.,KAITLYN,BUTLER,3/2/1960,M,F,kaitlyn81@adventure-works.com,"$30,000 ",3,Bachelors,Clerical,Y
19287,MR.,SHANE,CHANDRA,7/27/1959,M,M,shane6@adventure-works.com,"$30,000 ",3,Bachelors,Clerical,Y
19288,MRS.,CANDICE,WANG,6/7/1959,M,F,candice9@adventure-works.com,"$30,000 ",3,Bachelors,Clerical,Y
19289,MR.,JOHNATHAN,PATEL,10/26/1959,M,M,johnathan4@adventure-works.com,"$30,000 ",3,Bachelors,Clerical,Y
19290,MR.,SERGIO,PRASAD,5/6/1958,S,M,sergio10@adventure-works.com,"$30,000 ",1,Bachelors,Clerical,Y
19291,MRS.,COLLEEN,WU,11/26/1970,S,F,colleen7@adventure-works.com,"$10,000 ",2,High School,Manual,Y
19292,MR.,MICAH,LIN,12/7/1970,M,M,micah18@adventure-works.com,"$30,000 ",0,Bachelors,Clerical,Y
19293,MS.,CHLOE,WATSON,8/28/1970,M,F,chloe62@adventure-works.com,"$30,000 ",0,Bachelors,Clerical,Y
19294,MR.,STANLEY,GARCIA,9/7/1970,M,M,stanley16@adventure-works.com,"$30,000 ",0,Bachelors,Clerical,Y
19295,MRS.,KATELYN,GREEN,7/26/1969,S,F,katelyn38@adventure-works.com,"$10,000 ",2,High School,Manual,Y
19296,MR.,JAKE,ZHENG,1/4/1969,S,M,jake17@adventure-works.com,"$20,000 ",0,Partial College,Manual,N
19297,MR.,CEDRIC,XIE,8/21/1969,S,M,cedric25@adventure-works.com,"$30,000 ",0,Bachelors,Clerical,Y
19298,MS.,PRISCILLA,ANDERSEN,10/11/1969,S,F,priscilla11@adventure-works.com,"$50,000 ",0,Graduate Degree,Skilled Manual,Y
19299,MS.,CARRIE,BROWNING,10/12/1969,M,F,carrie14@adventure-works.com,"$50,000 ",0,Graduate Degree,Skilled Manual,Y
19300,MR.,CLARENCE,HU,4/10/1952,M,M,clarence13@adventure-works.com,"$10,000 ",3,Partial College,Manual,N
19301,MRS.,JAMIE,LIU,3/1/1952,M,F,jamie6@adventure-works.com,"$20,000 ",2,Partial College,Manual,Y
19302,MR.,BRAD,XIE,8/11/1951,S,M,brad3@adventure-works.com,"$10,000 ",3,Partial College,Manual,Y
19303,MR.,SYLVIA,SPENCER,10/11/1951,M,M,sylvia1@adventure-works.com,"$10,000 ",3,High School,Manual,N
19304,MRS.,SARA,NELSON,7/10/1953,S,F,sara35@adventure-works.com,"$10,000 ",2,High School,Manual,Y
19305,MRS.,GABRIELLA,YOUNG,2/22/1968,S,F,gabriella41@adventure-works.com,"$10,000 ",2,High School,Manual,Y
19306,MRS.,CANDACE,PEREZ,2/14/1968,M,F,candace19@adventure-works.com,"$10,000 ",3,High School,Manual,N
19307,MR.,MICHEAL,ALONSO,9/8/1968,M,M,micheal3@adventure-works.com,"$20,000 ",1,Partial College,Manual,Y
19308,MRS.,CASEY,RAI,4/18/1968,M,F,casey19@adventure-works.com,"$30,000 ",1,Bachelors,Clerical,Y
19309,MR.,FRANK,SUAREZ,11/22/1968,M,M,frank27@adventure-works.com,"$30,000 ",1,Bachelors,Clerical,Y
19310,MS.,EVELYN,RAMAN,4/16/1968,M,F,evelyn13@adventure-works.com,"$40,000 ",0,Graduate Degree,Clerical,Y
19311,MS.,DANA,RUBIO,3/26/1968,M,F,dana14@adventure-works.com,"$40,000 ",0,Graduate Degree,Clerical,Y
19312,MS.,VALERIE,ZHENG,1/19/1968,M,F,valerie21@adventure-works.com,"$40,000 ",0,Bachelors,Clerical,Y
19313,MR.,CHARLES,BAKER,3/11/1967,S,M,charles36@adventure-works.com,"$10,000 ",3,High School,Manual,Y
19314,MR.,ALVIN,BECK,3/16/1967,S,M,alvin41@adventure-works.com,"$10,000 ",3,Partial High School,Manual,Y
19315,MR.,DEVON,SHARMA,9/3/1967,S,M,devon7@adventure-works.com,"$20,000 ",1,Partial College,Manual,N
19316,MR.,RAYMOND,SRINI,5/24/1967,M,M,raymond10@adventure-works.com,"$20,000 ",1,Partial College,Manual,Y
19317,MRS.,SARA,SCOTT,3/16/1967,S,F,sara40@adventure-works.com,"$20,000 ",1,Partial College,Manual,N
19318,MR.,JAMIE,DOMINGUEZ,6/2/1967,S,M,jamie35@adventure-works.com,"$30,000 ",1,Bachelors,Clerical,N
19319,MR.,DARRYL,GUO,2/2/1967,S,M,darryl17@adventure-works.com,"$30,000 ",1,Bachelors,Clerical,N
19320,MRS.,BETHANY,DENG,11/3/1966,S,F,bethany5@adventure-works.com,"$20,000 ",1,High School,Manual,N
19321,MR.,CLIFFORD,WEBER,8/12/1966,M,M,clifford4@adventure-works.com,"$20,000 ",1,High School,Manual,Y
19322,MR.,GERALD,ROMERO,4/17/1966,S,M,gerald17@adventure-works.com,"$20,000 ",1,High School,Manual,N
19323,MR.,JEREMY,ROGERS,3/13/1967,M,M,jeremy45@adventure-works.com,"$40,000 ",0,Bachelors,Clerical,Y
19324,MS.,TANYA,BLANCO,10/10/1967,M,F,tanya12@adventure-works.com,"$40,000 ",0,Bachelors,Clerical,Y
19325,MS.,KELLI,CHEN,3/15/1967,M,F,kelli2@adventure-works.com,"$40,000 ",0,Bachelors,Clerical,Y
19326,MR.,MARCUS,ROBINSON,9/14/1966,M,M,marcus19@adventure-works.com,"$30,000 ",1,Bachelors,Clerical,Y
19327,MRS.,CANDACE,GONZALEZ,8/3/1966,M,F,candace17@adventure-works.com,"$30,000 ",1,Bachelors,Skilled Manual,Y
19328,MR.,SHAWN,XU,3/13/1965,S,M,shawn7@adventure-works.com,"$10,000 ",4,Partial High School,Manual,Y
19329,MRS.,NANCY,SRINI,10/20/1965,S,F,nancy11@adventure-works.com,"$20,000 ",2,High School,Manual,Y
19330,MR.,JOHNNY,SHEN,4/2/1965,S,M,johnny3@adventure-works.com,"$20,000 ",2,High School,Manual,Y
19331,MR.,JESSIE,HU,9/3/1965,S,M,jessie26@adventure-works.com,"$20,000 ",2,High School,Manual,Y
19332,MR.,KELVIN,ALAN,7/18/1965,M,M,kelvin19@adventure-works.com,"$30,000 ",1,Bachelors,Skilled Manual,Y
19333,MRS.,CANDACE,MALHOTRA,7/14/1965,M,F,candace4@adventure-works.com,"$30,000 ",1,Bachelors,Skilled Manual,Y
19334,MRS.,KATHERINE,BAKER,4/6/1964,S,F,katherine64@adventure-works.com,"$10,000 ",3,Partial High School,Manual,Y
19335,MR.,CEDRIC,YE,8/17/1964,S,M,cedric10@adventure-works.com,"$20,000 ",3,High School,Manual,Y
19336,MR.,RICARDO,ANDERSEN,3/10/1964,S,M,ricardo13@adventure-works.com,"$20,000 ",3,High School,Manual,Y
19337,MRS.,BONNIE,LUO,12/15/1964,S,F,bonnie11@adventure-works.com,"$20,000 ",3,High School,Manual,Y
19338,MS.,PAULA,DOMINGUEZ,4/6/1966,M,F,paula15@adventure-works.com,"$40,000 ",0,Bachelors,Professional,N
19339,MR.,LANCE,GOMEZ,6/23/1966,M,M,lance1@adventure-works.com,"$40,000 ",0,Bachelors,Professional,Y
19340,MS.,RENEE,DOMINGUEZ,2/15/1966,M,F,renee12@adventure-works.com,"$40,000 ",0,Bachelors,Professional,Y
19341,MR.,CLARENCE,HUANG,8/24/1966,M,M,clarence1@adventure-works.com,"$40,000 ",0,Bachelors,Professional,Y
19342,MRS.,AIMEE,ZENG,4/9/1963,S,F,aimee16@adventure-works.com,"$30,000 ",2,Partial College,Clerical,Y
19343,MR.,LOUIS,YE,8/3/1963,S,M,louis3@adventure-works.com,"$30,000 ",2,Partial College,Clerical,Y
19344,MRS.,MANDY,MA,12/20/1963,S,F,mandy17@adventure-works.com,"$30,000 ",2,Partial College,Clerical,Y
19345,MRS.,KAITLIN,PRASAD,8/22/1965,M,F,kaitlin9@adventure-works.com,"$30,000 ",2,Partial College,Clerical,N
19346,MRS.,DONNA,SHE,10/15/1965,M,F,donna1@adventure-works.com,"$40,000 ",1,Bachelors,Skilled Manual,Y
19347,MR.,ALVIN,ZHAO,9/4/1965,M,M,alvin10@adventure-works.com,"$40,000 ",1,Bachelors,Skilled Manual,Y
19348,MRS.,EBONY,RAMAN,3/18/1965,M,F,ebony12@adventure-works.com,"$40,000 ",1,Bachelors,Skilled Manual,Y
19349,MR.,WARREN,ANAND,8/12/1964,S,M,warren13@adventure-works.com,"$30,000 ",2,Partial College,Clerical,Y
19350,MRS.,BETHANY,ASHE,3/20/1964,M,F,bethany3@adventure-works.com,"$40,000 ",1,Bachelors,Skilled Manual,Y
19351,MR.,EDGAR,VANCE,4/22/1963,S,M,edgar4@adventure-works.com,"$30,000 ",2,Partial College,Clerical,Y
19352,MR.,ARTURO,CHEN,11/12/1963,S,M,arturo2@adventure-works.com,"$30,000 ",2,Partial College,Clerical,Y
19353,MRS.,DESIREE,GILL,8/13/1963,S,F,desiree10@adventure-works.com,"$30,000 ",3,Partial College,Clerical,Y
19354,MS.,ABBY,MADAN,3/1/1977,S,F,abby6@adventure-works.com,"$20,000 ",0,High School,Manual,N
19355,MR.,DANNY,MUNOZ,2/8/1977,S,M,danny8@adventure-works.com,"$20,000 ",0,High School,Manual,N
19356,MR.,FRANCIS,ORTEGA,11/10/1976,M,M,francis19@adventure-works.com,"$20,000 ",4,High School,Manual,N
19357,MR.,RYAN,FLORES,11/26/1979,S,M,ryan15@adventure-works.com,"$30,000 ",3,Partial College,Clerical,Y
19358,MR.,JONATHAN,BRYANT,6/18/1978,S,M,jonathan17@adventure-works.com,"$20,000 ",0,High School,Manual,Y
19359,MR.,ROBERTO,TOWNSEND,8/20/1963,M,M,roberto12@adventure-works.com,"$40,000 ",1,Bachelors,Skilled Manual,Y
19360,MRS.,JOANNA,HERNANDEZ,4/4/1963,M,F,joanna2@adventure-works.com,"$40,000 ",1,Bachelors,Skilled Manual,Y
19361,MRS.,STACEY,SUN,9/25/1963,M,F,stacey14@adventure-works.com,"$40,000 ",1,Bachelors,Skilled Manual,Y
19362,MR.,KARL,RAJE,8/13/1963,M,M,karl15@adventure-works.com,"$40,000 ",1,Bachelors,Skilled Manual,Y
19363,MRS.,REGINA,RAMAN,6/4/1962,S,F,regina11@adventure-works.com,"$30,000 ",1,Partial College,Clerical,Y
19364,MR.,ALEJANDRO,NARA,10/20/1962,M,M,alejandro41@adventure-works.com,"$40,000 ",1,Bachelors,Skilled Manual,Y
19365,MR.,WAYNE,SHAN,7/3/1962,M,M,wayne12@adventure-works.com,"$40,000 ",1,Bachelors,Skilled Manual,Y
19366,MRS.,CHRISTY,BECK,4/3/1962,M,F,christy38@adventure-works.com,"$40,000 ",1,Bachelors,Skilled Manual,Y
19367,MR.,JOHNATHAN,GONZALEZ,8/17/1978,S,M,johnathan17@adventure-works.com,"$30,000 ",3,Partial College,Clerical,Y
19368,MRS.,LINDSAY,ANAND,3/26/1978,S,F,lindsay22@adventure-works.com,"$30,000 ",4,Partial College,Clerical,Y
19369,MR.,CLIFFORD,SURI,4/2/1978,S,M,clifford0@adventure-works.com,"$30,000 ",4,Partial College,Clerical,Y
19370,MR.,GILBERT,YANG,6/24/1977,S,M,gilbert4@adventure-works.com,"$20,000 ",0,High School,Manual,N
19371,MR.,ROY,MEHTA,6/7/1977,S,M,roy14@adventure-works.com,"$30,000 ",0,Partial College,Clerical,N
19372,MS.,CASSIDY,LONG,6/18/1976,S,F,cassidy10@adventure-works.com,"$20,000 ",0,High School,Manual,Y
19373,MS.,REBEKAH,SURI,9/12/1976,S,F,rebekah0@adventure-works.com,"$20,000 ",0,High School,Manual,N
19374,MS.,PAULA,ASHE,4/2/1975,S,F,paula7@adventure-works.com,"$20,000 ",0,High School,Manual,N
19375,MR.,OMAR,ANAND,11/28/1975,S,M,omar43@adventure-works.com,"$20,000 ",0,High School,Manual,N
19376,MS.,PAIGE,WOOD,4/28/1976,S,F,paige2@adventure-works.com,"$20,000 ",0,High School,Manual,N
19377,MR.,DOMINIC,CHANDRA,2/26/1976,S,M,dominic3@adventure-works.com,"$30,000 ",0,Partial College,Clerical,N
19378,MR.,LUCAS,DAVIS,5/2/1976,S,M,lucas18@adventure-works.com,"$30,000 ",0,Partial College,Clerical,N
19379,MS.,CRYSTAL,GUO,11/23/1974,S,F,crystal18@adventure-works.com,"$10,000 ",0,Partial High School,Manual,Y
19381,MS.,BRANDI,ROMERO,1/12/1975,S,F,brandi9@adventure-works.com,"$30,000 ",0,Partial College,Clerical,N
19382,MR.,JERRY,SHAN,10/25/1975,M,M,jerry11@adventure-works.com,"$40,000 ",1,Bachelors,Skilled Manual,Y
19383,MR.,ROGER,NATH,3/3/1973,S,M,roger46@adventure-works.com,"$20,000 ",0,Partial High School,Manual,N
19384,MR.,GILBERT,RAI,9/5/1973,S,M,gilbert37@adventure-works.com,"$20,000 ",0,Partial High School,Manual,N
19385,MS.,ALISHA,LIN,1/23/1973,S,F,alisha8@adventure-works.com,"$20,000 ",0,Partial High School,Manual,N
19386,MR.,ALLEN,MARTINEZ,6/25/1974,S,M,allen16@adventure-works.com,"$30,000 ",0,Partial College,Clerical,N
19387,MS.,RUTH,RANA,3/25/1974,M,F,ruth15@adventure-works.com,"$30,000 ",0,Partial College,Clerical,N
19388,MR.,ALBERTO,MARTIN,7/27/1980,S,M,alberto1@adventure-works.com,"$20,000 ",0,Partial High School,Manual,N
19389,MR.,TERRENCE,GOEL,5/16/1978,S,M,terrence20@adventure-works.com,"$30,000 ",0,Partial College,Clerical,N
19390,MR.,TERRANCE,PEREZ,10/3/1978,S,M,terrance19@adventure-works.com,"$30,000 ",0,Partial College,Clerical,N
19391,MR.,SERGIO,RANA,10/2/1978,S,M,sergio11@adventure-works.com,"$30,000 ",0,High School,Manual,N
19392,MR.,SERGIO,KAPOOR,2/16/1978,S,M,sergio1@adventure-works.com,"$30,000 ",0,High School,Manual,N
19393,MR.,MIGUEL,ANDERSON,11/17/1961,M,M,miguel9@adventure-works.com,"$40,000 ",4,High School,Skilled Manual,N
19394,MR.,HENRY,NELSON,6/16/1961,M,M,henry23@adventure-works.com,"$60,000 ",1,Partial College,Skilled Manual,Y
19395,MR.,AUSTIN,ZHANG,6/1/1960,S,M,austin20@adventure-works.com,"$40,000 ",4,High School,Skilled Manual,Y
19396,MRS.,TAMMY,PRASAD,3/11/1960,S,F,tammy10@adventure-works.com,"$40,000 ",4,High School,Skilled Manual,Y
19397,MR.,TERRY,SHEN,8/27/1960,S,M,terry5@adventure-works.com,"$40,000 ",0,Bachelors,Professional,Y
19398,MR.,DYLAN,GONZALES,10/9/1960,S,M,dylan16@adventure-works.com,"$40,000 ",0,Bachelors,Professional,Y
19399,MR.,ANTHONY,BROWN,10/10/1960,S,M,anthony13@adventure-works.com,"$40,000 ",0,Bachelors,Professional,N
19400,MR.,GAVIN,HAYES,3/11/1967,S,M,gavin21@adventure-works.com,"$50,000 ",0,Partial College,Skilled Manual,Y
19401,MR.,KYLE,HERNANDEZ,6/12/1967,S,M,kyle48@adventure-works.com,"$60,000 ",0,Graduate Degree,Professional,N
19402,MR.,JEREMIAH,SCOTT,6/21/1967,S,M,jeremiah17@adventure-works.com,"$60,000 ",0,Graduate Degree,Professional,Y
19403,MS.,MORGAN,COOK,6/4/1967,S,F,morgan51@adventure-works.com,"$60,000 ",0,Graduate Degree,Professional,N
19404,MRS.,NICOLE,MOORE,8/15/1928,M,F,nicole8@adventure-works.com,"$10,000 ",4,High School,Skilled Manual,Y
19405,MRS.,ABIGAIL,SMITH,8/20/1960,M,F,abigail47@adventure-works.com,"$60,000 ",1,Partial College,Skilled Manual,Y
19406,MRS.,BROOKE,TRAVERS,10/8/1960,M,F,brooke4@adventure-works.com,"$60,000 ",1,Partial College,Skilled Manual,Y
19407,MRS.,SARAH,PERRY,2/6/1960,M,F,sarah32@adventure-works.com,"$60,000 ",1,Partial College,Skilled Manual,Y
19408,MRS.,TAYLOR,RICHARDSON,1/21/1960,M,F,taylor12@adventure-works.com,"$60,000 ",1,Partial College,Skilled Manual,Y
19409,MRS.,SAVANNAH,ALLEN,2/9/1960,M,F,savannah46@adventure-works.com,"$60,000 ",1,Partial College,Skilled Manual,Y
19411,MRS.,SARAH,ALEXANDER,4/2/1959,M,F,sarah43@adventure-works.com,"$60,000 ",4,Bachelors,Professional,Y
19412,MR.,JAIME,CHANDER,9/27/1959,M,M,jaime38@adventure-works.com,"$80,000 ",1,Graduate Degree,Professional,Y
19413,MR.,XAVIER,KELLY,9/5/1958,S,M,xavier68@adventure-works.com,"$60,000 ",3,Bachelors,Professional,N
19414,MRS.,ALEXIS,ASHE,4/26/1958,M,F,alexis9@adventure-works.com,"$60,000 ",3,Bachelors,Professional,Y
19415,MR.,DEVIN,COLLINS,6/13/1960,M,M,devin42@adventure-works.com,"$30,000 ",3,Bachelors,Clerical,Y
19416,MRS.,CAITLIN,MORRIS,1/21/1960,M,F,caitlin16@adventure-works.com,"$30,000 ",3,Bachelors,Clerical,Y
19417,MS.,ALEXIS,FOSTER,10/8/1959,M,F,alexis39@adventure-works.com,"$30,000 ",0,Bachelors,Clerical,Y
19418,MR.,NATHAN,MILLER,6/11/1959,S,M,nathan64@adventure-works.com,"$40,000 ",3,Graduate Degree,Clerical,Y
19419,MRS.,ALLISON,ADAMS,8/26/1959,S,F,allison38@adventure-works.com,"$40,000 ",3,Graduate Degree,Clerical,Y
19421,MR.,JAY,RANA,9/9/1970,S,M,jay18@adventure-works.com,"$10,000 ",1,High School,Manual,N
19422,MS.,PAULA,GUTIERREZ,11/19/1970,S,F,paula14@adventure-works.com,"$20,000 ",0,Partial College,Manual,N
19423,MS.,MARIA,PRICE,8/7/1970,S,F,maria23@adventure-works.com,"$20,000 ",0,Partial College,Manual,N
19424,MR.,TERRANCE,SMITH,7/15/1969,S,M,terrance6@adventure-works.com,"$10,000 ",2,High School,Manual,Y
19425,MR.,ARTURO,ZHAO,8/28/1969,M,M,arturo11@adventure-works.com,"$10,000 ",2,High School,Manual,N
19426,MR.,BRIAN,STEWART,6/14/1970,S,M,brian34@adventure-works.com,"$30,000 ",0,Bachelors,Clerical,Y
19427,MR.,TROY,LOPEZ,3/12/1970,S,M,troy18@adventure-works.com,"$30,000 ",0,Bachelors,Clerical,Y
19428,MR.,ERIC,TURNER,4/27/1970,M,M,eric47@adventure-works.com,"$30,000 ",0,Bachelors,Clerical,Y
19429,MR.,JARED,KELLY,9/5/1970,S,M,jared4@adventure-works.com,"$30,000 ",0,Bachelors,Clerical,Y
19430,MRS.,SHARON,GOEL,7/13/1920,M,F,sharon25@adventure-works.com,"$20,000 ",2,Bachelors,Clerical,Y
19431,MS.,BONNIE,SHE,8/19/1969,S,F,bonnie5@adventure-works.com,"$20,000 ",0,Partial College,Manual,N
19432,MR.,ARMANDO,DOMINGUEZ,9/13/1969,S,M,armando13@adventure-works.com,"$20,000 ",0,Partial College,Manual,N
19433,MS.,BRIDGET,RAJE,12/2/1969,M,F,bridget16@adventure-works.com,"$30,000 ",0,Bachelors,Clerical,Y
19434,MR.,GEOFFREY,ASHE,7/22/1969,S,M,geoffrey6@adventure-works.com,"$30,000 ",0,Bachelors,Clerical,Y
19435,MR.,BENJAMIN,THOMPSON,7/20/1969,M,M,benjamin52@adventure-works.com,"$30,000 ",0,Bachelors,Clerical,N
19436,MR.,GREGORY,PAL,10/1/1969,M,M,gregory15@adventure-works.com,"$30,000 ",1,Bachelors,Clerical,Y
19437,MS.,KELSEY,RAI,5/25/1969,S,F,kelsey16@adventure-works.com,"$40,000 ",0,Graduate Degree,Clerical,Y
19438,MS.,SHANNON,HU,9/20/1969,M,F,shannon19@adventure-works.com,"$40,000 ",0,Graduate Degree,Clerical,Y
19439,MR.,FRANKLIN,XU,3/14/1969,S,M,franklin11@adventure-works.com,"$40,000 ",0,Graduate Degree,Clerical,Y
19440,MS.,ALICIA,SHARMA,6/25/1969,M,F,alicia7@adventure-works.com,"$40,000 ",0,Graduate Degree,Clerical,Y
19441,MR.,DALE,SHE,1/17/1969,S,M,dale0@adventure-works.com,"$40,000 ",0,Graduate Degree,Clerical,Y
19442,MR.,CONNOR,HILL,4/27/1969,S,M,connor43@adventure-works.com,"$50,000 ",0,Graduate Degree,Skilled Manual,Y
19443,MR.,DOMINIC,RAMAN,10/4/1951,M,M,dominic12@adventure-works.com,"$20,000 ",2,Partial College,Manual,Y
19444,MRS.,KAYLA,THOMAS,3/3/1968,M,F,kayla11@adventure-works.com,"$10,000 ",2,High School,Manual,N
19445,MRS.,EMMA,THOMPSON,2/8/1968,M,F,emma14@adventure-works.com,"$10,000 ",2,High School,Manual,N
19446,MS.,BRIDGET,NATH,4/8/1968,M,F,bridget20@adventure-works.com,"$40,000 ",0,Graduate Degree,Clerical,Y
19447,MS.,YOLANDA,SIMPSON,6/22/1968,M,F,yolanda2@adventure-works.com,"$40,000 ",0,Graduate Degree,Clerical,Y
19448,MRS.,MEAGAN,FERNANDEZ,3/7/1967,S,F,meagan15@adventure-works.com,"$20,000 ",1,Partial College,Manual,N
19449,MR.,NUAN,YUAN,8/13/1926,M,M,nuan4@adventure-works.com,"$10,000 ",4,High School,Manual,N
19450,MR.,KEITH,LAL,2/18/1967,M,M,keith11@adventure-works.com,"$30,000 ",1,Bachelors,Clerical,Y
19451,MR.,PEDRO,SARA,9/21/1966,S,M,pedro10@adventure-works.com,"$10,000 ",4,Partial High School,Manual,Y
19452,MR.,JACOB,ANDERSON,6/20/1967,M,M,jacob9@adventure-works.com,"$40,000 ",0,Bachelors,Clerical,Y
19453,MS.,VERONICA,RANA,5/11/1967,M,F,veronica12@adventure-works.com,"$40,000 ",0,Bachelors,Clerical,Y
19454,MR.,ROGER,SHARMA,8/17/1967,M,M,roger37@adventure-works.com,"$40,000 ",0,Bachelors,Clerical,Y
19455,MR.,JACK,PEREZ,6/2/1967,S,M,jack38@adventure-works.com,"$40,000 ",0,Bachelors,Clerical,Y
19456,MR.,JESSE,PEREZ,7/27/1927,M,M,jesse27@adventure-works.com,"$20,000 ",2,High School,Manual,Y
19457,MRS.,JENNIFER,WILLIAMS,7/20/1927,S,F,jennifer30@adventure-works.com,"$30,000 ",1,Partial College,Manual,Y
19458,MR.,TYRONE,BLANCO,10/23/1966,M,M,tyrone14@adventure-works.com,"$30,000 ",1,Bachelors,Skilled Manual,Y
19459,MRS.,KATIE,YUAN,9/25/1966,M,F,katie9@adventure-works.com,"$30,000 ",1,Bachelors,Skilled Manual,Y
19460,MR.,ARTHUR,DIAZ,6/13/1966,M,M,arthur26@adventure-works.com,"$30,000 ",1,Bachelors,Skilled Manual,Y
19461,MRS.,NICHOLE,SHAN,10/20/1965,S,F,nichole10@adventure-works.com,"$10,000 ",4,Partial High School,Manual,Y
19462,MRS.,PAIGE,TRAVERS,10/17/1965,S,F,paige27@adventure-works.com,"$20,000 ",2,High School,Manual,Y
19463,MRS.,CASSANDRA,CHANDRA,11/20/1965,M,F,cassandra2@adventure-works.com,"$30,000 ",1,Bachelors,Skilled Manual,Y
19464,MR.,TYRONE,ALONSO,11/8/1929,M,M,tyrone8@adventure-works.com,"$10,000 ",4,High School,Manual,N
19465,MRS.,SIERRA,BAKER,3/5/1929,S,F,sierra14@adventure-works.com,"$10,000 ",4,High School,Manual,Y
19466,MRS.,MORGAN,LOPEZ,1/21/1964,M,F,morgan18@adventure-works.com,"$10,000 ",3,Partial High School,Manual,N
19467,MRS.,KRISTA,ALVAREZ,4/11/1964,S,F,krista5@adventure-works.com,"$20,000 ",3,High School,Manual,Y
19468,MR.,RAMON,LIN,8/8/1963,S,M,ramon7@adventure-works.com,"$10,000 ",3,Partial High School,Manual,Y
19469,MRS.,VALERIE,CAI,2/14/1963,S,F,valerie23@adventure-works.com,"$10,000 ",3,Partial High School,Manual,Y
19470,MRS.,KELLI,YE,9/13/1963,S,F,kelli10@adventure-works.com,"$20,000 ",3,High School,Manual,Y
19471,MR.,BRYANT,MARTINEZ,5/3/1963,S,M,bryant17@adventure-works.com,"$20,000 ",3,High School,Manual,Y
19472,MRS.,HEIDI,SARA,2/12/1963,S,F,heidi12@adventure-works.com,"$20,000 ",3,High School,Manual,Y
19473,MR.,ROGER,CHANDE,8/26/1963,S,M,roger42@adventure-works.com,"$20,000 ",3,High School,Manual,Y
19474,MS.,JENNY,LUO,10/5/1966,S,F,jenny29@adventure-works.com,"$40,000 ",0,Bachelors,Professional,Y
19475,MS.,MANDY,YE,3/3/1966,M,F,mandy11@adventure-works.com,"$40,000 ",0,Bachelors,Professional,N
19476,MS.,SARAH,ANDERSON,10/25/1966,M,F,sarah12@adventure-works.com,"$40,000 ",0,Bachelors,Professional,Y
19477,MR.,LANCE,RUBIO,8/22/1966,M,M,lance21@adventure-works.com,"$40,000 ",0,Bachelors,Professional,Y
19478,MS.,TASHA,GOEL,12/25/1966,M,F,tasha20@adventure-works.com,"$60,000 ",0,Graduate Degree,Skilled Manual,Y
19479,MRS.,JESSICA,GRAY,6/8/1963,S,F,jessica18@adventure-works.com,"$20,000 ",4,High School,Manual,Y
19480,MRS.,LISA,ZENG,10/11/1962,M,F,lisa25@adventure-works.com,"$30,000 ",1,Partial College,Clerical,Y
19481,MR.,DARREN,SUAREZ,5/15/1962,M,M,darren42@adventure-works.com,"$30,000 ",1,Partial College,Clerical,Y
19482,MR.,ANDY,ORTEGA,6/19/1962,M,M,andy25@adventure-works.com,"$30,000 ",1,Partial College,Clerical,Y
19484,MR.,WILLIE,LIANG,2/26/1965,M,M,willie15@adventure-works.com,"$30,000 ",2,Partial College,Clerical,N
19485,MR.,RAUL,SHAN,11/2/1965,S,M,raul9@adventure-works.com,"$30,000 ",2,Partial College,Clerical,Y
19486,MRS.,MELANIE,PRICE,3/28/1965,M,F,melanie15@adventure-works.com,"$40,000 ",1,Bachelors,Skilled Manual,Y
19487,MR.,DWAYNE,GUTIERREZ,7/14/1964,M,M,dwayne10@adventure-works.com,"$30,000 ",2,Partial College,Clerical,N
19488,MRS.,JAMIE,LIN,6/12/1964,S,F,jamie10@adventure-works.com,"$30,000 ",2,Partial College,Clerical,Y
19489,MRS.,ALEXANDRA,PATTERSON,2/6/1964,S,F,alexandra33@adventure-works.com,"$30,000 ",2,Partial College,Clerical,Y
19490,MRS.,KRISTINA,SMITH,11/16/1964,S,F,kristina9@adventure-works.com,"$30,000 ",2,Partial College,Clerical,Y
19491,MR.,STANLEY,PRASAD,6/14/1964,S,M,stanley10@adventure-works.com,"$30,000 ",2,Partial College,Clerical,Y
19492,MR.,ANDRES,ANDERSEN,4/18/1964,S,M,andres10@adventure-works.com,"$30,000 ",2,Partial College,Clerical,Y
19493,MRS.,KARLA,SHAN,5/12/1964,M,F,karla11@adventure-works.com,"$40,000 ",1,Bachelors,Skilled Manual,Y
19494,MR.,SERGIO,MARTINEZ,3/20/1979,S,M,sergio18@adventure-works.com,"$20,000 ",4,High School,Manual,Y
19495,MR.,FRANCIS,GILL,5/4/1979,S,M,francis11@adventure-works.com,"$20,000 ",4,High School,Manual,Y
19496,MR.,EDGAR,SUBRAM,1/9/1979,S,M,edgar14@adventure-works.com,"$30,000 ",3,Partial College,Clerical,Y
19497,MR.,RAUL,SHE,4/26/1979,S,M,raul1@adventure-works.com,"$30,000 ",3,Partial College,Clerical,Y
19498,MRS.,CHRISTY,WANG,2/3/1979,S,F,christy1@adventure-works.com,"$30,000 ",3,Partial College,Clerical,Y
19499,MR.,SHAWN,BLACK,11/23/1963,M,M,shawn22@adventure-works.com,"$40,000 ",1,Bachelors,Skilled Manual,Y
19500,MR.,RUSSELL,SHAN,5/17/1963,M,M,russell13@adventure-works.com,"$40,000 ",1,Bachelors,Skilled Manual,Y
19502,MRS.,FELICIA,CARLSON,2/3/1962,M,F,felicia17@adventure-works.com,"$40,000 ",1,Bachelors,Skilled Manual,Y
19503,MRS.,BRIDGET,LUO,3/26/1962,M,F,bridget7@adventure-works.com,"$40,000 ",1,Bachelors,Skilled Manual,Y
19504,MR.,DOMINIC,GARCIA,8/13/1962,M,M,dominic15@adventure-works.com,"$40,000 ",1,Bachelors,Skilled Manual,Y
19505,MR.,GILBERT,SHE,3/12/1978,S,M,gilbert21@adventure-works.com,"$30,000 ",4,Partial College,Clerical,Y
19506,MRS.,CANDICE,LIN,6/13/1978,S,F,candice13@adventure-works.com,"$30,000 ",4,Partial College,Clerical,Y
19507,MR.,RAUL,SHEN,12/11/1977,S,M,raul3@adventure-works.com,"$30,000 ",5,Partial College,Clerical,Y
19508,MR.,TROY,RANA,11/1/1975,M,M,troy12@adventure-works.com,"$10,000 ",0,Partial High School,Manual,N
19509,MS.,NANCY,SURI,1/19/1976,S,F,nancy5@adventure-works.com,"$30,000 ",0,Partial College,Clerical,N
19510,MS.,RENEE,TORRES,5/19/1976,S,F,renee11@adventure-works.com,"$30,000 ",0,Partial College,Clerical,N
19511,MR.,MARCUS,WARD,5/19/1976,S,M,marcus78@adventure-works.com,"$30,000 ",0,Partial College,Clerical,N
19512,MR.,MARCO,KAPOOR,7/11/1976,M,M,marco1@adventure-works.com,"$30,000 ",0,Partial College,Clerical,N
19513,MR.,JESSIE,LIANG,6/6/1974,M,M,jessie21@adventure-works.com,"$20,000 ",0,Partial High School,Manual,Y
19514,MS.,KARI,RODRIGUEZ,11/20/1974,S,F,kari19@adventure-works.com,"$20,000 ",0,Partial High School,Manual,N
19515,MS.,NANCY,GARCIA,2/17/1975,S,F,nancy18@adventure-works.com,"$30,000 ",0,Partial College,Clerical,Y
19516,MS.,KAITLYN,GRIFFIN,1/9/1975,S,F,kaitlyn88@adventure-works.com,"$30,000 ",0,Partial College,Clerical,N
19517,MR.,MAX,GOMEZ,9/22/1975,S,M,max2@adventure-works.com,"$30,000 ",0,Partial College,Clerical,N
19518,MR.,CLIFFORD,ARUN,1/10/1975,S,M,clifford7@adventure-works.com,"$30,000 ",0,Partial College,Clerical,N
19519,MS.,BIANCA,ZHU,10/18/1973,S,F,bianca10@adventure-works.com,"$10,000 ",0,Partial High School,Manual,Y
19520,MS.,KARI,MUÑOZ,2/20/1973,M,F,kari27@adventure-works.com,"$20,000 ",0,Partial High School,Manual,N
19521,MS.,JAIME,DOMINGUEZ,3/25/1973,S,F,jaime14@adventure-works.com,"$20,000 ",0,Partial High School,Manual,N
19522,MR.,CHRISTIAN,POWELL,2/13/1980,M,M,christian23@adventure-works.com,"$20,000 ",0,Partial High School,Manual,N
19523,MS.,BRITTNEY,HOLT,2/23/1978,S,F,brittney4@adventure-works.com,"$30,000 ",0,High School,Manual,N
19524,MS.,DENISE,MALHOTRA,2/3/1978,S,F,denise7@adventure-works.com,"$30,000 ",0,High School,Manual,N
19525,MS.,HANNAH,FLORES,5/24/1960,S,F,hannah34@adventure-works.com,"$40,000 ",0,Bachelors,Professional,N
19526,MS.,ANGELA,COOPER,7/4/1967,S,F,angela35@adventure-works.com,"$50,000 ",0,Partial College,Skilled Manual,N
19527,MR.,GABRIEL,ADAMS,6/16/1967,S,M,gabriel47@adventure-works.com,"$50,000 ",0,Partial College,Skilled Manual,N
19528,MS.,BAILEY,HALL,5/14/1967,S,F,bailey42@adventure-works.com,"$50,000 ",0,Partial College,Skilled Manual,N
19529,MS.,BAILEY,PARKER,8/9/1967,S,F,bailey28@adventure-works.com,"$60,000 ",0,Graduate Degree,Professional,N
19530,MS.,LISA,LIANG,7/4/1967,S,F,lisa20@adventure-works.com,"$60,000 ",0,Graduate Degree,Professional,Y
19531,MR.,JOHN,ROBINSON,10/6/1967,S,M,john40@adventure-works.com,"$60,000 ",0,Graduate Degree,Professional,N
19532,MS.,VICTORIA,BROWN,2/1/1967,S,F,victoria5@adventure-works.com,"$60,000 ",0,Graduate Degree,Professional,Y
19533,MS.,VANESSA,LONG,4/5/1967,S,F,vanessa10@adventure-works.com,"$60,000 ",0,Graduate Degree,Professional,N
19534,MR.,ADRIAN,TORRES,6/24/1967,S,M,adrian6@adventure-works.com,"$60,000 ",0,Graduate Degree,Professional,Y
19535,MR.,ALEX,MITCHELL,7/22/1967,S,M,alex40@adventure-works.com,"$60,000 ",0,Graduate Degree,Professional,N
19536,MRS.,BROOKE,COOPER,5/10/1960,M,F,brooke15@adventure-works.com,"$60,000 ",1,Partial College,Skilled Manual,Y
19537,MRS.,MICHELLE,BROOKS,10/5/1960,M,F,michelle3@adventure-works.com,"$60,000 ",1,Partial College,Skilled Manual,Y
19538,MR.,CONNOR,HALL,4/9/1960,M,M,connor49@adventure-works.com,"$60,000 ",1,Partial College,Skilled Manual,N
19539,MRS.,LATOYA,RAJI,9/27/1959,M,F,latoya20@adventure-works.com,"$60,000 ",1,Partial College,Skilled Manual,Y
19540,MRS.,JADE,RICHARDSON,10/3/1959,M,F,jade7@adventure-works.com,"$60,000 ",4,Bachelors,Professional,Y
19541,MRS.,ALEXANDRA,COOPER,3/9/1959,M,F,alexandra12@adventure-works.com,"$60,000 ",4,Bachelors,Professional,N
19542,MR.,ROBERT,ALLEN,7/21/1959,M,M,robert88@adventure-works.com,"$70,000 ",1,Graduate Degree,Professional,Y
19543,MR.,EVAN,TORRES,7/11/1959,M,M,evan4@adventure-works.com,"$70,000 ",5,Graduate Degree,Professional,N
19544,MRS.,KATHERINE,PRICE,3/8/1959,M,F,katherine25@adventure-works.com,"$70,000 ",5,Graduate Degree,Professional,Y
19545,MR.,GARRETT,WATSON,10/22/1958,S,M,garrett4@adventure-works.com,"$60,000 ",1,Bachelors,Professional,Y
19546,MR.,ANGEL,CAMPBELL,6/9/1958,S,M,angel29@adventure-works.com,"$60,000 ",1,Bachelors,Professional,Y
19547,MRS.,LAUREN,PATTERSON,2/15/1958,M,F,lauren58@adventure-works.com,"$60,000 ",1,Bachelors,Professional,Y
19548,MRS.,KAITLYN,HOWARD,10/18/1958,M,F,kaitlyn58@adventure-works.com,"$60,000 ",1,Bachelors,Professional,Y
19549,MR.,KEVIN,SHARMA,8/21/1958,M,M,kevin33@adventure-works.com,"$60,000 ",1,Bachelors,Professional,Y
19550,MR.,LUCAS,PEREZ,10/10/1958,M,M,lucas4@adventure-works.com,"$60,000 ",1,Bachelors,Professional,Y
19551,MR.,SAMUEL,ALEXANDER,2/2/1958,M,M,samuel18@adventure-works.com,"$70,000 ",5,Graduate Degree,Professional,Y
19552,MRS.,MARGARET,ZHU,7/7/1958,M,F,margaret20@adventure-works.com,"$70,000 ",5,Graduate Degree,Professional,N
19553,MRS.,KAREN,WANG,10/5/1958,M,F,karen11@adventure-works.com,"$70,000 ",5,Graduate Degree,Professional,Y
19554,MR.,EMMANUEL,RAMAN,10/6/1958,S,M,emmanuel11@adventure-works.com,"$70,000 ",5,Bachelors,Professional,Y
19555,MR.,ALEJANDRO,LIU,1/21/1969,M,M,alejandro6@adventure-works.com,"$90,000 ",1,Graduate Degree,Management,N
19556,MRS.,SHAWNA,ANDERSEN,7/3/1969,M,F,shawna14@adventure-works.com,"$90,000 ",1,Graduate Degree,Management,Y
19557,MRS.,BRIDGET,SHE,9/8/1968,S,F,bridget1@adventure-works.com,"$60,000 ",2,Bachelors,Professional,N
19558,MRS.,GLORIA,ORTEGA,3/8/1970,M,F,gloria22@adventure-works.com,"$80,000 ",4,Graduate Degree,Management,Y
19559,MR.,CEDRIC,CAI,12/17/1970,M,M,cedric21@adventure-works.com,"$80,000 ",5,Graduate Degree,Management,Y
19560,MR.,RANDALL,MARTIN,4/27/1970,M,M,randall1@adventure-works.com,"$90,000 ",2,Bachelors,Professional,Y
19561,MR.,ORLANDO,SERRANO,5/20/1970,M,M,orlando16@adventure-works.com,"$90,000 ",2,Bachelors,Professional,Y
19562,MRS.,LEAH,GUO,9/22/1968,S,F,leah14@adventure-works.com,"$60,000 ",2,Bachelors,Professional,Y
19563,MRS.,ROBIN,MORENO,10/16/1968,M,F,robin3@adventure-works.com,"$60,000 ",2,Bachelors,Professional,Y
19564,MR.,LAWRENCE,GUTIERREZ,12/15/1968,M,M,lawrence9@adventure-works.com,"$60,000 ",2,Bachelors,Professional,Y
19565,MRS.,PATRICIA,SAUNDERS,2/7/1968,M,F,patricia14@adventure-works.com,"$60,000 ",2,Bachelors,Professional,Y
19566,MR.,RUBEN,SARA,2/5/1968,S,M,ruben11@adventure-works.com,"$70,000 ",5,Bachelors,Professional,Y
19567,MRS.,BARBARA,HU,6/13/1967,M,F,barbara29@adventure-works.com,"$70,000 ",5,Bachelors,Professional,N
19568,MRS.,CANDICE,SUN,9/6/1969,M,F,candice19@adventure-works.com,"$120,000 ",1,Graduate Degree,Management,N
19569,MRS.,KELLIE,TORRES,12/13/1967,M,F,kellie10@adventure-works.com,"$70,000 ",5,Bachelors,Professional,Y
19570,MRS.,KRISTY,NAVARRO,5/14/1967,M,F,kristy9@adventure-works.com,"$80,000 ",5,Graduate Degree,Management,Y
19571,MRS.,SYDNEY,JOHNSON,8/13/1967,S,F,sydney65@adventure-works.com,"$80,000 ",5,Graduate Degree,Management,Y
19572,MRS.,MELISSA,BAILEY,4/21/1967,M,F,melissa38@adventure-works.com,"$80,000 ",5,Graduate Degree,Management,Y
19573,MRS.,DEANNA,RUBIO,11/14/1967,M,F,deanna47@adventure-works.com,"$80,000 ",5,Graduate Degree,Management,N
19574,MRS.,MICHELE,RAMOS,2/10/1966,S,F,michele51@adventure-works.com,"$80,000 ",5,Graduate Degree,Management,Y
19575,MR.,MARCO,PATEL,8/27/1966,S,M,marco3@adventure-works.com,"$80,000 ",5,Bachelors,Professional,Y
19576,MS.,MACKENZIE,HILL,1/20/1966,S,F,mackenzie33@adventure-works.com,"$90,000 ",0,Bachelors,Professional,Y
19577,MR.,MARTIN,PEREZ,8/20/1966,M,M,martin5@adventure-works.com,"$90,000 ",0,Bachelors,Professional,Y
19578,MR.,MAX,RUBIO,8/14/1965,M,M,max19@adventure-works.com,"$60,000 ",3,Bachelors,Professional,Y
19579,MRS.,DAWN,ZHENG,8/27/1965,M,F,dawn21@adventure-works.com,"$60,000 ",3,Bachelors,Professional,Y
19580,MR.,EDDIE,SANZ,9/4/1965,M,M,eddie20@adventure-works.com,"$60,000 ",3,Bachelors,Professional,Y
19581,MR.,TODD,MA,2/8/1965,M,M,todd15@adventure-works.com,"$70,000 ",5,Bachelors,Professional,Y
19582,MRS.,BETHANY,LUO,9/25/1968,S,F,bethany9@adventure-works.com,"$70,000 ",5,Bachelors,Professional,Y
19583,MR.,JAKE,LI,5/15/1968,M,M,jake3@adventure-works.com,"$70,000 ",5,Bachelors,Professional,Y
19584,MR.,TERRANCE,SANCHEZ,5/8/1968,S,M,terrance18@adventure-works.com,"$70,000 ",0,Bachelors,Professional,N
19585,MS.,KRISTI,FERNANDEZ,11/14/1968,S,F,kristi33@adventure-works.com,"$70,000 ",0,Bachelors,Professional,N
19586,MR.,ALVIN,SHARMA,6/6/1968,S,M,alvin32@adventure-works.com,"$70,000 ",0,Bachelors,Professional,Y
19587,MRS.,ALYSSA,MARTIN,6/27/1968,M,F,alyssa14@adventure-works.com,"$80,000 ",5,Bachelors,Professional,Y
19588,MR.,RAYMOND,RAMAN,7/4/1968,M,M,raymond14@adventure-works.com,"$80,000 ",5,Bachelors,Professional,Y
19589,MR.,JAKE,HUANG,9/7/1964,M,M,jake6@adventure-works.com,"$60,000 ",3,Bachelors,Professional,Y
19590,MR.,MARTIN,SUBRAM,3/23/1964,M,M,martin18@adventure-works.com,"$60,000 ",4,Bachelors,Professional,Y
19591,MR.,DEREK,RAJI,3/3/1964,S,M,derek19@adventure-works.com,"$70,000 ",0,Bachelors,Professional,N
19592,MRS.,TARA,XU,2/25/1963,S,F,tara5@adventure-works.com,"$60,000 ",3,Bachelors,Professional,N
19593,MRS.,CARLA,RANA,10/14/1963,S,F,carla13@adventure-works.com,"$60,000 ",3,Bachelors,Professional,N
19594,MS.,SUZANNE,LIU,8/18/1963,S,F,suzanne5@adventure-works.com,"$70,000 ",0,Bachelors,Professional,N
19595,MR.,CARL,RAJI,3/16/1963,S,M,carl20@adventure-works.com,"$70,000 ",0,Bachelors,Professional,N
19596,MR.,ALLEN,FERNANDEZ,5/11/1963,S,M,allen14@adventure-works.com,"$70,000 ",0,Bachelors,Professional,N
19597,MR.,JAY,MARTIN,9/25/1967,M,M,jay29@adventure-works.com,"$90,000 ",4,Bachelors,Professional,Y
19599,MR.,ALVIN,JAI,2/4/1961,M,M,alvin33@adventure-works.com,"$60,000 ",1,Partial College,Skilled Manual,N
19600,MRS.,LACEY,ANDERSEN,8/14/1961,M,F,lacey3@adventure-works.com,"$60,000 ",1,Partial College,Skilled Manual,Y
19601,MR.,ALFREDO,SUAREZ,1/17/1961,M,M,alfredo20@adventure-works.com,"$60,000 ",1,Partial College,Skilled Manual,Y
19602,MR.,STANLEY,MADAN,4/11/1966,S,M,stanley8@adventure-works.com,"$100,000 ",0,Bachelors,Professional,Y
19603,MS.,TABITHA,HERNANDEZ,11/19/1966,S,F,tabitha23@adventure-works.com,"$100,000 ",0,Bachelors,Professional,N
19604,MS.,WENDY,BLANCO,9/6/1966,S,F,wendy14@adventure-works.com,"$110,000 ",0,Graduate Degree,Management,N
19605,MR.,BRAD,SHAN,11/27/1960,M,M,brad10@adventure-works.com,"$60,000 ",1,Partial College,Skilled Manual,Y
19606,MR.,GABRIEL,PARKER,5/23/1932,S,M,gabriel30@adventure-works.com,"$20,000 ",3,High School,Skilled Manual,Y
19607,MR.,TROY,SUBRAM,2/21/1965,S,M,troy14@adventure-works.com,"$70,000 ",0,Bachelors,Professional,Y
19608,MR.,HAROLD,PRASAD,10/28/1965,M,M,harold6@adventure-works.com,"$80,000 ",5,Bachelors,Professional,Y
19609,MS.,KARI,MARTINEZ,6/22/1964,S,F,kari18@adventure-works.com,"$70,000 ",0,Bachelors,Professional,N
19610,MRS.,DEBORAH,ANDERSEN,6/23/1959,M,F,deborah17@adventure-works.com,"$90,000 ",1,Bachelors,Professional,Y
19611,MS.,MEAGAN,PRASAD,10/15/1963,S,F,meagan9@adventure-works.com,"$70,000 ",0,Bachelors,Professional,N
19612,MR.,MARVIN,SANZ,2/26/1963,S,M,marvin20@adventure-works.com,"$70,000 ",0,Bachelors,Professional,N
19613,MR.,RUBEN,GARCIA,9/20/1963,S,M,ruben16@adventure-works.com,"$70,000 ",0,Bachelors,Professional,N
19614,MR.,WYATT,WILLIAMS,8/4/1963,S,M,wyatt2@adventure-works.com,"$70,000 ",0,Bachelors,Professional,N
19615,MR.,FRANKLIN,SUN,12/3/1962,S,M,franklin12@adventure-works.com,"$60,000 ",1,Partial College,Skilled Manual,Y
19616,MRS.,STEFANIE,RANA,6/4/1962,M,F,stefanie8@adventure-works.com,"$60,000 ",1,Partial College,Skilled Manual,Y
19617,MR.,KEITH,NATH,3/16/1962,M,M,keith22@adventure-works.com,"$70,000 ",5,Bachelors,Professional,Y
19618,MR.,ROSS,JOHNSEN,5/10/1962,M,M,ross26@adventure-works.com,"$70,000 ",5,Partial College,Skilled Manual,Y
19619,MR.,EDUARDO,MORRIS,11/11/1962,M,M,eduardo85@adventure-works.com,"$70,000 ",5,Partial College,Skilled Manual,Y
19620,MR.,ANDY,VAZQUEZ,11/16/1961,S,M,andy19@adventure-works.com,"$60,000 ",1,Partial College,Skilled Manual,Y
19621,MRS.,MARIAH,BARNES,6/6/1958,M,F,mariah7@adventure-works.com,"$80,000 ",5,Bachelors,Professional,Y
19622,MR.,ROGER,YUAN,12/26/1958,M,M,roger34@adventure-works.com,"$90,000 ",2,Bachelors,Professional,Y
19623,MRS.,CRISTINA,TANG,11/10/1958,M,F,cristina4@adventure-works.com,"$100,000 ",4,Bachelors,Management,Y
19624,MR.,WESLEY,ZHU,1/9/1957,M,M,wesley14@adventure-works.com,"$70,000 ",1,Partial College,Skilled Manual,Y
19625,MR.,IVAN,GONZALEZ,3/19/1957,S,M,ivan15@adventure-works.com,"$70,000 ",1,Partial College,Skilled Manual,Y
19626,MR.,BRADLEY,ANAND,10/8/1960,M,M,bradley24@adventure-works.com,"$70,000 ",5,Partial College,Skilled Manual,Y
19627,MRS.,KARI,BLANCO,2/4/1960,M,F,kari36@adventure-works.com,"$70,000 ",5,Partial College,Skilled Manual,Y
19628,MRS.,HOLLY,MARTINEZ,11/7/1956,S,F,holly17@adventure-works.com,"$70,000 ",1,Partial College,Skilled Manual,N
19629,MRS.,THERESA,CARLSON,2/14/1956,M,F,theresa14@adventure-works.com,"$70,000 ",1,Partial College,Skilled Manual,Y
19630,MRS.,JODI,RAJE,9/13/1956,M,F,jodi14@adventure-works.com,"$80,000 ",1,Partial College,Skilled Manual,Y
19631,MR.,TIMOTHY,SCOTT,3/26/1953,M,M,timothy37@adventure-works.com,"$40,000 ",2,Bachelors,Management,Y
19632,MR.,LAWRENCE,VAZQUEZ,10/23/1949,S,M,lawrence13@adventure-works.com,"$10,000 ",2,High School,Skilled Manual,Y
19633,MS.,DESTINY,GRAY,8/24/1976,S,F,destiny41@adventure-works.com,"$30,000 ",0,High School,Skilled Manual,Y
19634,MR.,GREGORY,NATH,4/11/1975,M,M,gregory22@adventure-works.com,"$40,000 ",0,High School,Skilled Manual,Y
19635,MS.,DAWN,SHAN,10/28/1976,S,F,dawn34@adventure-works.com,"$40,000 ",0,High School,Skilled Manual,Y
19636,MS.,JESSICA,LEE,11/17/1976,M,F,jessica70@adventure-works.com,"$40,000 ",0,High School,Skilled Manual,Y
19637,MR.,EDUARDO,LONG,7/7/1976,S,M,eduardo54@adventure-works.com,"$40,000 ",0,High School,Skilled Manual,N
19638,MS.,KIMBERLY,PETERSON,10/26/1980,M,F,kimberly8@adventure-works.com,"$30,000 ",0,High School,Skilled Manual,N
19639,MR.,VICTOR,GILL,3/15/1980,S,M,victor14@adventure-works.com,"$30,000 ",0,High School,Skilled Manual,Y
19640,MR.,RICHARD,WALKER,9/17/1980,M,M,richard17@adventure-works.com,"$30,000 ",0,High School,Skilled Manual,Y
19641,MR.,RICHARD,EVANS,3/21/1980,S,M,richard37@adventure-works.com,"$30,000 ",0,Partial High School,Clerical,N
19642,MS.,KAYLEE,EVANS,3/9/1979,S,F,kaylee20@adventure-works.com,"$30,000 ",0,Partial High School,Clerical,N
19643,MS.,JACQUELINE,WATSON,12/23/1978,M,F,jacqueline24@adventure-works.com,"$40,000 ",0,High School,Skilled Manual,Y
19644,MS.,GLORIA,GILL,9/20/1977,S,F,gloria14@adventure-works.com,"$30,000 ",0,Partial High School,Clerical,Y
19645,MR.,CARLOS,ROGERS,1/18/1977,M,M,carlos22@adventure-works.com,"$40,000 ",0,High School,Skilled Manual,N
19646,MR.,IAN,LEE,7/5/1979,S,M,ian20@adventure-works.com,"$30,000 ",0,Partial High School,Clerical,N
19647,MS.,HAILEY,SANDERS,10/18/1979,S,F,hailey20@adventure-works.com,"$30,000 ",0,Partial High School,Clerical,N
19648,MS.,LAUREN,HALL,10/4/1979,S,F,lauren42@adventure-works.com,"$30,000 ",0,Partial High School,Clerical,Y
19649,MS.,ELIZABETH,MARTIN,8/26/1979,S,F,elizabeth18@adventure-works.com,"$40,000 ",0,High School,Skilled Manual,Y
19650,MRS.,SABRINA,SANZ,4/27/1939,M,F,sabrina14@adventure-works.com,"$30,000 ",2,Partial College,Clerical,N
19651,MR.,JARROD,PEREZ,11/14/1939,M,M,jarrod20@adventure-works.com,"$40,000 ",2,Bachelors,Management,Y
19652,MR.,DOUGLAS,RODRIGUEZ,11/16/1942,S,M,douglas23@adventure-works.com,"$40,000 ",2,Bachelors,Management,Y
19653,MRS.,TINA,GONZALEZ,3/15/1942,M,F,tina20@adventure-works.com,"$50,000 ",2,Graduate Degree,Management,Y
19654,MR.,RICHARD,ALEXANDER,4/17/1976,M,M,richard74@adventure-works.com,"$40,000 ",0,High School,Skilled Manual,N
19655,MS.,CINDY,MURPHY,11/14/1976,S,F,cindy24@adventure-works.com,"$60,000 ",0,Partial College,Skilled Manual,N
19656,MS.,SYDNEY,TRAVERS,8/23/1974,M,F,sydney14@adventure-works.com,"$30,000 ",0,Partial College,Skilled Manual,Y
19657,MS.,EMILY,GRIFFIN,3/22/1972,S,F,emily46@adventure-works.com,"$80,000 ",0,Bachelors,Management,N
19658,MR.,DYLAN,RUSSELL,4/4/1968,S,M,dylan19@adventure-works.com,"$90,000 ",4,Bachelors,Management,Y
19659,MR.,WYATT,ROBINSON,11/22/1963,S,M,wyatt19@adventure-works.com,"$70,000 ",0,Partial College,Skilled Manual,N
19660,MR.,DEVIN,HILL,2/4/1963,M,M,devin27@adventure-works.com,"$80,000 ",4,Bachelors,Management,Y
19661,MR.,NATHANIEL,COX,2/25/1968,S,M,nathaniel11@adventure-works.com,"$90,000 ",4,Bachelors,Management,Y
19662,MRS.,LAUREN,POWELL,5/20/1968,M,F,lauren56@adventure-works.com,"$90,000 ",4,Bachelors,Management,Y
19663,MR.,ALEX,ALLEN,11/15/1968,M,M,alex46@adventure-works.com,"$90,000 ",4,Partial College,Skilled Manual,Y
19664,MR.,ETHAN,ALEXANDER,7/17/1968,S,M,ethan15@adventure-works.com,"$100,000 ",3,Bachelors,Management,N
19665,MR.,EDUARDO,GONZALES,4/12/1968,M,M,eduardo61@adventure-works.com,"$110,000 ",2,Graduate Degree,Management,Y
19666,MRS.,HAILEY,ALEXANDER,12/6/1944,M,F,hailey39@adventure-works.com,"$10,000 ",5,High School,Skilled Manual,Y
19667,MR.,BILLY,CARLSON,7/17/1944,M,M,billy18@adventure-works.com,"$20,000 ",4,High School,Skilled Manual,N
19668,MR.,ERICK,PATEL,10/12/1978,M,M,erick2@adventure-works.com,"$40,000 ",0,Partial College,Skilled Manual,N
19669,MS.,HAILEY,HILL,4/27/1978,S,F,hailey61@adventure-works.com,"$40,000 ",0,Partial College,Skilled Manual,N
19670,MR.,ERIK,GUTIERREZ,3/16/1978,S,M,erik11@adventure-works.com,"$60,000 ",0,Partial College,Skilled Manual,N
19671,MR.,MICHAEL,DAVIS,7/2/1978,M,M,michael37@adventure-works.com,"$60,000 ",0,Partial College,Skilled Manual,Y
19672,MRS.,ROSA,ZHAO,6/16/1945,M,F,rosa11@adventure-works.com,"$10,000 ",2,Partial High School,Clerical,Y
19673,MR.,MATHEW,NAVARRO,2/13/1945,M,M,mathew6@adventure-works.com,"$10,000 ",2,Partial High School,Clerical,Y
19674,MRS.,CASEY,DENG,9/27/1945,S,F,casey1@adventure-works.com,"$10,000 ",2,Partial High School,Clerical,Y
19675,MR.,DWAYNE,GILL,3/10/1946,M,M,dwayne13@adventure-works.com,"$20,000 ",4,High School,Skilled Manual,Y
19676,MRS.,DIANA,GUTIERREZ,9/15/1946,M,F,diana10@adventure-works.com,"$20,000 ",4,High School,Skilled Manual,N
19677,MR.,DYLAN,SHAN,11/19/1946,M,M,dylan30@adventure-works.com,"$20,000 ",4,High School,Skilled Manual,N
19678,MR.,MARTIN,RODRIGUEZ,8/7/1971,M,M,martin3@adventure-works.com,"$60,000 ",1,Graduate Degree,Skilled Manual,Y
19679,MR.,ERICK,RANA,3/11/1971,M,M,erick11@adventure-works.com,"$60,000 ",1,Graduate Degree,Skilled Manual,Y
19680,MRS.,JAN,KING,12/3/1971,M,F,jan16@adventure-works.com,"$60,000 ",1,Graduate Degree,Skilled Manual,Y
19681,MRS.,MORGAN,KING,9/9/1972,M,F,morgan16@adventure-works.com,"$50,000 ",1,Graduate Degree,Skilled Manual,Y
19682,MR.,ERIC,KUMAR,8/7/1972,M,M,eric36@adventure-works.com,"$50,000 ",1,Bachelors,Skilled Manual,Y
19683,MR.,MARCUS,PARKER,1/7/1972,M,M,marcus45@adventure-works.com,"$60,000 ",1,Graduate Degree,Skilled Manual,Y
19684,MS.,ALEXANDRA,LEE,9/3/1964,S,F,alexandra86@adventure-works.com,"$90,000 ",0,Partial College,Professional,N
19685,MRS.,BRANDY,PEREZ,3/16/1964,M,F,brandy17@adventure-works.com,"$110,000 ",3,Bachelors,Management,Y
19686,MR.,CHARLES,HERNANDEZ,6/21/1964,M,M,charles30@adventure-works.com,"$130,000 ",2,Graduate Degree,Management,Y
19687,MR.,CONNOR,COLEMAN,6/1/1964,M,M,connor2@adventure-works.com,"$130,000 ",3,Bachelors,Management,Y
19688,MR.,TIMOTHY,BAKER,2/12/1956,M,M,timothy33@adventure-works.com,"$70,000 ",4,Partial College,Professional,N
19689,MRS.,ELIZABETH,GONZALES,3/11/1956,S,F,elizabeth45@adventure-works.com,"$90,000 ",2,Partial College,Professional,Y
19690,MR.,ROBERT,WHITE,5/22/1934,S,M,robert71@adventure-works.com,"$170,000 ",0,Graduate Degree,Management,N
19691,MS.,GABRIELLA,COX,3/4/1963,S,F,gabriella8@adventure-works.com,"$90,000 ",0,Partial College,Professional,N
19692,MR.,AARON,EDWARDS,11/15/1963,M,M,aaron34@adventure-works.com,"$110,000 ",4,Bachelors,Management,Y
19693,MRS.,KAYLA,FOSTER,12/28/1962,M,F,kayla40@adventure-works.com,"$80,000 ",5,Partial College,Professional,Y
19694,MRS.,STEPHANIE,PEREZ,9/14/1962,M,F,stephanie57@adventure-works.com,"$100,000 ",1,Partial College,Professional,Y
19695,MR.,ANGEL,GONZALEZ,12/18/1962,M,M,angel31@adventure-works.com,"$100,000 ",1,Partial College,Professional,Y
19696,MR.,ADAM,PATTERSON,2/9/1962,M,M,adam8@adventure-works.com,"$120,000 ",1,Partial College,Professional,Y
19697,MRS.,ISABELLA,WOOD,5/28/1962,S,F,isabella13@adventure-works.com,"$120,000 ",1,High School,Professional,Y
19698,MRS.,STEPHANIE,BARNES,5/2/1962,M,F,stephanie30@adventure-works.com,"$130,000 ",1,Bachelors,Management,Y
19700,MR.,GABRIEL,HALL,7/13/1961,M,M,gabriel52@adventure-works.com,"$110,000 ",1,Partial College,Professional,Y
19702,MR.,EDWARD,DIAZ,10/2/1955,M,M,edward70@adventure-works.com,"$60,000 ",2,High School,Professional,N
19703,MRS.,KATELYN,BAKER,10/2/1955,M,F,katelyn40@adventure-works.com,"$60,000 ",2,High School,Professional,N
19704,MR.,NATHAN,COLLINS,6/26/1955,M,M,nathan32@adventure-works.com,"$60,000 ",2,High School,Professional,N
19705,MRS.,ANNA,HUGHES,3/2/1955,S,F,anna36@adventure-works.com,"$70,000 ",4,High School,Professional,Y
19706,MR.,BENJAMIN,DIAZ,10/12/1955,S,M,benjamin23@adventure-works.com,"$80,000 ",3,Partial College,Professional,Y
19707,MR.,COLE,COOPER,7/23/1954,M,M,cole10@adventure-works.com,"$80,000 ",2,Partial High School,Skilled Manual,Y
19708,MRS.,APRIL,LUO,9/9/1935,M,F,april5@adventure-works.com,"$80,000 ",4,Graduate Degree,Management,Y
19709,MR.,CHRISTIAN,MARTIN,5/20/1936,M,M,christian50@adventure-works.com,"$40,000 ",3,Partial College,Professional,N
19710,MRS.,ARIANNA,GONZALES,10/7/1960,S,F,arianna15@adventure-works.com,"$80,000 ",5,Partial College,Professional,Y
19711,MR.,DEVIN,COOPER,11/25/1960,S,M,devin76@adventure-works.com,"$100,000 ",3,Partial College,Professional,N
19712,MR.,ERIC,PHILLIPS,11/23/1960,M,M,eric48@adventure-works.com,"$100,000 ",0,Partial College,Professional,Y
19713,MS.,MORGAN,STEWART,8/8/1960,M,F,morgan46@adventure-works.com,"$100,000 ",0,Partial College,Professional,Y
19714,MRS.,ANGELA,PRICE,3/27/1960,S,F,angela2@adventure-works.com,"$120,000 ",1,High School,Professional,Y
19715,MR.,ELIJAH,PARKER,6/7/1960,M,M,elijah28@adventure-works.com,"$120,000 ",1,High School,Professional,N
19716,MR.,LOGAN,MARTIN,4/26/1954,S,M,logan66@adventure-works.com,"$60,000 ",3,Partial High School,Skilled Manual,Y
19717,MR.,EDWARD,HILL,8/6/1954,S,M,edward5@adventure-works.com,"$60,000 ",3,Partial High School,Skilled Manual,Y
19718,MRS.,TAYLOR,BUTLER,5/13/1954,M,F,taylor39@adventure-works.com,"$70,000 ",3,High School,Professional,Y
19719,MR.,HUNTER,BAKER,2/19/1953,S,M,hunter42@adventure-works.com,"$70,000 ",3,Graduate Degree,Management,Y
19720,MRS.,KAITLYN,PHILLIPS,9/21/1953,M,F,kaitlyn4@adventure-works.com,"$70,000 ",3,Graduate Degree,Management,Y
19721,MR.,NOAH,ALLEN,4/12/1953,S,M,noah71@adventure-works.com,"$70,000 ",3,Graduate Degree,Management,Y
19722,MR.,DALTON,BAILEY,9/13/1953,M,M,dalton87@adventure-works.com,"$70,000 ",3,Graduate Degree,Management,Y
19723,MRS.,OLIVIA,RUSSELL,8/9/1953,M,F,olivia65@adventure-works.com,"$70,000 ",3,Graduate Degree,Management,Y
19724,MR.,BRYCE,MORRIS,3/12/1953,S,M,bryce17@adventure-works.com,"$60,000 ",3,Graduate Degree,Management,Y
19725,MRS.,ALEXANDRIA,RAMIREZ,10/4/1952,M,F,alexandria30@adventure-works.com,"$40,000 ",3,Partial College,Professional,N
19726,MR.,JAVIER,RUBIO,4/3/1937,M,M,javier14@adventure-works.com,"$60,000 ",3,Graduate Degree,Management,Y
19727,MRS.,NATASHA,VAZQUEZ,3/28/1937,M,F,natasha14@adventure-works.com,"$60,000 ",3,Graduate Degree,Management,N
19728,MR.,WYATT,EDWARDS,10/11/1938,M,M,wyatt47@adventure-works.com,"$60,000 ",3,Graduate Degree,Management,Y
19729,MRS.,NICOLE,PATTERSON,5/2/1938,M,F,nicole59@adventure-works.com,"$60,000 ",3,Graduate Degree,Management,Y
19730,MR.,RICARDO,BLACK,8/21/1938,M,M,ricardo19@adventure-works.com,"$70,000 ",5,Graduate Degree,Management,N
19731,MR.,JONATHAN,ALLEN,6/21/1938,M,M,jonathan53@adventure-works.com,"$80,000 ",4,Graduate Degree,Management,Y
19732,MR.,KYLE,HILL,5/18/1939,S,M,kyle41@adventure-works.com,"$60,000 ",3,Graduate Degree,Management,Y
19733,MRS.,CAITLIN,WATSON,10/21/1939,M,F,caitlin0@adventure-works.com,"$60,000 ",3,Graduate Degree,Management,Y
19734,MRS.,NATALIE,WEISMAN,6/11/1939,M,F,natalie80@adventure-works.com,"$60,000 ",3,Graduate Degree,Management,Y
19735,MRS.,MACKENZIE,REED,10/14/1939,M,F,mackenzie19@adventure-works.com,"$70,000 ",5,Graduate Degree,Management,Y
19736,MRS.,RACHEL,KELLY,2/28/1940,M,F,rachel45@adventure-works.com,"$70,000 ",5,Graduate Degree,Management,Y
19737,MRS.,ERIN,RAMIREZ,8/19/1940,S,F,erin11@adventure-works.com,"$70,000 ",5,Graduate Degree,Management,Y
19738,MR.,HENRY,MARTINEZ,7/25/1940,M,M,henry19@adventure-works.com,"$70,000 ",5,Graduate Degree,Management,N
19739,MR.,LUCAS,PERRY,2/2/1940,M,M,lucas57@adventure-works.com,"$70,000 ",5,Graduate Degree,Management,Y
19740,MRS.,CONNIE,LIANG,11/21/1940,S,F,connie2@adventure-works.com,"$70,000 ",5,Graduate Degree,Management,Y
19741,MRS.,MARÍA,RIVERA,11/21/1940,S,F,maría10@adventure-works.com,"$80,000 ",4,Graduate Degree,Management,Y
19742,MRS.,ALEXIA,RUSSELL,6/11/1941,M,F,alexia16@adventure-works.com,"$50,000 ",4,Bachelors,Management,Y
19743,MRS.,HOLLY,RANA,8/10/1941,S,F,holly10@adventure-works.com,"$60,000 ",3,Graduate Degree,Management,Y
19744,MRS.,TAMARA,CAI,8/3/1941,M,F,tamara10@adventure-works.com,"$60,000 ",3,Graduate Degree,Management,Y
19745,MRS.,KAYLA,SIMMONS,9/18/1941,M,F,kayla39@adventure-works.com,"$60,000 ",3,Graduate Degree,Management,Y
19746,MRS.,STEPHANIE,SANDERS,8/21/1941,M,F,stephanie27@adventure-works.com,"$70,000 ",5,Graduate Degree,Management,Y
19747,MR.,LOUIS,RAI,12/19/1942,M,M,louis33@adventure-works.com,"$50,000 ",4,Bachelors,Management,Y
19748,MR.,CORY,PRASAD,6/21/1946,M,M,cory7@adventure-works.com,"$20,000 ",4,High School,Skilled Manual,N
19749,MS.,NATALIE,JACKSON,9/16/1978,S,F,natalie79@adventure-works.com,"$70,000 ",0,Partial College,Skilled Manual,N
19750,MR.,MIGUEL,FLORES,6/5/1977,S,M,miguel58@adventure-works.com,"$40,000 ",0,Partial High School,Clerical,N
19751,MS.,KAYLEE,HALL,7/6/1977,S,F,kaylee45@adventure-works.com,"$40,000 ",0,Partial High School,Clerical,N
19752,MRS.,EBONY,MADAN,9/26/1948,M,F,ebony7@adventure-works.com,"$20,000 ",4,High School,Skilled Manual,Y
19753,MRS.,LISA,GAO,5/21/1948,M,F,lisa18@adventure-works.com,"$20,000 ",4,High School,Skilled Manual,N
19754,MR.,FRANCISCO,RANA,7/22/1977,S,M,francisco12@adventure-works.com,"$40,000 ",0,Partial College,Skilled Manual,N
19755,MS.,LAUREN,FOSTER,6/24/1977,M,F,lauren62@adventure-works.com,"$40,000 ",0,Partial College,Skilled Manual,Y
19756,MR.,NICOLAS,YUAN,8/3/1977,S,M,nicolas4@adventure-works.com,"$60,000 ",0,Partial College,Skilled Manual,Y
19757,MS.,ALLISON,ALLEN,5/9/1976,M,F,allison45@adventure-works.com,"$60,000 ",0,Partial College,Skilled Manual,N
19758,MR.,ALEX,WRIGHT,12/25/1976,S,M,alex50@adventure-works.com,"$60,000 ",0,Partial College,Skilled Manual,N
19759,MS.,SYDNEY,BARNES,4/6/1976,M,F,sydney25@adventure-works.com,"$60,000 ",0,Partial College,Skilled Manual,Y
19760,MS.,SYDNEY,RUSSELL,5/2/1976,S,F,sydney42@adventure-works.com,"$60,000 ",0,Partial College,Skilled Manual,N
19761,MR.,ALAN,LU,6/11/1950,M,M,alan14@adventure-works.com,"$20,000 ",2,Partial High School,Clerical,Y
19762,MR.,WARREN,MA,6/24/1950,S,M,warren30@adventure-works.com,"$20,000 ",2,Partial High School,Clerical,Y
19763,MR.,ROGER,LU,10/9/1950,M,M,roger16@adventure-works.com,"$30,000 ",3,Partial College,Clerical,N
19764,MR.,WAYNE,PAL,4/18/1951,M,M,wayne14@adventure-works.com,"$20,000 ",2,Partial High School,Clerical,N
19765,MR.,RUBEN,PATEL,9/16/1951,M,M,ruben3@adventure-works.com,"$30,000 ",3,High School,Skilled Manual,N
19766,MR.,EDWIN,LIN,8/2/1951,M,M,edwin8@adventure-works.com,"$30,000 ",3,High School,Skilled Manual,Y
19767,MR.,ROSS,SERRANO,2/14/1980,S,M,ross34@adventure-works.com,"$40,000 ",0,Partial High School,Clerical,N
19768,MR.,CHRISTOPHER,JACKSON,10/16/1980,S,M,christopher12@adventure-works.com,"$40,000 ",0,Partial High School,Clerical,N
19769,MS.,ANDREA,PETERSON,7/27/1980,M,F,andrea5@adventure-works.com,"$30,000 ",0,Partial College,Skilled Manual,Y
19770,MRS.,ROSA,LIANG,2/23/1952,M,F,rosa16@adventure-works.com,"$30,000 ",3,High School,Skilled Manual,Y
19771,MRS.,TASHA,JAI,7/11/1952,M,F,tasha12@adventure-works.com,"$30,000 ",3,High School,Skilled Manual,N
19772,MR.,HECTOR,VAZQUEZ,5/10/1954,S,M,hector12@adventure-works.com,"$80,000 ",2,Partial College,Skilled Manual,N
19773,MR.,RICKY,GUTIERREZ,3/11/1954,M,M,ricky11@adventure-works.com,"$80,000 ",2,Partial College,Skilled Manual,Y
19774,MS.,BRIANNA,DAVIS,11/7/1975,M,F,brianna4@adventure-works.com,"$40,000 ",0,High School,Skilled Manual,Y
19775,MS.,ALISHA,CAI,4/26/1975,S,F,alisha22@adventure-works.com,"$40,000 ",0,High School,Skilled Manual,N
19776,MS.,JUDITH,MURPHY,5/22/1975,M,F,judith6@adventure-works.com,"$40,000 ",0,High School,Skilled Manual,Y
19777,MR.,JONATHAN,THOMAS,5/19/1975,M,M,jonathan64@adventure-works.com,"$60,000 ",0,Partial College,Skilled Manual,N
19778,MS.,ISABELLA,JONES,8/16/1975,M,F,isabella60@adventure-works.com,"$60,000 ",0,Partial College,Skilled Manual,Y
19780,MS.,BRIANNA,WHITE,12/11/1973,S,F,brianna11@adventure-works.com,"$70,000 ",0,Partial College,Professional,N
19781,MS.,ALEXIS,WASHINGTON,4/2/1976,M,F,alexis36@adventure-works.com,"$60,000 ",0,Partial College,Professional,N
19782,MR.,DEREK,SHAN,4/18/1955,S,M,derek9@adventure-works.com,"$80,000 ",2,High School,Skilled Manual,N
19783,MR.,TONY,KUMAR,5/8/1955,S,M,tony10@adventure-works.com,"$80,000 ",2,High School,Skilled Manual,Y
19784,MRS.,CHRISTY,LIU,9/18/1955,M,F,christy4@adventure-works.com,"$80,000 ",2,High School,Skilled Manual,Y
19785,MRS.,OLIVIA,RAMIREZ,7/13/1955,M,F,olivia42@adventure-works.com,"$80,000 ",2,High School,Skilled Manual,Y
19786,MRS.,ROBIN,CARLSON,7/28/1956,M,F,robin14@adventure-works.com,"$80,000 ",2,High School,Skilled Manual,Y
19787,MR.,ALEX,HILL,6/28/1956,S,M,alex42@adventure-works.com,"$80,000 ",2,High School,Skilled Manual,Y
19788,MRS.,KRISTEN,HU,6/18/1956,S,F,kristen17@adventure-works.com,"$80,000 ",2,High School,Skilled Manual,N
19789,MRS.,GLORIA,MUNOZ,4/10/1956,M,F,gloria7@adventure-works.com,"$80,000 ",2,High School,Skilled Manual,Y
19790,MRS.,AMY,WU,10/26/1956,S,F,amy14@adventure-works.com,"$80,000 ",2,High School,Skilled Manual,N
19791,MR.,WARREN,ZHOU,4/8/1956,S,M,warren24@adventure-works.com,"$80,000 ",2,High School,Skilled Manual,Y
19792,MRS.,CRISTINA,NARA,8/26/1957,S,F,cristina15@adventure-works.com,"$70,000 ",2,High School,Professional,N
19793,MRS.,TINA,SMITH,5/22/1957,S,F,tina10@adventure-works.com,"$70,000 ",2,High School,Professional,Y
19794,MR.,DANNY,ORTEGA,11/12/1957,S,M,danny23@adventure-works.com,"$70,000 ",2,High School,Professional,Y
19795,MR.,CASEY,NAVARRO,1/13/1958,M,M,casey33@adventure-works.com,"$100,000 ",1,Bachelors,Management,Y
19796,MR.,MARSHALL,XIE,11/13/1958,S,M,marshall24@adventure-works.com,"$120,000 ",5,Bachelors,Management,Y
19797,MR.,CLARENCE,LIU,11/24/1958,S,M,clarence40@adventure-works.com,"$130,000 ",0,Graduate Degree,Management,Y
19799,MR.,AUSTIN,TAYLOR,6/17/1973,S,M,austin46@adventure-works.com,"$80,000 ",0,Bachelors,Management,Y
19800,MS.,LAUREN,WHITE,3/13/1973,S,F,lauren31@adventure-works.com,"$80,000 ",0,Bachelors,Management,N
19801,MR.,JOHN,LEE,10/8/1974,S,M,john56@adventure-works.com,"$30,000 ",0,High School,Professional,Y
19802,MS.,SARA,JAMES,7/13/1974,S,F,sara8@adventure-works.com,"$30,000 ",0,High School,Professional,N
19803,MR.,JERMAINE,MEHTA,10/8/1974,S,M,jermaine12@adventure-works.com,"$30,000 ",0,Partial High School,Skilled Manual,N
19804,MR.,CAMERON,FOSTER,8/17/1974,S,M,cameron11@adventure-works.com,"$60,000 ",0,Partial College,Professional,N
19805,MS.,MARIAH,BUTLER,8/6/1974,S,F,mariah19@adventure-works.com,"$60,000 ",0,Partial College,Professional,N
19806,MS.,NANCY,PEREZ,2/22/1974,S,F,nancy24@adventure-works.com,"$60,000 ",0,Partial College,Professional,Y
19807,,SHANNON,ZHAO,4/24/1959,M,NA,shannon11@adventure-works.com,"$110,000 ",1,Bachelors,Management,Y
19808,MS.,BROOKE,KELLY,1/26/1966,M,F,brooke2@adventure-works.com,"$130,000 ",0,Graduate Degree,Management,Y
19809,MR.,ERIC,SHARMA,10/24/1966,M,M,eric38@adventure-works.com,"$130,000 ",0,Graduate Degree,Management,Y
19810,MR.,OSCAR,LONG,10/15/1957,S,M,oscar17@adventure-works.com,"$60,000 ",2,High School,Professional,Y
19811,MR.,EVAN,ALLEN,10/22/1957,M,M,evan42@adventure-works.com,"$60,000 ",2,High School,Professional,N
19812,MRS.,SYDNEY,MORGAN,8/17/1957,S,F,sydney6@adventure-works.com,"$70,000 ",2,Partial College,Professional,Y
19813,MRS.,REBECCA,PEREZ,1/16/1957,M,F,rebecca14@adventure-works.com,"$80,000 ",2,Bachelors,Management,Y
19814,MR.,BLAKE,WASHINGTON,2/12/1957,M,M,blake61@adventure-works.com,"$80,000 ",2,Bachelors,Management,Y
19815,MR.,CHRISTIAN,THOMPSON,4/8/1957,M,M,christian51@adventure-works.com,"$80,000 ",2,Bachelors,Management,Y
19816,MR.,LUCAS,BROWN,11/19/1957,M,M,lucas17@adventure-works.com,"$90,000 ",2,Partial College,Professional,Y
19817,MRS.,MORGAN,FLORES,8/8/1956,S,F,morgan82@adventure-works.com,"$60,000 ",2,High School,Professional,Y
19818,MRS.,BRIANNA,ANDERSON,1/18/1956,M,F,brianna8@adventure-works.com,"$60,000 ",2,High School,Professional,N
19819,MR.,ANDREW,BROWN,5/12/1956,M,M,andrew13@adventure-works.com,"$60,000 ",2,High School,Professional,N
19820,MRS.,ALEXANDRA,COLEMAN,3/3/1956,M,F,alexandra29@adventure-works.com,"$60,000 ",2,High School,Professional,N
19822,MR.,CARLOS,ADAMS,1/27/1965,M,M,carlos42@adventure-works.com,"$90,000 ",4,Partial College,Professional,Y
19823,MRS.,ABIGAIL,FOSTER,10/27/1965,M,F,abigail41@adventure-works.com,"$90,000 ",4,Partial College,Professional,Y
19824,MR.,JORDAN,PERRY,5/16/1965,S,M,jordan4@adventure-works.com,"$90,000 ",5,Partial College,Professional,Y
19825,MR.,GILBERT,FERRIER,2/13/1965,M,M,gilbert42@adventure-works.com,"$120,000 ",2,Bachelors,Management,Y
19826,MR.,CLARENCE,ZHAO,8/5/1964,S,M,clarence6@adventure-works.com,"$80,000 ",4,Bachelors,Management,Y
19827,MR.,JUSTIN,SMITH,3/11/1964,M,M,justin32@adventure-works.com,"$80,000 ",4,Bachelors,Management,Y
19828,MRS.,MADISON,WILSON,1/6/1964,M,F,madison7@adventure-works.com,"$80,000 ",4,Bachelors,Management,Y
19829,MR.,LUCAS,MITCHELL,9/3/1963,S,M,lucas3@adventure-works.com,"$60,000 ",3,Graduate Degree,Professional,N
19830,MRS.,GABRIELLE,LONG,12/24/1962,S,F,gabrielle32@adventure-works.com,"$70,000 ",1,Bachelors,Professional,Y
19831,MR.,CHARLES,GREEN,8/23/1962,M,M,charles34@adventure-works.com,"$70,000 ",1,Partial College,Skilled Manual,Y
19832,MRS.,SHEILA,HERNANDEZ,11/25/1961,M,F,sheila4@adventure-works.com,"$40,000 ",4,High School,Skilled Manual,N
19833,MRS.,MICHELLE,KELLY,2/22/1942,M,F,michelle4@adventure-works.com,"$50,000 ",4,Bachelors,Management,Y
19834,MR.,JOHNNY,SHARMA,8/5/1942,M,M,johnny10@adventure-works.com,"$50,000 ",4,Bachelors,Management,Y
19835,MRS.,JORDAN,ALLEN,1/9/1942,M,F,jordan52@adventure-works.com,"$60,000 ",3,Graduate Degree,Management,Y
19836,MR.,KEVIN,JAI,8/5/1942,M,M,kevin35@adventure-works.com,"$60,000 ",3,Graduate Degree,Management,N
19837,MR.,PHILIP,JIMENEZ,3/11/1942,M,M,philip5@adventure-works.com,"$70,000 ",5,Bachelors,Management,Y
19838,MR.,JARED,RAMIREZ,10/18/1942,M,M,jared10@adventure-works.com,"$70,000 ",5,Bachelors,Management,Y
19839,MRS.,CARLY,YUAN,7/23/1943,M,F,carly6@adventure-works.com,"$60,000 ",3,Graduate Degree,Management,N
19840,MRS.,JESSICA,JAMES,9/11/1943,M,F,jessica20@adventure-works.com,"$60,000 ",4,Graduate Degree,Management,Y
19841,MRS.,ALEXANDRIA,JENKINS,10/4/1943,M,F,alexandria7@adventure-works.com,"$70,000 ",5,Bachelors,Management,N
19842,MRS.,KATHERINE,PHILLIPS,5/2/1943,M,F,katherine54@adventure-works.com,"$70,000 ",5,Bachelors,Management,Y
19843,MR.,CONNOR,KUMAR,6/20/1943,S,M,connor23@adventure-works.com,"$70,000 ",5,Bachelors,Management,Y
19844,MRS.,EMMA,MURPHY,9/3/1943,M,F,emma32@adventure-works.com,"$70,000 ",5,Bachelors,Management,Y
19845,MR.,FERNANDO,HERNANDEZ,2/8/1943,M,M,fernando24@adventure-works.com,"$70,000 ",5,Bachelors,Management,Y
19846,MR.,SETH,PATTERSON,10/22/1943,M,M,seth58@adventure-works.com,"$70,000 ",5,Bachelors,Management,Y
19847,MR.,BRENDAN,ANAND,2/26/1943,S,M,brendan20@adventure-works.com,"$70,000 ",5,Bachelors,Management,Y
19848,MR.,BRYANT,MALHOTRA,2/13/1943,M,M,bryant5@adventure-works.com,"$80,000 ",5,Bachelors,Management,Y
19849,MR.,JORGE,WU,4/15/1944,M,M,jorge8@adventure-works.com,"$40,000 ",4,High School,Professional,N
19850,MR.,JEREMIAH,HILL,7/17/1944,M,M,jeremiah16@adventure-works.com,"$40,000 ",4,High School,Professional,N
19851,MR.,LOUIS,PAL,6/4/1945,S,M,louis28@adventure-works.com,"$70,000 ",4,Bachelors,Management,Y
19852,MR.,ERIC,CARTER,10/23/1945,S,M,eric52@adventure-works.com,"$70,000 ",5,Bachelors,Management,Y
19853,MR.,RICKY,RAMOS,8/13/1946,M,M,ricky18@adventure-works.com,"$70,000 ",5,Bachelors,Management,Y
19854,MRS.,KATHERINE,HALL,10/17/1946,S,F,katherine95@adventure-works.com,"$70,000 ",5,Bachelors,Management,Y
19855,MR.,JOHN,SMITH,2/26/1946,M,M,john37@adventure-works.com,"$70,000 ",5,Bachelors,Management,Y
19856,,TAMMY,MADAN,6/16/1946,M,NA,tammy8@adventure-works.com,"$60,000 ",4,Bachelors,Management,Y
19857,MRS.,MEGAN,ROGERS,9/13/1946,S,F,megan30@adventure-works.com,"$60,000 ",4,Bachelors,Management,Y
19858,MRS.,JENNA,COLLINS,10/23/1946,M,F,jenna2@adventure-works.com,"$60,000 ",4,Bachelors,Management,Y
19859,MRS.,LISA,ZHAO,7/11/1946,M,F,lisa14@adventure-works.com,"$60,000 ",4,Bachelors,Management,Y
19860,MRS.,SARA,YOUNG,10/13/1947,S,F,sara44@adventure-works.com,"$70,000 ",2,Partial College,Professional,Y
19861,MRS.,CAROLINE,PERRY,9/4/1947,M,F,caroline9@adventure-works.com,"$70,000 ",2,Partial College,Professional,Y
19862,MRS.,EMILY,HARRIS,8/10/1948,M,F,emily14@adventure-works.com,"$40,000 ",2,High School,Professional,N
19863,MRS.,PAIGE,POWELL,9/13/1948,M,F,paige9@adventure-works.com,"$60,000 ",2,Partial College,Professional,Y
19864,MR.,ISAIAH,BROOKS,12/17/1948,M,M,isaiah1@adventure-works.com,"$60,000 ",2,Partial College,Professional,Y
19865,MRS.,HAILEY,BUTLER,2/5/1948,M,F,hailey34@adventure-works.com,"$60,000 ",2,Partial College,Professional,Y
19866,MR.,MARTIN,PATEL,6/17/1948,M,M,martin8@adventure-works.com,"$60,000 ",2,Partial College,Professional,Y
19868,MR.,KYLE,JENKINS,12/24/1948,S,M,kyle2@adventure-works.com,"$60,000 ",2,Bachelors,Management,Y
19869,MRS.,CAROL,BROOKS,5/21/1948,M,F,carol23@adventure-works.com,"$70,000 ",4,Partial College,Professional,Y
19870,MR.,JAMES,MARTIN,10/17/1949,M,M,james87@adventure-works.com,"$40,000 ",2,Partial High School,Skilled Manual,Y
19871,MR.,BRYCE,RIVERA,3/17/1949,S,M,bryce16@adventure-works.com,"$60,000 ",2,Partial College,Professional,Y
19872,MRS.,FAITH,FOSTER,3/26/1950,M,F,faith15@adventure-works.com,"$40,000 ",2,Partial High School,Skilled Manual,N
19873,MR.,DYLAN,THOMAS,8/3/1950,S,M,dylan41@adventure-works.com,"$40,000 ",2,Partial High School,Skilled Manual,Y
19874,MRS.,SARA,ROGERS,3/26/1950,M,F,sara21@adventure-works.com,"$40,000 ",2,Partial High School,Skilled Manual,Y
19875,MR.,PATRICK,JAMES,5/19/1950,M,M,patrick5@adventure-works.com,"$60,000 ",2,Partial College,Professional,Y
19876,MR.,NATHAN,EDWARDS,6/13/1950,M,M,nathan31@adventure-works.com,"$60,000 ",2,Partial College,Professional,N
19877,MR.,STEVE,ZHENG,4/23/1950,M,M,steve22@adventure-works.com,"$60,000 ",2,Partial College,Professional,Y
19878,MRS.,MORGAN,JACKSON,7/27/1950,M,F,morgan34@adventure-works.com,"$70,000 ",4,Partial College,Professional,Y
19879,MR.,IAN,GREEN,5/17/1950,M,M,ian29@adventure-works.com,"$70,000 ",4,Partial College,Professional,Y
19880,MRS.,EMMA,BENNETT,5/16/1950,M,F,emma49@adventure-works.com,"$70,000 ",4,Partial College,Professional,N
19881,MR.,AIDAN,LONG,4/21/1950,M,M,aidan10@adventure-works.com,"$80,000 ",3,Bachelors,Management,Y
19882,MR.,RICHARD,PHILLIPS,6/23/1950,S,M,richard34@adventure-works.com,"$80,000 ",3,Bachelors,Management,Y
19883,MR.,KEVIN,YOUNG,10/18/1950,M,M,kevin53@adventure-works.com,"$80,000 ",3,Bachelors,Management,Y
19884,MR.,JAMES,SIMMONS,4/9/1951,M,M,james31@adventure-works.com,"$60,000 ",2,High School,Professional,Y
19885,MR.,ISAAC,TURNER,9/22/1951,S,M,isaac27@adventure-works.com,"$60,000 ",2,High School,Professional,Y
19886,MR.,MARCUS,BUTLER,8/2/1951,M,M,marcus64@adventure-works.com,"$60,000 ",2,High School,Professional,Y
19887,MRS.,OLIVIA,WALKER,12/18/1951,M,F,olivia22@adventure-works.com,"$60,000 ",2,Partial College,Professional,N
19888,MR.,CARSON,WASHINGTON,1/3/1951,S,M,carson12@adventure-works.com,"$60,000 ",2,Partial College,Professional,Y
19889,MRS.,CATHERINE,SANDERS,6/21/1952,S,F,catherine4@adventure-works.com,"$70,000 ",2,Partial High School,Skilled Manual,N
19890,MR.,LEE,ALVAREZ,8/22/1952,S,M,lee2@adventure-works.com,"$70,000 ",2,Partial High School,Skilled Manual,Y
19891,MRS.,JENNIFER,MORGAN,11/16/1952,M,F,jennifer58@adventure-works.com,"$60,000 ",2,High School,Professional,Y
19892,MR.,RICHARD,CAMPBELL,5/23/1952,M,M,richard35@adventure-works.com,"$60,000 ",2,High School,Professional,Y
19893,MR.,EVAN,BAKER,2/22/1952,S,M,evan32@adventure-works.com,"$60,000 ",2,High School,Professional,Y
19894,MR.,ELIJAH,SHARMA,7/13/1952,S,M,elijah4@adventure-works.com,"$60,000 ",2,High School,Professional,Y
19895,MR.,RICKY,JIMENEZ,2/23/1952,M,M,ricky5@adventure-works.com,"$60,000 ",2,High School,Professional,Y
19896,MRS.,KAITLYN,THOMAS,2/16/1952,M,F,kaitlyn33@adventure-works.com,"$60,000 ",2,High School,Professional,Y
19897,MRS.,GABRIELLA,NELSON,4/7/1953,S,F,gabriella32@adventure-works.com,"$70,000 ",4,Partial College,Professional,Y
19898,MRS.,DESIREE,SERRANO,5/10/1958,S,F,desiree13@adventure-works.com,"$130,000 ",2,Bachelors,Management,N
19899,MR.,MARCUS,RICHARDSON,3/19/1957,M,M,marcus85@adventure-works.com,"$110,000 ",2,Partial College,Professional,Y
19900,MRS.,ZOE,RICHARDSON,2/8/1957,M,F,zoe8@adventure-works.com,"$120,000 ",2,High School,Professional,Y
19901,MR.,RONALD,SARA,10/23/1957,M,M,ronald12@adventure-works.com,"$130,000 ",3,Partial College,Professional,Y
19902,MR.,JOHNNY,PAL,9/12/1956,M,M,johnny13@adventure-works.com,"$100,000 ",2,Partial College,Professional,Y
19903,MR.,MARCUS,NELSON,12/4/1956,S,M,marcus37@adventure-works.com,"$100,000 ",2,High School,Professional,Y
19904,MRS.,JASMINE,GRAY,3/14/1956,M,F,jasmine34@adventure-works.com,"$120,000 ",3,High School,Professional,Y
19905,MRS.,CHELSEA,FERNANDEZ,10/21/1956,S,F,chelsea17@adventure-works.com,"$170,000 ",3,Partial College,Professional,N
19906,MR.,ARMANDO,MUÑOZ,5/3/1956,M,M,armando7@adventure-works.com,"$170,000 ",3,High School,Professional,Y
19907,MR.,BRUCE,DIAZ,10/5/1955,M,M,bruce25@adventure-works.com,"$100,000 ",2,High School,Professional,Y
19908,MRS.,PAMELA,PRASAD,7/8/1955,S,F,pamela12@adventure-works.com,"$100,000 ",2,High School,Professional,Y
19909,MR.,GEOFFREY,CHANDRA,3/9/1955,M,M,geoffrey2@adventure-works.com,"$110,000 ",3,Partial College,Professional,Y
19910,,ORLANDO,RUBIO,6/4/1955,M,NA,orlando21@adventure-works.com,"$130,000 ",3,Partial College,Professional,Y
19911,MRS.,VALERIE,CHEN,7/19/1955,S,F,valerie3@adventure-works.com,"$130,000 ",3,Partial College,Professional,N
19912,MRS.,TARA,XIE,6/1/1955,M,F,tara3@adventure-works.com,"$160,000 ",2,High School,Professional,Y
19913,MRS.,JENNIFER,PEREZ,6/5/1944,M,F,jennifer14@adventure-works.com,"$70,000 ",5,High School,Professional,Y
19914,MR.,WILLIE,MA,4/27/1944,M,M,willie14@adventure-works.com,"$80,000 ",5,Bachelors,Management,Y
19915,MRS.,CLAUDIA,MCDONALD,9/20/1944,M,F,claudia10@adventure-works.com,"$100,000 ",2,Graduate Degree,Management,Y
19916,MRS.,KATIE,XIE,12/6/1944,M,F,katie6@adventure-works.com,"$170,000 ",3,Graduate Degree,Management,Y
19917,MRS.,JENNY,CHANDER,2/8/1944,M,F,jenny38@adventure-works.com,"$170,000 ",3,Bachelors,Management,Y
19918,MRS.,JOY,ALONSO,4/19/1944,M,F,joy9@adventure-works.com,"$170,000 ",4,Bachelors,Management,Y
19919,MRS.,REBEKAH,JOHNSEN,7/21/1945,M,F,rebekah25@adventure-works.com,"$150,000 ",3,Graduate Degree,Management,Y
19920,MRS.,MEREDITH,SANCHEZ,4/9/1946,S,F,meredith20@adventure-works.com,"$90,000 ",5,Partial College,Professional,Y
19921,MRS.,CARA,CAI,2/5/1946,S,F,cara17@adventure-works.com,"$110,000 ",3,Bachelors,Management,Y
19922,MRS.,NANCY,GONZALEZ,10/25/1954,S,F,nancy22@adventure-works.com,"$90,000 ",4,High School,Professional,Y
19923,MR.,JOE,PRASAD,11/3/1954,M,M,joe12@adventure-works.com,"$100,000 ",3,High School,Professional,Y
19924,MR.,DOUGLAS,PEREZ,4/20/1954,M,M,douglas25@adventure-works.com,"$120,000 ",2,Partial High School,Professional,Y
19925,MRS.,MADISON,JENKINS,11/14/1954,M,F,madison42@adventure-works.com,"$130,000 ",3,Partial College,Professional,Y
19926,MRS.,ALEXANDRIA,DIAZ,5/6/1954,M,F,alexandria22@adventure-works.com,"$130,000 ",3,Partial College,Professional,N
19927,MR.,RUBEN,FERNANDEZ,7/26/1954,M,M,ruben17@adventure-works.com,"$170,000 ",5,High School,Professional,Y
19928,MS.,JAIME,SANZ,6/4/1954,M,F,jaime22@adventure-works.com,"$170,000 ",0,High School,Professional,Y
19929,MR.,DALE,CHANDER,9/16/1953,M,M,dale13@adventure-works.com,"$100,000 ",3,Bachelors,Management,Y
19930,MR.,TONY,TANG,8/6/1953,M,M,tony7@adventure-works.com,"$110,000 ",2,Partial College,Professional,N
19931,MR.,DARRYL,XU,11/22/1953,M,M,darryl12@adventure-works.com,"$120,000 ",2,Bachelors,Management,N
19932,MR.,JAVIER,SANZ,7/25/1952,S,M,javier13@adventure-works.com,"$80,000 ",4,Partial College,Professional,Y
19933,MRS.,NICHOLE,DENG,2/16/1952,M,F,nichole1@adventure-works.com,"$120,000 ",4,Partial College,Professional,Y
19934,MR.,NEIL,BLANCO,6/27/1951,M,M,neil14@adventure-works.com,"$80,000 ",5,High School,Professional,Y
19935,MR.,CLINTON,NAVARRO,12/22/1951,M,M,clinton7@adventure-works.com,"$100,000 ",3,Partial College,Professional,Y
19936,MR.,COREY,LUO,9/12/1950,M,M,corey5@adventure-works.com,"$100,000 ",3,Partial College,Management,Y
19937,MR.,JIMMY,GOMEZ,12/20/1950,S,M,jimmy3@adventure-works.com,"$100,000 ",3,Partial College,Management,Y
19938,MRS.,CHELSEA,PATEL,7/27/1950,M,F,chelsea3@adventure-works.com,"$150,000 ",4,Bachelors,Management,Y
19939,MR.,ALVIN,WANG,8/5/1950,M,M,alvin2@adventure-works.com,"$160,000 ",2,Partial College,Management,Y
19940,MRS.,ROSA,YE,2/15/1949,M,F,rosa10@adventure-works.com,"$160,000 ",3,Partial College,Management,N
19941,MR.,CEDRIC,LIANG,3/11/1949,S,M,cedric16@adventure-works.com,"$160,000 ",3,High School,Management,N
19942,MR.,ARMANDO,NAVARRO,8/8/1949,S,M,armando10@adventure-works.com,"$170,000 ",5,Partial College,Management,N
19943,MR.,WALTER,CARLSON,2/27/1948,M,M,walter11@adventure-works.com,"$90,000 ",4,High School,Management,N
19944,MR.,JONATHON,SUAREZ,8/10/1948,M,M,jonathon15@adventure-works.com,"$90,000 ",4,Partial High School,Skilled Manual,N
19945,MR.,PHILLIP,GARCIA,6/22/1947,M,M,phillip16@adventure-works.com,"$80,000 ",5,Partial High School,Skilled Manual,Y
19946,MRS.,TAMARA,RAJE,6/9/1947,S,F,tamara25@adventure-works.com,"$120,000 ",5,High School,Management,Y
19947,MR.,DARRYL,LIU,5/26/1975,S,M,darryl4@adventure-works.com,"$70,000 ",0,Bachelors,Professional,N
19948,MS.,LACEY,HU,10/22/1975,S,F,lacey33@adventure-works.com,"$70,000 ",0,Bachelors,Professional,Y
19949,MS.,NIÑIA,ANAND,12/26/1976,M,F,niñia0@adventure-works.com,"$70,000 ",0,Bachelors,Professional,Y
19950,MR.,RONNIE,LU,1/11/1976,M,M,ronnie9@adventure-works.com,"$80,000 ",0,Bachelors,Professional,Y
19951,MR.,ROY,MORENO,7/26/1976,S,M,roy27@adventure-works.com,"$80,000 ",0,Bachelors,Professional,N
19952,MS.,ADRIENNE,MARTIN,3/28/1975,S,F,adrienne0@adventure-works.com,"$80,000 ",0,Bachelors,Professional,Y
19953,MR.,DARRELL,LAL,2/23/1974,S,M,darrell17@adventure-works.com,"$70,000 ",0,Bachelors,Professional,Y
19955,MR.,JAKE,GAO,5/12/1973,S,M,jake13@adventure-works.com,"$80,000 ",0,Bachelors,Professional,Y
19956,MS.,SUSAN,SHE,12/24/1973,M,F,susan34@adventure-works.com,"$80,000 ",0,Bachelors,Professional,Y
19957,MR.,ARTHUR,MEHTA,3/19/1974,S,M,arthur16@adventure-works.com,"$90,000 ",0,Bachelors,Professional,Y
19958,MS.,ERIKA,ROMERO,12/6/1973,M,F,erika6@adventure-works.com,"$90,000 ",0,Bachelors,Professional,Y
19959,MS.,TABITHA,MORENO,3/11/1973,S,F,tabitha26@adventure-works.com,"$100,000 ",0,High School,Management,Y
19960,MR.,PHIL,SPENCER,2/2/1973,M,M,phil0@adventure-works.com,"$100,000 ",0,High School,Management,Y
19961,MS.,KRISTIN,SHE,2/5/1972,M,F,kristin2@adventure-works.com,"$80,000 ",0,Bachelors,Professional,N
19962,MR.,DOMINIC,PRASAD,10/8/1973,M,M,dominic9@adventure-works.com,"$110,000 ",0,Partial College,Management,Y
19963,MR.,GEOFFREY,FERNANDEZ,11/20/1973,M,M,geoffrey13@adventure-works.com,"$120,000 ",0,Partial High School,Professional,Y
19964,MS.,GLORIA,ALONSO,6/11/1973,S,F,gloria8@adventure-works.com,"$120,000 ",0,Partial High School,Professional,Y
19965,MR.,JAY,LOPEZ,11/13/1973,M,M,jay23@adventure-works.com,"$130,000 ",4,High School,Management,Y
19966,MS.,ABBY,SANCHEZ,7/23/1972,M,F,abby17@adventure-works.com,"$90,000 ",0,Bachelors,Professional,Y
19967,MR.,DEVON,DENG,11/1/1972,S,M,devon0@adventure-works.com,"$90,000 ",0,Bachelors,Professional,N
19968,MS.,KATRINA,CHANDE,7/28/1972,M,F,katrina13@adventure-works.com,"$100,000 ",0,High School,Management,N
19969,MR.,JAKE,GUO,3/25/1971,S,M,jake15@adventure-works.com,"$80,000 ",0,Bachelors,Professional,Y
19970,MRS.,TANYA,JIMENEZ,11/8/1972,S,F,tanya1@adventure-works.com,"$130,000 ",4,High School,Management,Y
19971,MR.,JEFFERY,LU,7/5/1971,S,M,jeffery12@adventure-works.com,"$100,000 ",0,High School,Management,Y
19972,MS.,LINDSAY,CHANDER,11/17/1971,M,F,lindsay16@adventure-works.com,"$100,000 ",0,High School,Management,Y
19973,MR.,COLIN,ZHU,10/15/1970,M,M,colin15@adventure-works.com,"$90,000 ",0,Bachelors,Professional,N
19974,MR.,GEORGE,FERNANDEZ,8/13/1970,M,M,george22@adventure-works.com,"$100,000 ",0,High School,Management,Y
19975,MS.,BRITTNEY,ZHANG,9/16/1970,S,F,brittney0@adventure-works.com,"$100,000 ",0,Partial High School,Professional,Y
19976,MS.,TAMARA,SUN,4/7/1970,M,F,tamara2@adventure-works.com,"$110,000 ",0,High School,Management,Y
19977,MS.,KRISTINE,GILL,10/10/1970,S,F,kristine14@adventure-works.com,"$120,000 ",0,Partial High School,Professional,Y
19978,MR.,MARSHALL,YUAN,4/28/1971,M,M,marshall28@adventure-works.com,"$110,000 ",0,Partial High School,Professional,Y
19979,MS.,JANET,BROWNING,12/24/1971,M,F,janet21@adventure-works.com,"$120,000 ",0,Partial High School,Management,Y
19980,MRS.,ALEXANDRA,CARTER,8/3/1964,M,F,alexandra52@adventure-works.com,"$90,000 ",5,Partial College,Professional,Y
19981,MRS.,KELLY,RUSSELL,3/18/1972,M,F,kelly24@adventure-works.com,"$60,000 ",1,Graduate Degree,Professional,Y
19982,MR.,CHARLES,COX,1/22/1972,S,M,charles59@adventure-works.com,"$70,000 ",1,Graduate Degree,Professional,Y
19983,MR.,MICHAEL,MARTINEZ,5/20/1970,M,M,michael49@adventure-works.com,"$50,000 ",1,Bachelors,Skilled Manual,Y
19984,MRS.,SARA,MORRIS,6/7/1970,M,F,sara20@adventure-works.com,"$50,000 ",1,Bachelors,Skilled Manual,Y
19985,MRS.,TAMARA,MA,9/24/1969,S,F,tamara5@adventure-works.com,"$50,000 ",2,Bachelors,Skilled Manual,Y
19986,MRS.,JAMIE,HUANG,7/13/1969,S,F,jamie8@adventure-works.com,"$50,000 ",2,Bachelors,Skilled Manual,Y
19987,MRS.,TAYLOR,MOORE,7/19/1971,S,F,taylor55@adventure-works.com,"$60,000 ",1,Graduate Degree,Professional,Y
19988,MR.,JORDAN,LONG,4/10/1971,M,M,jordan6@adventure-works.com,"$60,000 ",1,Graduate Degree,Professional,Y
19989,MR.,ETHAN,THOMPSON,1/13/1971,M,M,ethan49@adventure-works.com,"$60,000 ",1,Graduate Degree,Professional,Y
19990,MR.,PETER,RAI,8/8/1971,M,M,peter22@adventure-works.com,"$70,000 ",2,Graduate Degree,Professional,Y
19991,MR.,JACOB,THOMAS,10/18/1971,M,M,jacob10@adventure-works.com,"$70,000 ",2,Graduate Degree,Professional,Y
19992,MRS.,STEPHANIE,HILL,6/3/1971,M,F,stephanie66@adventure-works.com,"$70,000 ",3,Graduate Degree,Professional,Y
19993,MR.,NATHAN,RUSSELL,11/20/1969,M,M,nathan16@adventure-works.com,"$60,000 ",1,Graduate Degree,Professional,Y
19994,MRS.,MADELINE,KING,10/22/1968,S,F,madeline17@adventure-works.com,"$70,000 ",2,Bachelors,Skilled Manual,Y
19995,MRS.,JORDYN,GONZALES,4/9/1968,M,F,jordyn16@adventure-works.com,"$70,000 ",2,Bachelors,Skilled Manual,Y
19996,MR.,GRANT,SHE,5/13/1968,S,M,grant2@adventure-works.com,"$70,000 ",2,Bachelors,Skilled Manual,N
19997,MRS.,BETH,GILL,6/6/1968,M,F,beth16@adventure-works.com,"$70,000 ",2,Bachelors,Skilled Manual,Y
19998,MRS.,LAURA,LIU,10/5/1967,S,F,laura11@adventure-works.com,"$40,000 ",5,High School,Skilled Manual,Y
19999,MS.,DANIELLE,BROOKS,1/16/1967,S,F,danielle4@adventure-works.com,"$40,000 ",0,Bachelors,Professional,N
20000,MR.,ELIJAH,DIAZ,10/23/1970,M,M,elijah23@adventure-works.com,"$60,000 ",1,Graduate Degree,Professional,Y
20001,MRS.,JORDAN,HILL,1/5/1970,S,F,jordan41@adventure-works.com,"$60,000 ",2,Graduate Degree,Professional,Y
20002,MRS.,ELIZABETH,WHITE,5/6/1970,M,F,elizabeth16@adventure-works.com,"$70,000 ",4,Graduate Degree,Professional,Y
20003,MR.,DALTON,GONZALEZ,6/21/1970,S,M,dalton33@adventure-works.com,"$70,000 ",4,Graduate Degree,Professional,Y
20004,MRS.,KAITLIN,PEREZ,11/7/1970,M,F,kaitlin20@adventure-works.com,"$70,000 ",4,Graduate Degree,Professional,Y
20005,MR.,KEVIN,ZHANG,10/16/1967,S,M,kevin26@adventure-works.com,"$50,000 ",2,Bachelors,Skilled Manual,Y
20006,MRS.,GRACE,MORRIS,7/8/1967,S,F,grace27@adventure-works.com,"$50,000 ",2,Bachelors,Skilled Manual,Y
20007,MRS.,ASHLEY,ALEXANDER,9/3/1967,S,F,ashley46@adventure-works.com,"$50,000 ",2,Bachelors,Skilled Manual,N
20008,MR.,JACK,FOSTER,9/3/1966,M,M,jack16@adventure-works.com,"$60,000 ",0,Graduate Degree,Professional,Y
20009,MR.,NOAH,WALKER,8/3/1966,S,M,noah70@adventure-works.com,"$60,000 ",0,Graduate Degree,Professional,Y
20010,MR.,JACKSON,CARTER,12/16/1966,M,M,jackson40@adventure-works.com,"$70,000 ",4,Graduate Degree,Professional,Y
20011,MR.,EDUARDO,SANDERS,3/2/1966,M,M,eduardo70@adventure-works.com,"$70,000 ",4,Graduate Degree,Professional,Y
20012,MRS.,JESSICA,ROBINSON,10/12/1966,M,F,jessica66@adventure-works.com,"$70,000 ",4,Graduate Degree,Professional,Y
20013,MRS.,JOCELYN,HUGHES,3/3/1969,S,F,jocelyn12@adventure-works.com,"$70,000 ",5,Graduate Degree,Professional,Y
20014,MRS.,ANNE,BLANCO,3/7/1969,M,F,anne17@adventure-works.com,"$70,000 ",5,Graduate Degree,Professional,N
20015,MRS.,JENNA,KING,11/20/1969,M,F,jenna18@adventure-works.com,"$80,000 ",3,Graduate Degree,Professional,Y
20016,MS.,KATHERINE,KELLY,8/4/1965,S,F,katherine23@adventure-works.com,"$40,000 ",0,Bachelors,Professional,N
20017,MS.,ANNA,SANDERS,10/15/1965,S,F,anna24@adventure-works.com,"$40,000 ",0,Bachelors,Professional,N
20018,MRS.,LAUREN,GRAY,2/13/1965,M,F,lauren16@adventure-works.com,"$80,000 ",3,Bachelors,Skilled Manual,Y
20019,MRS.,BRITTANY,DIAZ,10/21/1965,M,F,brittany20@adventure-works.com,"$80,000 ",3,Bachelors,Skilled Manual,Y
20020,MRS.,JACQUELINE,FOSTER,4/2/1965,S,F,jacqueline17@adventure-works.com,"$80,000 ",3,Bachelors,Skilled Manual,N
20021,MR.,ALEXANDER,JONES,6/28/1965,M,M,alexander5@adventure-works.com,"$80,000 ",4,Bachelors,Skilled Manual,Y
20022,MRS.,ARTHUR,PERRY,6/22/1965,M,F,arthur1@adventure-works.com,"$50,000 ",4,Bachelors,Skilled Manual,Y
20023,MR.,EDWARD,HUGHES,6/24/1965,S,M,edward60@adventure-works.com,"$60,000 ",0,Graduate Degree,Professional,Y
20024,MR.,FERNANDO,MILLER,11/10/1964,S,M,fernando6@adventure-works.com,"$40,000 ",0,Bachelors,Professional,Y
20025,MR.,BRYCE,BELL,9/22/1964,S,M,bryce13@adventure-works.com,"$40,000 ",0,Bachelors,Professional,N
20026,MS.,JASMINE,RICHARDSON,7/24/1964,S,F,jasmine29@adventure-works.com,"$40,000 ",0,Bachelors,Professional,N
20027,MRS.,DANIELLE,MURPHY,12/17/1964,M,F,danielle17@adventure-works.com,"$60,000 ",5,Bachelors,Skilled Manual,Y
20028,MRS.,ANGELA,FLORES,11/6/1964,S,F,angela15@adventure-works.com,"$60,000 ",5,Bachelors,Skilled Manual,N
20029,MRS.,JAN,EVANS,10/24/1964,M,F,jan10@adventure-works.com,"$60,000 ",4,Bachelors,Skilled Manual,Y
20030,MR.,ALEXANDER,HARRIS,3/21/1964,M,M,alexander17@adventure-works.com,"$60,000 ",4,Bachelors,Skilled Manual,Y
20031,MR.,DEVIN,JAMES,5/11/1964,S,M,devin61@adventure-works.com,"$60,000 ",4,Bachelors,Skilled Manual,Y
20032,MR.,MARCUS,WALKER,3/11/1964,S,M,marcus24@adventure-works.com,"$60,000 ",4,Bachelors,Skilled Manual,Y
20033,MR.,CARLOS,TURNER,10/18/1963,M,M,carlos32@adventure-works.com,"$70,000 ",4,Bachelors,Professional,Y
20034,MR.,WYATT,TURNER,4/27/1963,S,M,wyatt43@adventure-works.com,"$70,000 ",4,Bachelors,Professional,Y
20035,MR.,CESAR,FERNANDEZ,3/1/1963,M,M,cesar15@adventure-works.com,"$70,000 ",4,Bachelors,Professional,Y
20036,MRS.,KATE,TANG,4/7/1963,M,F,kate3@adventure-works.com,"$70,000 ",4,Bachelors,Professional,Y
20037,MS.,ALYSSA,SANCHEZ,3/10/1968,S,F,alyssa25@adventure-works.com,"$70,000 ",0,Bachelors,Professional,Y
20038,MS.,TAYLOR,PRICE,6/22/1968,S,F,taylor25@adventure-works.com,"$70,000 ",0,Bachelors,Professional,N
20039,MRS.,STEPHANIE,EVANS,4/8/1963,S,F,stephanie50@adventure-works.com,"$70,000 ",4,Bachelors,Professional,N
20040,MRS.,VICTORIA,RIVERA,6/23/1963,S,F,victoria34@adventure-works.com,"$60,000 ",3,Graduate Degree,Professional,N
20041,MR.,JOE,ALVAREZ,10/26/1978,S,M,joe45@adventure-works.com,"$30,000 ",0,High School,Manual,N
20042,MR.,BRAD,DENG,5/4/1974,M,M,brad2@adventure-works.com,"$40,000 ",1,Bachelors,Skilled Manual,Y
20043,MR.,BRENT,ZHENG,8/25/1972,S,M,brent19@adventure-works.com,"$10,000 ",0,Partial High School,Manual,Y
20044,MS.,JILLIAN,RANA,4/25/1973,S,F,jillian12@adventure-works.com,"$30,000 ",0,High School,Manual,N
20045,MR.,ANDRES,SHEN,11/3/1973,M,M,andres1@adventure-works.com,"$40,000 ",1,Bachelors,Skilled Manual,Y
20046,MR.,PETER,SHE,9/4/1973,M,M,peter8@adventure-works.com,"$40,000 ",1,Bachelors,Skilled Manual,Y
20047,MR.,RONNIE,HUANG,4/24/1973,M,M,ronnie5@adventure-works.com,"$40,000 ",1,Bachelors,Skilled Manual,Y
20048,MS.,VIRGINIA,SRINI,7/5/1972,S,F,virginia10@adventure-works.com,"$30,000 ",0,High School,Manual,N
20049,MS.,COLLEEN,CHAVEZ,6/23/1971,S,F,colleen38@adventure-works.com,"$10,000 ",0,Partial High School,Manual,N
20050,MS.,ADRIANA,PRASAD,3/2/1972,S,F,adriana10@adventure-works.com,"$30,000 ",0,High School,Manual,N
20051,MRS.,LINDA,DOMINGUEZ,10/19/1972,S,F,linda28@adventure-works.com,"$40,000 ",1,Partial College,Clerical,N
20052,MR.,THEODORE,RUIZ,1/15/1972,S,M,theodore2@adventure-works.com,"$40,000 ",2,Partial College,Clerical,Y
20053,MR.,JESSIE,YANG,3/18/1972,S,M,jessie10@adventure-works.com,"$40,000 ",2,Partial College,Clerical,Y
20054,MR.,CLARENCE,NARA,11/23/1972,S,M,clarence31@adventure-works.com,"$40,000 ",2,Partial College,Clerical,Y
20055,MR.,RUBEN,RUIZ,5/3/1971,S,M,ruben25@adventure-works.com,"$20,000 ",0,Partial High School,Manual,N
20056,MR.,JOHNNY,SHE,11/23/1971,S,M,johnny1@adventure-works.com,"$20,000 ",0,Partial High School,Manual,N
20057,MR.,RAMON,ZHOU,1/15/1971,S,M,ramon8@adventure-works.com,"$20,000 ",0,Partial High School,Manual,N
20058,MR.,ROGER,LIU,2/7/1971,S,M,roger8@adventure-works.com,"$20,000 ",0,Partial High School,Manual,N
20059,MS.,MADISON,WASHINGTON,1/6/1971,M,F,madison25@adventure-works.com,"$30,000 ",0,High School,Manual,N
20060,MS.,KAYLA,JACKSON,10/8/1971,S,F,kayla12@adventure-works.com,"$30,000 ",0,High School,Manual,N
20061,MS.,SHARON,NATH,9/27/1971,S,F,sharon24@adventure-works.com,"$30,000 ",0,High School,Manual,N
20062,MR.,RUSSELL,CARSON,9/16/1971,S,M,russell17@adventure-works.com,"$30,000 ",0,High School,Manual,N
20063,MRS.,KRISTY,ORTEGA,6/1/1970,S,F,kristy20@adventure-works.com,"$40,000 ",2,Partial College,Clerical,Y
20064,MRS.,WHITNEY,PRASAD,12/7/1971,S,F,whitney8@adventure-works.com,"$40,000 ",2,Partial College,Clerical,Y
20065,MR.,GRANT,LAL,11/23/1971,M,M,grant10@adventure-works.com,"$40,000 ",2,Partial College,Clerical,N
20066,MR.,MARCUS,WHITE,8/14/1974,S,M,marcus13@adventure-works.com,"$40,000 ",3,Partial College,Clerical,Y
20067,MRS.,DESTINY,THOMPSON,10/10/1974,S,F,destiny15@adventure-works.com,"$40,000 ",3,Partial College,Clerical,Y
20068,MRS.,ALEXANDRIA,PETERSON,4/24/1974,S,F,alexandria28@adventure-works.com,"$40,000 ",3,Partial College,Clerical,Y
20069,MS.,JESSICA,SMITH,7/27/1974,S,F,jessica47@adventure-works.com,"$30,000 ",0,Graduate Degree,Skilled Manual,Y
20070,MR.,RICHARD,MORRIS,4/9/1966,M,M,richard99@adventure-works.com,"$60,000 ",0,Graduate Degree,Skilled Manual,N
20071,MR.,SEAN,CAMPBELL,2/3/1966,M,M,sean38@adventure-works.com,"$60,000 ",0,Graduate Degree,Skilled Manual,Y
20072,MS.,KAITLYN,MARTINEZ,4/19/1966,M,F,kaitlyn40@adventure-works.com,"$60,000 ",0,Graduate Degree,Skilled Manual,Y
20073,MS.,MELISSA,COOPER,1/6/1966,M,F,melissa30@adventure-works.com,"$60,000 ",0,Graduate Degree,Skilled Manual,Y
20074,MR.,PRESTON,MADAN,8/26/1953,S,M,preston6@adventure-works.com,"$10,000 ",2,High School,Manual,Y
20075,MR.,AARON,ALLEN,5/18/1953,S,M,aaron55@adventure-works.com,"$10,000 ",2,High School,Manual,Y
20076,MRS.,BETH,VAZQUEZ,5/18/1953,S,F,beth17@adventure-works.com,"$10,000 ",2,High School,Manual,Y
20077,MR.,AIDAN,COLEMAN,11/5/1953,M,M,aidan6@adventure-works.com,"$10,000 ",2,High School,Manual,Y
20078,MR.,JOSE,LEE,10/21/1953,M,M,jose65@adventure-works.com,"$20,000 ",2,High School,Manual,N
20079,MRS.,ALEXANDRA,TAYLOR,5/7/1953,M,F,alexandra72@adventure-works.com,"$20,000 ",2,High School,Manual,N
20080,MRS.,MARIA,STEWART,6/24/1953,M,F,maria1@adventure-works.com,"$20,000 ",2,High School,Manual,N
20081,MR.,JERRY,XIE,1/17/1953,M,M,jerry3@adventure-works.com,"$20,000 ",2,High School,Manual,N
20083,MR.,TERRY,KUMAR,6/14/1953,M,M,terry11@adventure-works.com,"$20,000 ",2,High School,Manual,N
20084,MR.,ALEX,STEWART,2/5/1953,M,M,alex30@adventure-works.com,"$20,000 ",2,High School,Manual,N
20085,MRS.,JESSICA,MOORE,4/28/1954,M,F,jessica55@adventure-works.com,"$20,000 ",2,Partial High School,Manual,N
20086,MR.,JEREMIAH,HAYES,10/9/1954,M,M,jeremiah38@adventure-works.com,"$20,000 ",3,Partial High School,Manual,N
20087,MR.,SETH,GRAY,2/14/1954,M,M,seth79@adventure-works.com,"$20,000 ",3,Partial High School,Manual,N
20088,MR.,JOSE,LEWIS,1/17/1954,M,M,jose63@adventure-works.com,"$20,000 ",3,Partial High School,Clerical,N
20090,MR.,BLAKE,EDWARDS,7/22/1954,M,M,blake46@adventure-works.com,"$30,000 ",1,High School,Clerical,Y
20091,MRS.,ANDREA,PARKER,5/21/1954,M,F,andrea23@adventure-works.com,"$30,000 ",1,High School,Clerical,Y
20092,MR.,ETHAN,SHARMA,6/21/1954,M,M,ethan26@adventure-works.com,"$40,000 ",1,Partial College,Clerical,Y
20093,MRS.,MEGAN,CLARK,4/13/1954,M,F,megan22@adventure-works.com,"$40,000 ",1,Partial College,Clerical,Y
20094,MRS.,LINDSEY,CHANDE,12/22/1955,M,F,lindsey16@adventure-works.com,"$30,000 ",1,High School,Clerical,N
20095,MRS.,ANA,FLORES,10/2/1955,M,F,ana11@adventure-works.com,"$30,000 ",1,High School,Clerical,N
20096,MR.,JONATHAN,LAL,5/4/1955,M,M,jonathan27@adventure-works.com,"$30,000 ",2,High School,Skilled Manual,N
20097,MRS.,BRITTANY,GRIFFIN,9/4/1955,M,F,brittany19@adventure-works.com,"$40,000 ",1,Partial College,Clerical,Y
20098,MRS.,ALEXIS,LEWIS,11/14/1956,M,F,alexis18@adventure-works.com,"$30,000 ",2,High School,Skilled Manual,N
20099,MR.,DEVON,XIE,4/3/1956,M,M,devon2@adventure-works.com,"$30,000 ",2,High School,Skilled Manual,N
20100,MR.,JESSE,WATSON,3/27/1956,S,M,jesse0@adventure-works.com,"$30,000 ",2,High School,Skilled Manual,Y
20101,MR.,DEVIN,HAYES,1/26/1956,M,M,devin60@adventure-works.com,"$30,000 ",2,High School,Skilled Manual,Y
20102,MRS.,ARIANNA,JENKINS,5/3/1956,M,F,arianna7@adventure-works.com,"$30,000 ",2,High School,Skilled Manual,Y
20103,MR.,WILLIAM,ROBINSON,12/14/1956,M,M,william13@adventure-works.com,"$40,000 ",1,Partial College,Clerical,Y
20104,MR.,LOUIS,XU,8/25/1957,M,M,louis6@adventure-works.com,"$30,000 ",2,High School,Skilled Manual,Y
20105,MRS.,ALEXIS,TAYLOR,8/26/1957,M,F,alexis8@adventure-works.com,"$30,000 ",2,High School,Skilled Manual,N
20106,MRS.,AMBER,HALL,9/21/1957,M,F,amber22@adventure-works.com,"$30,000 ",2,High School,Skilled Manual,N
20107,MRS.,DANIELLE,MORRIS,3/8/1957,M,F,danielle21@adventure-works.com,"$40,000 ",1,Partial College,Clerical,Y
20108,MR.,GLENN,GAO,11/6/1958,M,M,glenn16@adventure-works.com,"$40,000 ",2,Partial College,Clerical,Y
20109,MRS.,KATELYN,STEWART,7/3/1958,S,F,katelyn25@adventure-works.com,"$40,000 ",2,Partial College,Clerical,Y
20110,MR.,AUSTIN,PERRY,1/23/1958,M,M,austin3@adventure-works.com,"$40,000 ",2,Partial College,Clerical,Y
20111,MRS.,BRITTNEY,ZHU,9/20/1958,M,F,brittney13@adventure-works.com,"$40,000 ",2,Partial College,Clerical,Y
20112,MRS.,SHELBY,JAMES,6/13/1958,S,F,shelby8@adventure-works.com,"$80,000 ",5,Graduate Degree,Skilled Manual,Y
20113,MRS.,CHRISTINA,MURPHY,5/25/1958,M,F,christina13@adventure-works.com,"$80,000 ",4,Graduate Degree,Skilled Manual,Y
20114,MR.,JOSEPH,THOMPSON,7/5/1958,M,M,joseph22@adventure-works.com,"$80,000 ",4,Graduate Degree,Skilled Manual,Y
20115,MRS.,MEGAN,JONES,1/12/1959,M,F,megan6@adventure-works.com,"$40,000 ",2,Partial College,Clerical,Y
20116,MRS.,HANNAH,BRYANT,1/24/1959,M,F,hannah39@adventure-works.com,"$60,000 ",4,Graduate Degree,Skilled Manual,Y
20117,MR.,BRANDON,JENKINS,5/10/1972,M,M,brandon4@adventure-works.com,"$50,000 ",0,Graduate Degree,Skilled Manual,Y
20118,MS.,JACQUELINE,HENDERSON,8/13/1972,M,F,jacqueline5@adventure-works.com,"$50,000 ",0,Graduate Degree,Skilled Manual,Y
20119,MR.,CARLOS,HERNANDEZ,3/27/1973,M,M,carlos48@adventure-works.com,"$40,000 ",0,Graduate Degree,Skilled Manual,Y
20120,MR.,FERNANDO,HUGHES,7/5/1973,S,M,fernando54@adventure-works.com,"$40,000 ",1,Graduate Degree,Skilled Manual,Y
20121,MR.,DYLAN,BUTLER,7/4/1973,M,M,dylan13@adventure-works.com,"$40,000 ",1,Graduate Degree,Skilled Manual,N
20122,MR.,JEREMY,BAILEY,11/6/1973,M,M,jeremy44@adventure-works.com,"$40,000 ",1,Graduate Degree,Skilled Manual,Y
20123,MR.,AARON,GONZALEZ,4/5/1973,M,M,aaron41@adventure-works.com,"$40,000 ",1,Graduate Degree,Skilled Manual,Y
20124,MRS.,NATALIE,COLEMAN,9/13/1973,M,F,natalie28@adventure-works.com,"$40,000 ",1,Graduate Degree,Skilled Manual,Y
20125,MRS.,NATALIE,CLARK,9/20/1971,M,F,natalie86@adventure-works.com,"$60,000 ",1,Graduate Degree,Skilled Manual,Y
20126,MR.,SETH,CARTER,10/17/1971,M,M,seth37@adventure-works.com,"$60,000 ",1,Graduate Degree,Skilled Manual,Y
20127,MR.,CARLOS,SANDERS,2/17/1971,M,M,carlos5@adventure-works.com,"$60,000 ",1,Graduate Degree,Skilled Manual,Y
20128,MR.,IAN,MILLER,4/15/1971,M,M,ian7@adventure-works.com,"$60,000 ",1,Graduate Degree,Skilled Manual,Y
20129,MRS.,NICOLE,STEWART,10/19/1971,S,F,nicole25@adventure-works.com,"$60,000 ",1,Graduate Degree,Skilled Manual,Y
20130,MR.,JORDAN,NELSON,8/21/1971,M,M,jordan63@adventure-works.com,"$60,000 ",1,Graduate Degree,Skilled Manual,Y
20131,MRS.,CAROLYN,GUTIERREZ,2/11/1964,M,F,carolyn31@adventure-works.com,"$10,000 ",1,Graduate Degree,Manual,Y
20132,MRS.,JENNY,SHEN,8/8/1962,M,F,jenny26@adventure-works.com,"$10,000 ",1,Graduate Degree,Manual,Y
20133,MR.,JORGE,LI,10/10/1962,M,M,jorge4@adventure-works.com,"$20,000 ",1,Graduate Degree,Clerical,Y
20134,MR.,FRANKLIN,ZHAO,1/9/1962,M,M,franklin10@adventure-works.com,"$20,000 ",1,Graduate Degree,Clerical,Y
20135,MRS.,GRACE,PRICE,6/5/1961,M,F,grace47@adventure-works.com,"$10,000 ",1,Bachelors,Manual,Y
20136,MRS.,BONNIE,KENNEDY,12/13/1961,M,F,bonnie13@adventure-works.com,"$10,000 ",1,Bachelors,Manual,Y
20137,MR.,JARROD,FERNANDEZ,5/11/1961,M,M,jarrod15@adventure-works.com,"$10,000 ",1,Bachelors,Manual,Y
20138,MRS.,KENDRA,MORENO,6/21/1935,M,F,kendra6@adventure-works.com,"$20,000 ",1,Graduate Degree,Clerical,Y
20139,MR.,CONNOR,WRIGHT,2/8/1979,M,M,connor48@adventure-works.com,"$10,000 ",0,Bachelors,Manual,Y
20140,MR.,JOE,NAVARRO,9/7/1958,M,M,joe33@adventure-works.com,"$10,000 ",1,Bachelors,Manual,Y
20141,MRS.,ANGELICA,FLORES,12/12/1958,M,F,angelica12@adventure-works.com,"$20,000 ",1,Bachelors,Manual,Y
20142,MRS.,LYDIA,LOPEZ,11/6/1956,M,F,lydia15@adventure-works.com,"$10,000 ",2,Partial College,Manual,Y
20143,MR.,JIMMY,SUAREZ,10/1/1956,M,M,jimmy23@adventure-works.com,"$10,000 ",2,Partial College,Manual,Y
20144,MR.,ROGER,LIN,6/23/1956,M,M,roger12@adventure-works.com,"$10,000 ",2,Partial College,Manual,Y
20145,,FERNANDO,LEE,10/24/1954,M,NA,fernando20@adventure-works.com,"$10,000 ",2,Partial College,Manual,Y
20146,MRS.,MACKENZIE,HALL,4/28/1940,M,F,mackenzie43@adventure-works.com,"$10,000 ",2,Partial College,Manual,Y
20147,MRS.,TABITHA,RAMOS,7/11/1941,M,F,tabitha38@adventure-works.com,"$30,000 ",1,Bachelors,Clerical,Y
20148,MR.,TERRY,NATH,6/20/1942,M,M,terry21@adventure-works.com,"$10,000 ",3,Partial College,Manual,Y
20150,MR.,GARY,RUBIO,12/20/1942,M,M,gary30@adventure-works.com,"$40,000 ",1,Graduate Degree,Clerical,Y
20151,MS.,JAMIE,GUO,10/6/1980,M,F,jamie21@adventure-works.com,"$10,000 ",0,Partial College,Manual,Y
20152,MR.,RAFAEL,SHE,7/8/1980,M,M,rafael23@adventure-works.com,"$10,000 ",0,Partial College,Manual,Y
20153,MS.,DIANE,SANZ,5/25/1979,M,F,diane25@adventure-works.com,"$10,000 ",0,Partial College,Manual,N
20154,MR.,RAUL,LUO,10/3/1978,S,M,raul6@adventure-works.com,"$10,000 ",0,Partial College,Manual,N
20155,MR.,JAY,FERNANDEZ,10/7/1977,M,M,jay22@adventure-works.com,"$10,000 ",0,Partial College,Manual,Y
20156,MR.,JAY,MADAN,4/19/1977,S,M,jay14@adventure-works.com,"$10,000 ",0,High School,Manual,N
20157,MS.,RILEY,REED,10/10/1977,M,F,riley39@adventure-works.com,"$10,000 ",0,High School,Manual,N
20158,MR.,RODNEY,BLANCO,3/1/1979,S,M,rodney11@adventure-works.com,"$10,000 ",1,High School,Manual,N
20159,MR.,ERNEST,ZHU,6/4/1979,M,M,ernest14@adventure-works.com,"$20,000 ",0,Bachelors,Clerical,Y
20160,MR.,GEORGE,GARCIA,11/9/1978,S,M,george21@adventure-works.com,"$20,000 ",0,Bachelors,Clerical,Y
20161,MR.,ALBERT,SANZ,6/20/1943,S,M,albert20@adventure-works.com,"$20,000 ",1,Partial College,Manual,Y
20162,MRS.,KELSEY,NATH,9/3/1943,M,F,kelsey17@adventure-works.com,"$20,000 ",2,Partial College,Manual,Y
20163,MRS.,KRYSTAL,ZHANG,5/2/1943,M,F,krystal0@adventure-works.com,"$20,000 ",2,Partial College,Manual,Y
20164,MR.,CAROL ANN,ROCKNE,7/15/1943,M,M,carolann0@adventure-works.com,"$30,000 ",1,Bachelors,Clerical,Y
20165,MRS.,KRISTINA,MEHTA,3/24/1943,M,F,kristina14@adventure-works.com,"$30,000 ",1,Bachelors,Clerical,Y
20167,MR.,JOE,SERRANO,1/11/1961,S,M,joe40@adventure-works.com,"$30,000 ",4,Graduate Degree,Clerical,Y
20168,MRS.,JESSIE,SERRANO,8/3/1960,M,F,jessie35@adventure-works.com,"$10,000 ",1,High School,Manual,Y
20169,MR.,GARRETT,GRAY,9/25/1960,S,M,garrett11@adventure-works.com,"$20,000 ",1,Partial College,Manual,N
20170,MR.,JEROME,MARTIN,6/22/1960,M,M,jerome0@adventure-works.com,"$30,000 ",3,Graduate Degree,Clerical,Y
20171,MRS.,BAILEY,KING,9/26/1959,M,F,bailey39@adventure-works.com,"$20,000 ",2,Partial College,Manual,Y
20172,MRS.,KELLI,GAO,11/17/1959,S,F,kelli16@adventure-works.com,"$30,000 ",3,Graduate Degree,Clerical,Y
20173,MR.,DENNIS,ZHAO,11/2/1975,M,M,dennis12@adventure-works.com,"$40,000 ",1,Bachelors,Skilled Manual,Y
20174,MR.,DOUGLAS,GONZALEZ,4/19/1973,M,M,douglas22@adventure-works.com,"$20,000 ",0,Partial High School,Manual,N
20175,MS.,ALISHA,LU,4/3/1974,S,F,alisha11@adventure-works.com,"$30,000 ",0,Partial College,Clerical,N
20176,MR.,ANTONIO,ALEXANDER,12/6/1980,S,M,antonio19@adventure-works.com,"$20,000 ",0,Partial High School,Manual,N
20177,MR.,KELVIN,LI,11/5/1980,S,M,kelvin23@adventure-works.com,"$20,000 ",0,Partial High School,Manual,Y
20178,MS.,DEBORAH,ANAND,2/24/1980,S,F,deborah22@adventure-works.com,"$20,000 ",0,Partial High School,Manual,N
20179,MS.,DENISE,PATEL,10/3/1978,S,F,denise5@adventure-works.com,"$30,000 ",0,High School,Manual,N
20180,MRS.,AMANDA,SANDERS,7/3/1962,M,F,amanda20@adventure-works.com,"$70,000 ",1,Partial College,Skilled Manual,Y
20181,MRS.,CATHERINE,BROOKS,3/20/1962,M,F,catherine2@adventure-works.com,"$70,000 ",1,Partial College,Skilled Manual,Y
20182,MRS.,ISABELLE,PRICE,6/25/1962,M,F,isabelle0@adventure-works.com,"$70,000 ",1,Partial College,Skilled Manual,Y
20183,MRS.,SOPHIA,ALLEN,11/8/1962,M,F,sophia21@adventure-works.com,"$70,000 ",1,Partial College,Skilled Manual,Y
20184,MRS.,JESSICA,RICHARDSON,5/2/1961,M,F,jessica12@adventure-works.com,"$40,000 ",4,High School,Skilled Manual,Y
20185,MR.,XAVIER,COOPER,9/5/1961,S,M,xavier75@adventure-works.com,"$40,000 ",4,High School,Skilled Manual,Y
20186,MR.,CONNOR,LI,10/6/1961,M,M,connor21@adventure-works.com,"$40,000 ",4,High School,Skilled Manual,Y
20187,MR.,ROBERT,KING,9/8/1961,M,M,robert61@adventure-works.com,"$60,000 ",1,Partial College,Skilled Manual,Y
20188,MRS.,KIMBERLY,WATSON,7/5/1961,M,F,kimberly3@adventure-works.com,"$60,000 ",1,Partial College,Skilled Manual,Y
20189,MS.,GRACE,HALL,2/23/1967,S,F,grace23@adventure-works.com,"$50,000 ",0,Partial College,Skilled Manual,N
20190,MS.,ANGELA,REED,9/26/1967,S,F,angela46@adventure-works.com,"$50,000 ",0,Partial College,Skilled Manual,Y
20191,MR.,CHAD,RAI,3/11/1967,S,M,chad18@adventure-works.com,"$60,000 ",0,Graduate Degree,Professional,Y
20192,MS.,AMBER,CAMPBELL,8/19/1967,S,F,amber6@adventure-works.com,"$60,000 ",0,Graduate Degree,Professional,N
20193,MS.,ALYSSA,GRAY,6/15/1967,S,F,alyssa40@adventure-works.com,"$60,000 ",0,Graduate Degree,Professional,N
20194,MR.,CONNOR,CAMPBELL,11/8/1960,M,M,connor36@adventure-works.com,"$60,000 ",1,Partial College,Skilled Manual,Y
20195,MR.,BLAKE,WILSON,10/10/1960,M,M,blake6@adventure-works.com,"$60,000 ",1,Partial College,Skilled Manual,N
20196,MR.,CAMERON,PERRY,12/22/1960,M,M,cameron2@adventure-works.com,"$60,000 ",1,Partial College,Skilled Manual,Y
20197,MRS.,OLIVIA,JOHNSON,6/21/1960,M,F,olivia1@adventure-works.com,"$60,000 ",1,Partial College,Skilled Manual,Y
20198,MRS.,SIERRA,EVANS,9/15/1959,S,F,sierra0@adventure-works.com,"$60,000 ",4,Bachelors,Professional,Y
20199,MRS.,HAILEY,COOK,9/27/1959,M,F,hailey4@adventure-works.com,"$70,000 ",1,Graduate Degree,Professional,Y
20200,MR.,NOAH,GONZALES,2/20/1959,M,M,noah14@adventure-works.com,"$70,000 ",2,Graduate Degree,Professional,Y
20201,MRS.,CHLOE,HARRIS,8/18/1959,M,F,chloe24@adventure-works.com,"$70,000 ",5,Graduate Degree,Professional,Y
20202,MRS.,ALEXANDRA,JONES,12/2/1959,M,F,alexandra66@adventure-works.com,"$70,000 ",5,Graduate Degree,Professional,Y
20203,MR.,ROY,BLANCO,9/23/1959,M,M,roy35@adventure-works.com,"$80,000 ",1,Graduate Degree,Professional,Y
20204,MRS.,RENEE,CARLSON,7/28/1959,M,F,renee16@adventure-works.com,"$80,000 ",2,Graduate Degree,Professional,Y
20205,MR.,BRYCE,COX,2/8/1958,S,M,bryce9@adventure-works.com,"$60,000 ",3,Bachelors,Professional,N
20206,MRS.,OLIVIA,MURPHY,6/10/1958,M,F,olivia31@adventure-works.com,"$60,000 ",1,Bachelors,Professional,Y
20207,MR.,ANGEL,BAILEY,4/25/1958,M,M,angel15@adventure-works.com,"$60,000 ",1,Bachelors,Professional,Y
20208,MR.,AUSTIN,HAYES,5/25/1958,M,M,austin19@adventure-works.com,"$60,000 ",1,Bachelors,Professional,Y
20209,MRS.,ANDREA,TURNER,6/9/1958,M,F,andrea30@adventure-works.com,"$60,000 ",1,Bachelors,Professional,Y
20210,MRS.,STEPHANIE,POWELL,10/5/1958,M,F,stephanie36@adventure-works.com,"$80,000 ",5,Graduate Degree,Professional,Y
20211,MR.,SCOTT,RODGERS,5/15/1968,M,M,scott10@adventure-works.com,"$60,000 ",2,Bachelors,Professional,Y
20213,MRS.,GINA,DOMINGUEZ,2/9/1970,S,F,gina13@adventure-works.com,"$80,000 ",4,Graduate Degree,Management,Y
20214,MRS.,TRISHA,LIU,9/8/1968,S,F,trisha22@adventure-works.com,"$60,000 ",2,Bachelors,Professional,N
20215,MRS.,IOANNIS,XYLARAS,12/1/1968,S,F,ioannis0@adventure-works.com,"$60,000 ",2,Bachelors,Professional,N
20216,MR.,SHAWN,CHANDER,6/20/1968,M,M,shawn17@adventure-works.com,"$60,000 ",2,Bachelors,Professional,Y
20218,MR.,DREW,XIE,8/13/1967,M,M,drew3@adventure-works.com,"$70,000 ",5,Bachelors,Professional,N
20219,MRS.,COLLEEN,HARRISON,10/21/1969,M,F,colleen19@adventure-works.com,"$110,000 ",1,Graduate Degree,Management,N
20220,MRS.,WENDY,CARLSON,7/17/1969,S,F,wendy17@adventure-works.com,"$110,000 ",1,Graduate Degree,Management,Y
20221,MRS.,KAYLEE,SANDERS,5/15/1969,M,F,kaylee2@adventure-works.com,"$120,000 ",1,Graduate Degree,Management,N
20222,MRS.,MELISSA,MORGAN,12/16/1967,M,F,melissa35@adventure-works.com,"$70,000 ",5,Bachelors,Professional,N
20223,MR.,TERRANCE,MALHOTRA,10/8/1967,M,M,terrance3@adventure-works.com,"$70,000 ",5,Bachelors,Professional,Y
20224,MR.,LAWRENCE,GILL,9/2/1966,M,M,lawrence12@adventure-works.com,"$80,000 ",5,Graduate Degree,Management,N
20225,MS.,SHARON,RAI,11/1/1966,S,F,sharon23@adventure-works.com,"$90,000 ",0,Bachelors,Professional,Y
20226,MS.,VALERIE,SHE,4/8/1966,M,F,valerie25@adventure-works.com,"$90,000 ",0,Bachelors,Professional,Y
20227,MR.,LOUIS,ZHANG,11/8/1966,M,M,louis38@adventure-works.com,"$90,000 ",2,Bachelors,Professional,Y
20228,MR.,RAYMOND,ARTHUR,6/23/1966,M,M,raymond8@adventure-works.com,"$100,000 ",0,Graduate Degree,Management,Y
20229,MR.,AUSTIN,WALKER,8/27/1965,M,M,austin38@adventure-works.com,"$60,000 ",2,Bachelors,Professional,Y
20230,MR.,GARY,MUNOZ,4/12/1965,M,M,gary18@adventure-works.com,"$60,000 ",3,Bachelors,Professional,Y
20231,MR.,KELVIN,ZHOU,2/9/1965,S,M,kelvin28@adventure-works.com,"$70,000 ",0,Bachelors,Professional,N
20232,MR.,FRANKLIN,CHANDE,5/11/1964,M,M,franklin32@adventure-works.com,"$60,000 ",3,Bachelors,Professional,Y
20233,MRS.,JENNY,RAJE,4/7/1964,S,F,jenny36@adventure-works.com,"$60,000 ",3,Bachelors,Professional,Y
20234,MR.,GERALD,MEHTA,10/20/1964,S,M,gerald1@adventure-works.com,"$60,000 ",4,Bachelors,Professional,Y
20235,MR.,KENNETH,DENG,5/23/1964,S,M,kenneth2@adventure-works.com,"$60,000 ",4,Bachelors,Professional,Y
20236,MR.,CESAR,CHANDRA,3/14/1963,S,M,cesar2@adventure-works.com,"$60,000 ",3,Bachelors,Professional,N
20237,MR.,HUNTER,YANG,2/19/1963,M,M,hunter22@adventure-works.com,"$70,000 ",0,Bachelors,Professional,N
20238,MRS.,ANNA,WATSON,12/14/1967,S,F,anna22@adventure-works.com,"$90,000 ",2,Bachelors,Professional,Y
20239,MRS.,JILL,ORTEGA,12/27/1967,M,F,jill30@adventure-works.com,"$90,000 ",2,Bachelors,Professional,Y
20240,MRS.,BETH,RUBIO,4/1/1961,M,F,beth23@adventure-works.com,"$60,000 ",1,Partial College,Skilled Manual,Y
20241,MR.,CESAR,MEHTA,8/3/1961,M,M,cesar13@adventure-works.com,"$60,000 ",1,Partial College,Skilled Manual,N
20242,MR.,CHRISTOPHER,THOMAS,7/7/1931,M,M,christopher11@adventure-works.com,"$120,000 ",5,Graduate Degree,Management,N
20243,MS.,TAMARA,YE,6/21/1966,S,F,tamara40@adventure-works.com,"$100,000 ",0,Graduate Degree,Management,N
20244,MS.,DAWN,RAJI,5/17/1966,S,F,dawn45@adventure-works.com,"$100,000 ",0,Graduate Degree,Management,N
20245,MR.,DARREN,MALHOTRA,8/9/1966,S,M,darren7@adventure-works.com,"$100,000 ",0,Graduate Degree,Management,Y
20246,MS.,MINDY,XU,2/19/1966,M,F,mindy9@adventure-works.com,"$100,000 ",0,Bachelors,Professional,N
20247,MS.,KRISTINA,LOPEZ,7/26/1966,S,F,kristina17@adventure-works.com,"$100,000 ",0,Bachelors,Professional,N
20248,MRS.,GINA,SUAREZ,3/3/1960,M,F,gina19@adventure-works.com,"$60,000 ",1,Partial College,Skilled Manual,Y
20249,MRS.,TASHA,KUMAR,7/3/1960,S,F,tasha8@adventure-works.com,"$60,000 ",1,Partial College,Skilled Manual,Y
20250,MR.,CHARLES,GARCIA,6/26/1960,M,M,charles20@adventure-works.com,"$60,000 ",1,Partial College,Skilled Manual,Y
20251,MR.,LUIS,LI,2/2/1960,M,M,luis26@adventure-works.com,"$60,000 ",1,Partial College,Skilled Manual,Y
20252,MR.,DARRELL,RAJE,6/23/1960,M,M,darrell3@adventure-works.com,"$60,000 ",1,Partial College,Skilled Manual,Y
20253,MS.,VERONICA,KAPOOR,4/13/1965,S,F,veronica1@adventure-works.com,"$70,000 ",0,Bachelors,Professional,N
20254,MRS.,DANA,GUTIERREZ,5/16/1965,S,F,dana3@adventure-works.com,"$80,000 ",5,Bachelors,Professional,Y
20255,MRS.,STEPHANIE,RUSSELL,8/5/1965,M,F,stephanie47@adventure-works.com,"$80,000 ",5,Bachelors,Professional,Y
20256,MR.,JAVIER,SERRANO,5/4/1964,S,M,javier11@adventure-works.com,"$70,000 ",0,Bachelors,Professional,N
20257,MR.,ROY,CARLSON,7/25/1964,S,M,roy38@adventure-works.com,"$70,000 ",0,Bachelors,Professional,N
20258,MS.,KATELYN,WARD,4/24/1963,S,F,katelyn11@adventure-works.com,"$70,000 ",0,Bachelors,Professional,N
20259,,JENNY,ANDERSEN,9/28/1963,S,NA,jenny35@adventure-works.com,"$70,000 ",0,Bachelors,Professional,N
20260,MR.,ETHAN,MARTINEZ,5/18/1962,S,M,ethan31@adventure-works.com,"$60,000 ",1,Partial College,Skilled Manual,Y
20261,MRS.,MARIAH,RIVERA,3/26/1962,M,F,mariah41@adventure-works.com,"$60,000 ",1,Partial College,Skilled Manual,Y
20262,MR.,BRETT,PRASAD,6/1/1962,M,M,brett9@adventure-works.com,"$70,000 ",5,Partial College,Skilled Manual,Y
20263,MR.,STEVE,ZHOU,12/16/1962,S,M,steve12@adventure-works.com,"$70,000 ",5,Partial College,Skilled Manual,Y
20264,MR.,JAY,CARLSON,10/27/1961,S,M,jay48@adventure-works.com,"$60,000 ",1,Partial College,Skilled Manual,Y
20266,MRS.,SUMMER,GONZALEZ,7/27/1961,M,F,summer16@adventure-works.com,"$70,000 ",5,Partial College,Skilled Manual,N
20267,MRS.,MONICA,GARCIA,8/8/1960,M,F,monica15@adventure-works.com,"$70,000 ",5,Partial College,Skilled Manual,Y
20268,MR.,JORGE,HE,7/10/1960,M,M,jorge21@adventure-works.com,"$70,000 ",5,Partial College,Skilled Manual,Y
20269,MR.,HUNTER,FOSTER,10/27/1949,M,M,hunter13@adventure-works.com,"$10,000 ",2,High School,Skilled Manual,N
20270,MR.,KEVIN,PHILLIPS,5/4/1976,M,M,kevin43@adventure-works.com,"$30,000 ",0,High School,Skilled Manual,Y
20271,MR.,BARRY,FERNANDEZ,2/19/1976,S,M,barry16@adventure-works.com,"$30,000 ",0,High School,Skilled Manual,N
20272,MR.,SETH,JAMES,4/23/1975,S,M,seth72@adventure-works.com,"$40,000 ",0,High School,Skilled Manual,N
20273,MS.,KATHERINE,MARTIN,10/28/1976,S,F,katherine85@adventure-works.com,"$40,000 ",0,High School,Skilled Manual,Y
20274,MR.,BRENT,WANG,4/21/1976,M,M,brent1@adventure-works.com,"$40,000 ",0,High School,Skilled Manual,Y
20275,MS.,ANGELA,KELLY,1/6/1980,M,F,angela28@adventure-works.com,"$30,000 ",0,High School,Skilled Manual,N
20276,MS.,HALEY,SANCHEZ,9/26/1980,S,F,haley1@adventure-works.com,"$30,000 ",0,High School,Skilled Manual,Y
20277,MRS.,MARY,HALL,7/28/1937,M,F,mary35@adventure-works.com,"$30,000 ",2,Partial College,Clerical,N
20279,MR.,TREVOR,HENDERSON,1/11/1977,S,M,trevor4@adventure-works.com,"$40,000 ",0,High School,Skilled Manual,Y
20280,MR.,JOSHUA,HARRIS,9/7/1979,S,M,joshua15@adventure-works.com,"$30,000 ",0,Partial High School,Clerical,N
20281,MR.,KARL,XIE,4/28/1979,S,M,karl3@adventure-works.com,"$40,000 ",0,High School,Skilled Manual,N
20282,MRS.,TRISHA,XU,1/1/1939,S,F,trisha7@adventure-works.com,"$40,000 ",2,Bachelors,Management,Y
20283,MRS.,KATIE,SHEN,12/8/1940,M,F,katie5@adventure-works.com,"$40,000 ",2,Bachelors,Management,Y
20284,MRS.,DEANNA,ASHE,6/12/1943,S,F,deanna10@adventure-works.com,"$60,000 ",2,Graduate Degree,Management,Y
20285,MR.,AARON,ALEXANDER,10/21/1976,M,M,aaron18@adventure-works.com,"$40,000 ",0,High School,Skilled Manual,Y
20286,MS.,STACEY,WU,11/5/1976,S,F,stacey7@adventure-works.com,"$40,000 ",0,Partial College,Skilled Manual,N
20287,MS.,DESTINY,SIMMONS,11/20/1976,S,F,destiny63@adventure-works.com,"$40,000 ",0,Partial College,Skilled Manual,Y
20288,MR.,JEREMIAH,EDWARDS,1/23/1976,S,M,jeremiah23@adventure-works.com,"$40,000 ",0,Partial College,Skilled Manual,N
20289,MS.,JADA,RICHARDSON,6/11/1976,S,F,jada4@adventure-works.com,"$40,000 ",0,Partial College,Skilled Manual,N
20290,MR.,AUSTIN,SIMMONS,12/23/1976,S,M,austin11@adventure-works.com,"$40,000 ",0,Partial College,Skilled Manual,N
20291,MS.,ALEXIS,WALKER,11/3/1975,S,F,alexis20@adventure-works.com,"$40,000 ",0,High School,Skilled Manual,N
20292,MS.,KATHERINE,ROSS,7/20/1974,S,F,katherine29@adventure-works.com,"$30,000 ",0,Partial College,Skilled Manual,N
20293,MS.,RACHEL,JACKSON,5/5/1974,S,F,rachel14@adventure-works.com,"$30,000 ",0,Partial College,Skilled Manual,Y
20294,MS.,JULIA,DAVIS,8/14/1974,S,F,julia27@adventure-works.com,"$30,000 ",0,Partial College,Skilled Manual,N
20295,MR.,CHRISTOPHER,BROWN,11/3/1973,M,M,christopher4@adventure-works.com,"$60,000 ",0,Partial College,Skilled Manual,N
20296,MS.,MORGAN,DIAZ,2/27/1973,S,F,morgan91@adventure-works.com,"$60,000 ",0,Partial College,Skilled Manual,N
20297,MS.,VALERIE,WU,9/14/1967,S,F,valerie8@adventure-works.com,"$130,000 ",0,Graduate Degree,Management,N
20298,MR.,EDGAR,ARUN,4/6/1967,S,M,edgar7@adventure-works.com,"$150,000 ",0,Graduate Degree,Management,N
20299,MRS.,MEGAN,COOK,11/6/1968,M,F,megan32@adventure-works.com,"$90,000 ",4,Bachelors,Management,Y
20300,MR.,XAVIER,GARCIA,6/23/1968,S,M,xavier14@adventure-works.com,"$90,000 ",4,Partial College,Skilled Manual,N
20301,MRS.,GLORIA,BRADLEY,10/22/1968,M,F,gloria16@adventure-works.com,"$90,000 ",4,Partial College,Skilled Manual,Y
20302,MRS.,TASHA,ANDERSEN,11/19/1968,S,F,tasha14@adventure-works.com,"$130,000 ",1,Graduate Degree,Management,N
20303,MR.,BRYCE,MORGAN,4/25/1968,M,M,bryce12@adventure-works.com,"$160,000 ",1,Graduate Degree,Management,Y
20304,MR.,JESSE,EDWARDS,8/23/1979,S,M,jesse25@adventure-works.com,"$40,000 ",0,High School,Skilled Manual,N
20305,MR.,CALEB,ROSS,12/26/1979,S,M,caleb0@adventure-works.com,"$30,000 ",0,Partial College,Skilled Manual,N
20306,MS.,MARY,BAKER,11/12/1979,S,F,mary30@adventure-works.com,"$30,000 ",0,Partial College,Skilled Manual,N
20307,MS.,NATALIE,BLUE,3/23/1979,S,F,natalie7@adventure-works.com,"$30,000 ",0,Partial College,Skilled Manual,Y
20308,MS.,PIETER,UITTENBOGAARD,10/26/1979,M,F,pieter1@adventure-works.com,"$30,000 ",0,Partial College,Skilled Manual,Y
20309,MRS.,CRISTINA,SHARMA,11/11/1944,M,F,cristina9@adventure-works.com,"$10,000 ",5,High School,Skilled Manual,Y
20310,MR.,TIMOTHY,RAMIREZ,4/4/1979,S,M,timothy8@adventure-works.com,"$60,000 ",0,Partial College,Skilled Manual,Y
20311,MR.,COLE,BELL,2/11/1979,M,M,cole14@adventure-works.com,"$60,000 ",0,Partial College,Skilled Manual,N
20312,MR.,RYAN,LEWIS,5/22/1978,M,M,ryan57@adventure-works.com,"$40,000 ",0,Partial High School,Clerical,N
20313,MR.,OSCAR,BENNETT,11/11/1978,S,M,oscar10@adventure-works.com,"$40,000 ",0,Partial College,Skilled Manual,N
20314,MR.,RUSSELL,DENG,11/13/1947,M,M,russell5@adventure-works.com,"$10,000 ",2,High School,Skilled Manual,N
20315,MR.,DEVIN,RAMIREZ,8/25/1978,S,M,devin74@adventure-works.com,"$40,000 ",0,Partial College,Skilled Manual,Y
20316,MRS.,SUZANNE,ZHANG,9/13/1946,S,F,suzanne1@adventure-works.com,"$20,000 ",4,High School,Skilled Manual,Y
20317,MR.,ALEX,GREEN,5/22/1946,M,M,alex45@adventure-works.com,"$20,000 ",4,High School,Skilled Manual,N
20318,MRS.,AMANDA,TURNER,11/3/1971,M,F,amanda48@adventure-works.com,"$60,000 ",1,Graduate Degree,Skilled Manual,Y
20319,MR.,DYLAN,ALEXANDER,11/6/1971,M,M,dylan18@adventure-works.com,"$60,000 ",1,Graduate Degree,Skilled Manual,Y
20320,MRS.,MINDY,NATH,10/5/1971,M,F,mindy23@adventure-works.com,"$60,000 ",1,Graduate Degree,Skilled Manual,Y
20321,MRS.,COLLEEN,CHEN,10/3/1971,M,F,colleen2@adventure-works.com,"$60,000 ",1,Graduate Degree,Skilled Manual,Y
20322,MS.,RACHEL,WOOD,4/18/1963,S,F,rachel49@adventure-works.com,"$90,000 ",0,Partial College,Professional,Y
20323,MR.,JUSTIN,COLEMAN,10/2/1963,S,M,justin2@adventure-works.com,"$90,000 ",0,Partial College,Professional,N
20324,MS.,ASHLEY,RODRIGUEZ,9/19/1963,M,F,ashley21@adventure-works.com,"$100,000 ",0,Partial College,Professional,Y
20325,MR.,CHARLES,WILLIAMS,1/20/1963,S,M,charles5@adventure-works.com,"$130,000 ",3,Bachelors,Management,N
20326,MRS.,PAIGE,BLUE,8/11/1963,M,F,paige3@adventure-works.com,"$130,000 ",3,Bachelors,Management,Y
20327,MRS.,SOPHIA,PEREZ,4/12/1963,M,F,sophia11@adventure-works.com,"$130,000 ",3,Bachelors,Management,Y
20328,MRS.,SIERRA,CARTER,11/18/1963,M,F,sierra10@adventure-works.com,"$150,000 ",2,Bachelors,Management,Y
20329,MR.,JOSE,YANG,12/12/1963,M,M,jose21@adventure-works.com,"$160,000 ",1,Bachelors,Management,Y
20330,MR.,NATHAN,THOMAS,6/5/1962,M,M,nathan69@adventure-works.com,"$80,000 ",5,Partial College,Professional,Y
20331,MR.,JEREMY,COX,6/6/1962,M,M,jeremy40@adventure-works.com,"$90,000 ",5,Partial College,Professional,Y
20332,MR.,DANNY,NAVARRO,5/2/1962,M,M,danny11@adventure-works.com,"$90,000 ",5,Partial College,Professional,Y
20333,MRS.,ABIGAIL,GONZALES,10/18/1962,S,F,abigail69@adventure-works.com,"$100,000 ",1,Partial College,Professional,N
20334,MR.,JEREMIAH,MITCHELL,5/14/1962,M,M,jeremiah20@adventure-works.com,"$110,000 ",1,Bachelors,Management,Y
20335,MR.,ADAM,GONZALES,5/5/1962,S,M,adam14@adventure-works.com,"$110,000 ",1,Bachelors,Management,N
20336,MR.,IAN,YOUNG,12/10/1962,M,M,ian24@adventure-works.com,"$110,000 ",1,Bachelors,Management,Y
20337,MR.,XAVIER,HALL,10/7/1962,M,M,xavier21@adventure-works.com,"$120,000 ",1,High School,Professional,Y
20338,MRS.,ANNA,JAMES,1/20/1962,S,F,anna21@adventure-works.com,"$130,000 ",1,Bachelors,Management,N
20339,MRS.,KAITLYN,HUGHES,7/26/1962,M,F,kaitlyn78@adventure-works.com,"$130,000 ",1,Bachelors,Management,Y
20340,MRS.,MAKAYLA,KELLY,3/27/1962,M,F,makayla2@adventure-works.com,"$130,000 ",1,Bachelors,Management,Y
20341,MR.,TYLER,SMITH,2/21/1961,M,M,tyler3@adventure-works.com,"$70,000 ",5,Partial College,Professional,Y
20342,MRS.,AIMEE,LU,3/16/1961,M,F,aimee8@adventure-works.com,"$80,000 ",5,Partial College,Professional,Y
20343,MRS.,SIERRA,HILL,6/2/1961,M,F,sierra12@adventure-works.com,"$90,000 ",4,Partial College,Professional,Y
20344,MRS.,ASHLEE,ANAND,10/15/1961,M,F,ashlee6@adventure-works.com,"$110,000 ",1,Bachelors,Management,Y
20345,MRS.,REGINA,MARTINEZ,7/18/1961,S,F,regina16@adventure-works.com,"$110,000 ",1,Bachelors,Management,Y
20346,MRS.,ANGELICA,WASHINGTON,4/5/1961,S,F,angelica13@adventure-works.com,"$130,000 ",1,Bachelors,Management,N
20347,MRS.,SAVANNAH,ROBERTS,9/16/1961,M,F,savannah26@adventure-works.com,"$160,000 ",1,Bachelors,Management,Y
20348,MRS.,CHLOE,EVANS,9/14/1961,S,F,chloe0@adventure-works.com,"$160,000 ",1,Bachelors,Management,N
20349,MRS.,NICOLE,HARRIS,12/12/1955,M,F,nicole14@adventure-works.com,"$60,000 ",2,High School,Professional,N
20350,MRS.,ISABELLA,CAMPBELL,2/2/1955,M,F,isabella37@adventure-works.com,"$60,000 ",2,High School,Professional,N
20351,MRS.,MARIA,GONZALEZ,6/23/1955,M,F,maria51@adventure-works.com,"$70,000 ",4,High School,Professional,Y
20352,MRS.,MELISSA,FOSTER,5/10/1955,M,F,melissa11@adventure-works.com,"$70,000 ",4,High School,Professional,Y
20353,MRS.,ALLISON,PHILLIPS,10/16/1954,S,F,allison28@adventure-works.com,"$80,000 ",2,Partial High School,Skilled Manual,N
20354,MR.,AUSTIN,WILLIAMS,11/2/1954,M,M,austin41@adventure-works.com,"$80,000 ",2,Partial High School,Skilled Manual,N
20355,MRS.,MELANIE,GRAY,5/1/1954,S,F,melanie31@adventure-works.com,"$80,000 ",2,Partial High School,Skilled Manual,N
20356,MR.,LOUIS,LU,7/8/1935,M,M,louis5@adventure-works.com,"$40,000 ",3,Partial College,Professional,N
20357,MRS.,JULIAN,PRICE,8/1/1935,M,F,julian1@adventure-works.com,"$50,000 ",2,Graduate Degree,Management,Y
20358,MR.,BRIAN,MURPHY,9/14/1935,M,M,brian26@adventure-works.com,"$50,000 ",2,Graduate Degree,Management,Y
20359,MRS.,RACHEL,BLUE,3/4/1935,M,F,rachel34@adventure-works.com,"$60,000 ",2,Graduate Degree,Management,Y
20360,MRS.,BRIANNA,RUSSELL,4/23/1935,M,F,brianna65@adventure-works.com,"$120,000 ",1,Graduate Degree,Management,Y
20361,MR.,JONATHON,MORENO,10/3/1936,M,M,jonathon3@adventure-works.com,"$50,000 ",2,Graduate Degree,Management,Y
20362,MR.,SETH,GONZALEZ,12/15/1936,M,M,seth35@adventure-works.com,"$60,000 ",2,Graduate Degree,Management,N
20363,MR.,ALEXANDER,BROWN,3/5/1936,S,M,alexander6@adventure-works.com,"$90,000 ",4,Bachelors,Management,Y
20364,MRS.,ANNA,JACKSON,2/27/1936,M,F,anna49@adventure-works.com,"$130,000 ",2,Graduate Degree,Management,Y
20365,MR.,ISAAC,SCOTT,7/27/1960,M,M,isaac37@adventure-works.com,"$90,000 ",4,High School,Professional,Y
20366,MR.,MARCUS,POWELL,9/3/1960,M,M,marcus58@adventure-works.com,"$120,000 ",1,High School,Professional,Y
20367,MRS.,JESSICA,ANDERSON,2/21/1960,M,F,jessica57@adventure-works.com,"$120,000 ",4,High School,Professional,N
20368,MR.,THOMAS,JACKSON,9/5/1954,S,M,thomas73@adventure-works.com,"$80,000 ",2,Partial High School,Skilled Manual,Y
20369,MR.,TREVOR,BARNES,8/23/1954,S,M,trevor2@adventure-works.com,"$80,000 ",2,Partial High School,Skilled Manual,Y
20370,MR.,BLAKE,YOUNG,8/1/1954,M,M,blake26@adventure-works.com,"$70,000 ",3,Partial High School,Skilled Manual,Y
20371,MRS.,GRACE,BRYANT,2/17/1954,M,F,grace64@adventure-works.com,"$60,000 ",2,Partial High School,Skilled Manual,Y
20372,MRS.,KAITLYN,EDWARDS,10/22/1954,M,F,kaitlyn1@adventure-works.com,"$60,000 ",2,Partial High School,Skilled Manual,N
20373,MRS.,MORGAN,WILLIAMS,1/17/1954,M,F,morgan25@adventure-works.com,"$60,000 ",2,Partial High School,Skilled Manual,N
20374,MR.,FERNANDO,ADAMS,6/15/1954,M,M,fernando31@adventure-works.com,"$60,000 ",2,Partial High School,Skilled Manual,N
20375,MRS.,OLIVIA,PERRY,3/17/1953,S,F,olivia53@adventure-works.com,"$70,000 ",3,Graduate Degree,Management,Y
20376,MRS.,DESTINY,LEWIS,11/15/1953,S,F,destiny19@adventure-works.com,"$70,000 ",3,Graduate Degree,Management,Y
20377,MR.,BRIAN,REED,3/27/1953,M,M,brian32@adventure-works.com,"$70,000 ",3,Graduate Degree,Management,Y
20378,MR.,NATHAN,JAI,9/25/1937,M,M,nathan29@adventure-works.com,"$60,000 ",3,Graduate Degree,Management,Y
20379,MRS.,BRITTNEY,CHEN,11/18/1937,S,F,brittney2@adventure-works.com,"$60,000 ",3,Graduate Degree,Management,Y
20380,MRS.,CATHERINE,REED,2/3/1937,M,F,catherine18@adventure-works.com,"$60,000 ",3,Graduate Degree,Management,Y
20381,MR.,BLAKE,BENNETT,6/7/1938,M,M,blake49@adventure-works.com,"$60,000 ",3,Graduate Degree,Management,Y
20382,,JACK,HERNANDEZ,9/24/1938,M,NA,jack53@adventure-works.com,"$70,000 ",5,Graduate Degree,Management,Y
20383,MR.,RICHARD,HERNANDEZ,9/3/1939,S,M,richard20@adventure-works.com,"$60,000 ",3,Graduate Degree,Management,Y
20384,MR.,LUIS,GONZALEZ,2/12/1939,M,M,luis41@adventure-works.com,"$60,000 ",3,Graduate Degree,Management,N
20385,MR.,JASON,PATTERSON,10/18/1939,M,M,jason8@adventure-works.com,"$70,000 ",5,Graduate Degree,Management,Y
20386,MRS.,ANNA,RUSSELL,11/21/1939,M,F,anna45@adventure-works.com,"$70,000 ",5,Graduate Degree,Management,Y
20387,MR.,JORDAN,ADAMS,11/12/1940,M,M,jordan70@adventure-works.com,"$60,000 ",3,Graduate Degree,Management,N
20388,MRS.,NATASHA,GILL,11/4/1940,M,F,natasha13@adventure-works.com,"$70,000 ",5,Graduate Degree,Management,N
20389,MR.,LEE,ROMERO,2/5/1940,M,M,lee7@adventure-works.com,"$70,000 ",5,Graduate Degree,Management,Y
20390,MR.,ROSS,RAMOS,2/12/1940,S,M,ross35@adventure-works.com,"$70,000 ",5,Graduate Degree,Management,Y
20391,MRS.,MEGHAN,SERRANO,5/20/1940,M,F,meghan16@adventure-works.com,"$70,000 ",5,Graduate Degree,Management,Y
20392,MRS.,DESTINY,RAMIREZ,3/11/1940,M,F,destiny42@adventure-works.com,"$80,000 ",4,Bachelors,Management,Y
20393,MRS.,KAITLYN,WHITE,3/13/1940,S,F,kaitlyn35@adventure-works.com,"$80,000 ",4,Bachelors,Management,Y
20394,MRS.,EMMA,BUTLER,4/15/1941,M,F,emma60@adventure-works.com,"$50,000 ",4,Bachelors,Management,Y
20395,MRS.,KATHERINE,ROGERS,8/14/1941,S,F,katherine5@adventure-works.com,"$50,000 ",4,Bachelors,Management,N
20396,,JASON,SIMMONS,5/24/1941,S,NA,jason12@adventure-works.com,"$50,000 ",4,Bachelors,Management,Y
20397,MR.,ISAIAH,GRAY,9/23/1941,M,M,isaiah5@adventure-works.com,"$50,000 ",4,Bachelors,Management,Y
20398,MRS.,JORDAN,COLLINS,6/1/1941,S,F,jordan31@adventure-works.com,"$70,000 ",5,Graduate Degree,Management,Y
20399,MR.,BENJAMIN,RODRIGUEZ,6/16/1942,M,M,benjamin57@adventure-works.com,"$50,000 ",4,Bachelors,Management,Y
20400,MRS.,SYDNEY,HENDERSON,9/21/1942,M,F,sydney27@adventure-works.com,"$50,000 ",4,Bachelors,Management,Y
20401,MRS.,HANNAH,JENKINS,4/11/1942,M,F,hannah30@adventure-works.com,"$50,000 ",4,Bachelors,Management,Y
20402,MR.,VINCENT,LIANG,7/15/1946,M,M,vincent16@adventure-works.com,"$20,000 ",4,High School,Skilled Manual,N
20403,MR.,MITCHELL,LAL,2/10/1946,M,M,mitchell8@adventure-works.com,"$20,000 ",4,High School,Skilled Manual,N
20404,MR.,JORGE,YANG,8/10/1948,S,M,jorge6@adventure-works.com,"$10,000 ",2,Partial High School,Clerical,Y
20405,MR.,ISAIAH,CAMPBELL,7/3/1978,S,M,isaiah30@adventure-works.com,"$70,000 ",0,Partial College,Skilled Manual,N
20406,MRS.,FELICIA,MUNOZ,2/5/1948,M,F,felicia6@adventure-works.com,"$20,000 ",2,Partial High School,Clerical,Y
20407,MR.,KRISTOPHER,VANCE,11/24/1948,M,M,kristopher4@adventure-works.com,"$20,000 ",2,Partial High School,Clerical,Y
20409,MS.,SOPHIA,YOUNG,11/17/1977,S,F,sophia22@adventure-works.com,"$40,000 ",0,Partial College,Skilled Manual,Y
20410,MR.,RICHARD,JACKSON,6/12/1977,M,M,richard52@adventure-works.com,"$40,000 ",0,Partial College,Skilled Manual,Y
20411,MR.,COLE,JAMES,6/5/1977,M,M,cole0@adventure-works.com,"$60,000 ",0,Partial College,Skilled Manual,Y
20412,MR.,DAVID,JACKSON,10/23/1977,M,M,david70@adventure-works.com,"$70,000 ",0,Partial College,Skilled Manual,Y
20413,MS.,TAYLOR,POWELL,5/6/1976,M,F,taylor34@adventure-works.com,"$60,000 ",0,Partial College,Skilled Manual,Y
20414,MS.,AMANDA,BAILEY,11/23/1976,M,F,amanda6@adventure-works.com,"$60,000 ",0,Partial College,Skilled Manual,Y
20415,MRS.,EVELYN,SAI,6/16/1949,M,F,evelyn6@adventure-works.com,"$20,000 ",2,Partial High School,Clerical,Y
20416,MR.,DALE,GOEL,12/22/1949,S,M,dale17@adventure-works.com,"$30,000 ",3,Partial College,Clerical,Y
20417,MR.,BRUCE,VAZQUEZ,2/11/1950,M,M,bruce35@adventure-works.com,"$30,000 ",3,Partial College,Clerical,N
20418,MR.,JOE,VAZQUEZ,4/13/1950,M,M,joe38@adventure-works.com,"$30,000 ",3,Partial College,Clerical,N
20419,MR.,BILLY,ROMERO,4/8/1951,M,M,billy11@adventure-works.com,"$20,000 ",2,Partial High School,Clerical,Y
20420,MRS.,EVELYN,MEHTA,2/4/1951,M,F,evelyn15@adventure-works.com,"$30,000 ",3,High School,Skilled Manual,Y
20421,MS.,VICTORIA,ALEXANDER,7/18/1980,S,F,victoria65@adventure-works.com,"$40,000 ",0,Partial High School,Clerical,Y
20422,MS.,MARIA,BROOKS,8/17/1980,S,F,maria20@adventure-works.com,"$60,000 ",0,Partial College,Skilled Manual,Y
20423,MRS.,ALICIA,GOEL,10/10/1952,S,F,alicia15@adventure-works.com,"$30,000 ",3,High School,Skilled Manual,Y
20425,MRS.,SABRINA,TORRES,11/17/1952,M,F,sabrina7@adventure-works.com,"$30,000 ",3,High School,Skilled Manual,Y
20426,MR.,JOHNATHAN,PEREZ,10/4/1952,M,M,johnathan20@adventure-works.com,"$30,000 ",3,High School,Skilled Manual,Y
20427,MR.,MARIO,RAJE,4/7/1953,S,M,mario12@adventure-works.com,"$40,000 ",3,Partial College,Skilled Manual,Y
20428,MR.,BRENT,MA,7/4/1953,M,M,brent15@adventure-works.com,"$40,000 ",3,Partial College,Skilled Manual,N
20429,MR.,CURTIS,GAO,4/25/1953,M,M,curtis11@adventure-works.com,"$40,000 ",3,Partial College,Skilled Manual,Y
20430,MR.,MAURICE,ASHE,2/4/1954,M,M,maurice23@adventure-works.com,"$70,000 ",2,Partial College,Skilled Manual,Y
20431,MR.,COREY,RAJE,12/9/1975,S,M,corey12@adventure-works.com,"$40,000 ",0,Partial College,Skilled Manual,Y
20432,MR.,JUAN,SANDERS,2/20/1975,S,M,juan13@adventure-works.com,"$40,000 ",0,High School,Skilled Manual,Y
20433,MS.,CHLOE,TAYLOR,6/27/1975,M,F,chloe42@adventure-works.com,"$40,000 ",0,High School,Skilled Manual,Y
20434,MR.,NATHAN,SHARMA,10/13/1975,S,M,nathan27@adventure-works.com,"$60,000 ",0,Partial College,Skilled Manual,N
20435,MS.,NATALIE,GREEN,11/26/1975,M,F,natalie57@adventure-works.com,"$60,000 ",0,Partial College,Skilled Manual,Y
20436,MS.,ANNA,BARNES,4/26/1975,S,F,anna27@adventure-works.com,"$60,000 ",0,Partial College,Skilled Manual,N
20437,MS.,GABRIELLA,HOWARD,10/12/1975,S,F,gabriella9@adventure-works.com,"$60,000 ",0,Partial College,Skilled Manual,N
20438,MR.,ROBERT,SCOTT,12/22/1975,S,M,robert56@adventure-works.com,"$60,000 ",0,Partial College,Skilled Manual,Y
20439,MS.,CHLOE,ROGERS,4/4/1973,M,F,chloe48@adventure-works.com,"$60,000 ",0,Partial College,Skilled Manual,N
20440,MS.,ALEXANDRA,HUGHES,5/26/1973,S,F,alexandra34@adventure-works.com,"$60,000 ",0,Partial College,Skilled Manual,N
20441,MS.,ABIGAIL,HENDERSON,10/20/1973,M,F,abigail30@adventure-works.com,"$60,000 ",0,Partial College,Professional,N
20442,MR.,JORGE,CHEN,1/15/1973,M,M,jorge3@adventure-works.com,"$70,000 ",0,Partial College,Professional,Y
20443,MR.,ADRIAN,COX,4/8/1976,S,M,adrian12@adventure-works.com,"$60,000 ",0,Partial College,Professional,N
20444,MRS.,CARA,ZENG,9/13/1955,S,F,cara18@adventure-works.com,"$80,000 ",2,High School,Skilled Manual,Y
20445,MRS.,BARBARA,DENG,10/19/1955,M,F,barbara32@adventure-works.com,"$80,000 ",2,High School,Skilled Manual,Y
20446,MR.,CLAYTON,RAI,2/7/1955,M,M,clayton35@adventure-works.com,"$80,000 ",2,High School,Skilled Manual,Y
20447,MRS.,JODI,GOEL,3/2/1956,S,F,jodi20@adventure-works.com,"$80,000 ",2,High School,Skilled Manual,N
20448,,JÉSUS,BLANCO,2/22/1956,M,NA,jésus14@adventure-works.com,"$80,000 ",2,High School,Skilled Manual,Y
20449,MS.,RACHEL,WALKER,4/7/1976,S,F,rachel26@adventure-works.com,"$60,000 ",0,Partial College,Professional,N
20450,MR.,EDWIN,TANG,2/10/1957,S,M,edwin26@adventure-works.com,"$70,000 ",2,High School,Professional,Y
20451,MRS.,KELLI,ANAND,5/15/1957,S,F,kelli45@adventure-works.com,"$70,000 ",2,High School,Professional,Y
20452,MRS.,KELLI,XIE,10/11/1957,S,F,kelli26@adventure-works.com,"$70,000 ",2,High School,Professional,N
20453,MR.,BRYANT,ARUN,9/17/1958,M,M,bryant7@adventure-works.com,"$100,000 ",1,Bachelors,Management,Y
20454,MR.,FERNANDO,MARTINEZ,6/9/1958,S,M,fernando15@adventure-works.com,"$110,000 ",5,Bachelors,Management,Y
20455,MR.,BRUCE,BLANCO,12/5/1958,M,M,bruce36@adventure-works.com,"$110,000 ",4,Bachelors,Management,Y
20456,MR.,ALFREDO,RAMOS,2/10/1958,S,M,alfredo18@adventure-works.com,"$130,000 ",0,Graduate Degree,Management,Y
20457,MS.,ALEXANDRA,MORRIS,4/11/1974,M,F,alexandra3@adventure-works.com,"$60,000 ",0,Partial College,Professional,Y
20458,MR.,ERICK,SUBRAM,11/14/1974,M,M,erick12@adventure-works.com,"$60,000 ",0,Partial College,Professional,Y
20459,MS.,MARIA,BARNES,10/7/1974,M,F,maria26@adventure-works.com,"$60,000 ",0,High School,Professional,Y
20460,MR.,WESLEY,ZENG,3/26/1959,M,M,wesley22@adventure-works.com,"$110,000 ",1,Bachelors,Management,Y
20461,MS.,MACKENZIE,NELSON,6/21/1966,S,F,mackenzie31@adventure-works.com,"$150,000 ",0,Bachelors,Management,N
20462,MS.,HALEY,MITCHELL,8/24/1966,S,F,haley50@adventure-works.com,"$160,000 ",0,Graduate Degree,Management,N
20463,MRS.,JASMINE,BRYANT,8/26/1957,M,F,jasmine57@adventure-works.com,"$60,000 ",2,High School,Professional,N
20464,MRS.,AMY,LU,1/23/1957,M,F,amy18@adventure-works.com,"$70,000 ",2,Partial College,Professional,Y
20465,MRS.,ISABEL,HENDERSON,6/9/1957,M,F,isabel5@adventure-works.com,"$80,000 ",2,Bachelors,Management,Y
20466,MR.,BENJAMIN,JAI,2/4/1957,M,M,benjamin34@adventure-works.com,"$90,000 ",2,Partial College,Professional,Y
20468,MRS.,OLIVIA,RICHARDSON,6/5/1956,M,F,olivia35@adventure-works.com,"$60,000 ",2,High School,Professional,N
20469,MR.,MANUEL,SURI,3/3/1956,M,M,manuel0@adventure-works.com,"$70,000 ",3,Partial College,Professional,N
20470,MRS.,MELISSA,GONZALES,8/26/1956,S,F,melissa12@adventure-works.com,"$70,000 ",3,Partial College,Professional,Y
20471,MR.,CARLOS,GONZALEZ,1/5/1932,M,M,carlos36@adventure-works.com,"$50,000 ",2,Graduate Degree,Management,Y
20472,MR.,EDWARD,COLEMAN,1/20/1965,S,M,edward54@adventure-works.com,"$90,000 ",4,Partial College,Professional,Y
20473,MR.,MASON,RIVERA,4/3/1965,M,M,mason15@adventure-works.com,"$90,000 ",5,Partial College,Professional,Y
20474,MR.,EDWARD,TURNER,4/5/1965,M,M,edward16@adventure-works.com,"$100,000 ",3,Bachelors,Management,Y
20475,MR.,BLAKE,MARTINEZ,9/26/1965,M,M,blake17@adventure-works.com,"$110,000 ",2,Bachelors,Management,Y
20476,MRS.,DESTINY,LONG,9/6/1965,S,F,destiny58@adventure-works.com,"$130,000 ",1,Graduate Degree,Management,N
20477,MR.,BRANDON,WASHINGTON,2/17/1965,S,M,brandon10@adventure-works.com,"$130,000 ",2,Graduate Degree,Management,N
20479,MR.,ANDREW,JACKSON,5/20/1964,M,M,andrew21@adventure-works.com,"$80,000 ",4,Bachelors,Management,Y
20480,MR.,CARLOS,COX,5/24/1962,S,M,carlos12@adventure-works.com,"$40,000 ",3,High School,Skilled Manual,Y
20481,MR.,JORDAN,EDWARDS,3/7/1962,M,M,jordan55@adventure-works.com,"$40,000 ",3,High School,Skilled Manual,Y
20482,MRS.,GINA,DIAZ,4/22/1962,S,F,gina3@adventure-works.com,"$70,000 ",1,Bachelors,Professional,N
20483,MR.,AUSTIN,KUMAR,3/10/1962,M,M,austin25@adventure-works.com,"$70,000 ",1,Partial College,Skilled Manual,Y
20484,MRS.,GABRIELLA,MORGAN,2/22/1942,S,F,gabriella20@adventure-works.com,"$50,000 ",4,Bachelors,Management,N
20485,MR.,RICHARD,REED,7/15/1942,M,M,richard101@adventure-works.com,"$50,000 ",4,Bachelors,Management,Y
20486,MR.,JACK,BUTLER,9/10/1942,M,M,jack14@adventure-works.com,"$60,000 ",3,Graduate Degree,Management,Y
20487,MR.,ALEXANDER,WHITE,3/4/1942,M,M,alexander16@adventure-works.com,"$60,000 ",3,Graduate Degree,Management,Y
20488,MRS.,CASSIDY,FOSTER,3/15/1942,M,F,cassidy17@adventure-works.com,"$60,000 ",3,Graduate Degree,Management,Y
20489,MR.,JACOB,DAVIS,10/8/1942,S,M,jacob5@adventure-works.com,"$70,000 ",5,Bachelors,Management,Y
20491,MR.,DAKOTA,PERRY,1/11/1943,M,M,dakota6@adventure-works.com,"$70,000 ",5,Bachelors,Management,Y
20492,MRS.,MADISON,MARTIN,2/13/1943,M,F,madison15@adventure-works.com,"$70,000 ",5,Bachelors,Management,Y
20493,MR.,MATTHEW,JACKSON,2/11/1943,M,M,matthew17@adventure-works.com,"$70,000 ",5,Bachelors,Management,Y
20494,MR.,JESSE,PETERSON,6/14/1943,M,M,jesse5@adventure-works.com,"$80,000 ",5,Bachelors,Management,Y
20495,MR.,WESLEY,WANG,9/11/1943,M,M,wesley1@adventure-works.com,"$80,000 ",5,Bachelors,Management,N
20496,MRS.,JADA,ROBERTS,9/4/1943,M,F,jada17@adventure-works.com,"$90,000 ",5,Bachelors,Management,N
20497,MRS.,FRANCISCO,JAVIER CASTREJÓN,3/4/1944,M,F,francisco0@adventure-works.com,"$30,000 ",5,Partial High School,Clerical,N
20498,MR.,MIGUEL,PHILLIPS,5/11/1944,M,M,miguel41@adventure-works.com,"$40,000 ",4,High School,Professional,N
20499,MR.,CHRISTIAN,ROBINSON,12/24/1944,S,M,christian33@adventure-works.com,"$40,000 ",4,High School,Professional,Y
20500,MRS.,MORGAN,BUTLER,4/26/1944,M,F,morgan84@adventure-works.com,"$40,000 ",4,High School,Professional,N
20501,MRS.,MORGAN,NELSON,9/16/1944,M,F,morgan7@adventure-works.com,"$70,000 ",4,Bachelors,Management,Y
20502,MR.,JOHN,HARRIS,4/26/1944,M,M,john51@adventure-works.com,"$70,000 ",4,Bachelors,Management,Y
20503,MR.,TONY,JAI,3/3/1945,M,M,tony14@adventure-works.com,"$40,000 ",4,High School,Professional,N
20504,MRS.,RAKESH,TANGIRALA,9/6/1945,M,F,rakesh0@adventure-works.com,"$40,000 ",5,High School,Professional,N
20505,,ALEXA,COX,5/10/1945,M,NA,alexa8@adventure-works.com,"$40,000 ",5,High School,Professional,N
20506,MRS.,PAIGE,BRADLEY,4/15/1945,M,F,paige1@adventure-works.com,"$40,000 ",5,High School,Professional,N
20507,MR.,JOSHUA,ANDERSON,2/15/1945,M,M,joshua11@adventure-works.com,"$70,000 ",4,Bachelors,Management,N
20508,MR.,LOGAN,ROBINSON,10/7/1945,S,M,logan70@adventure-works.com,"$70,000 ",5,Bachelors,Management,Y
20509,MRS.,ALEXANDRIA,MURPHY,4/21/1945,M,F,alexandria37@adventure-works.com,"$70,000 ",5,Bachelors,Management,Y
20510,MRS.,CAITLIN,COX,11/8/1946,M,F,caitlin8@adventure-works.com,"$60,000 ",4,Bachelors,Management,N
20511,MR.,MATTHEW,TAYLOR,10/19/1946,M,M,matthew14@adventure-works.com,"$60,000 ",4,Bachelors,Management,Y
20512,MRS.,SYDNEY,PARKER,3/9/1947,M,F,sydney50@adventure-works.com,"$70,000 ",2,Partial College,Professional,Y
20513,MR.,JOSEPH,SMITH,2/3/1947,S,M,joseph6@adventure-works.com,"$70,000 ",2,Partial College,Professional,Y
20514,MRS.,HANNAH,GRIFFIN,5/4/1947,M,F,hannah42@adventure-works.com,"$70,000 ",2,Partial College,Professional,Y
20515,MRS.,JENNA,EDWARDS,3/27/1947,S,F,jenna1@adventure-works.com,"$70,000 ",2,Partial College,Professional,Y
20516,MR.,GABRIEL,RUSSELL,8/2/1947,M,M,gabriel17@adventure-works.com,"$70,000 ",2,Partial College,Professional,Y
20517,MRS.,AMBER,EDWARDS,12/11/1947,M,F,amber1@adventure-works.com,"$70,000 ",2,Partial College,Professional,Y
20518,MRS.,DESIREE,SANZ,10/24/1947,M,F,desiree16@adventure-works.com,"$70,000 ",2,Partial College,Professional,Y
20519,MR.,TREVOR,DIAZ,2/20/1948,M,M,trevor21@adventure-works.com,"$40,000 ",2,High School,Professional,Y
20520,MRS.,CASSANDRA,SRINI,6/11/1948,S,F,cassandra9@adventure-works.com,"$40,000 ",2,High School,Professional,Y
20521,MRS.,GINA,CARLSON,7/14/1948,M,F,gina18@adventure-works.com,"$40,000 ",2,High School,Professional,Y
20522,MR.,KEVIN,PARKER,12/8/1948,M,M,kevin36@adventure-works.com,"$60,000 ",2,Bachelors,Management,Y
20523,MRS.,EMMA,HOWARD,5/11/1948,M,F,emma38@adventure-works.com,"$60,000 ",2,Bachelors,Management,Y
20524,MRS.,ANGELICA,JENKINS,4/5/1949,S,F,angelica6@adventure-works.com,"$60,000 ",2,Partial College,Professional,Y
20525,MR.,JAMES,KUMAR,8/22/1949,M,M,james44@adventure-works.com,"$60,000 ",2,Bachelors,Management,Y
20526,MRS.,BRITTANY,ALEXANDER,5/27/1949,S,F,brittany17@adventure-works.com,"$60,000 ",2,Partial College,Professional,Y
20527,MRS.,SYDNEY,HARRIS,3/18/1949,M,F,sydney76@adventure-works.com,"$70,000 ",4,Partial College,Professional,Y
20528,MR.,MASON,ADAMS,10/5/1950,M,M,mason35@adventure-works.com,"$40,000 ",2,Partial High School,Skilled Manual,Y
20529,MRS.,DESTINY,JACKSON,11/27/1950,S,F,destiny11@adventure-works.com,"$60,000 ",2,Partial College,Professional,N
20530,MRS.,MARIAH,JENKINS,4/3/1950,M,F,mariah11@adventure-works.com,"$60,000 ",2,High School,Professional,Y
20531,MR.,JAMES,YOUNG,3/25/1950,M,M,james67@adventure-works.com,"$60,000 ",2,Partial College,Professional,Y
20532,MRS.,JOAN,WATSON,4/23/1950,M,F,joan10@adventure-works.com,"$60,000 ",2,Partial College,Professional,Y
20533,,LUIS,PERRY,9/7/1950,M,NA,luis6@adventure-works.com,"$60,000 ",2,Partial College,Professional,Y
20534,MR.,DALTON,LOPEZ,3/13/1950,M,M,dalton27@adventure-works.com,"$60,000 ",2,Partial College,Professional,Y
20535,MRS.,RILEY,TORRES,2/12/1950,M,F,riley23@adventure-works.com,"$70,000 ",4,Partial College,Professional,Y
20536,MRS.,TAYLOR,GRAY,2/10/1950,S,F,taylor18@adventure-works.com,"$80,000 ",3,Bachelors,Management,Y
20537,MR.,THOMAS,EVANS,5/15/1950,S,M,thomas37@adventure-works.com,"$80,000 ",3,Bachelors,Management,Y
20538,MRS.,HAILEY,BENNETT,8/16/1951,M,F,hailey22@adventure-works.com,"$60,000 ",2,Partial College,Professional,Y
20539,MR.,LUIS,BAKER,9/21/1951,M,M,luis40@adventure-works.com,"$60,000 ",2,Partial College,Professional,Y
20540,MRS.,JASMINE,FLORES,6/21/1951,M,F,jasmine51@adventure-works.com,"$60,000 ",2,Partial College,Professional,Y
20541,MRS.,ALLISON,HERNANDEZ,9/2/1951,M,F,allison41@adventure-works.com,"$60,000 ",2,Partial College,Professional,N
20542,MRS.,HAILEY,GREEN,5/8/1951,M,F,hailey54@adventure-works.com,"$60,000 ",2,Partial College,Professional,Y
20543,MR.,SETH,MILLER,2/16/1951,M,M,seth6@adventure-works.com,"$70,000 ",4,Partial College,Professional,N
20544,MR.,DALTON,HALL,10/26/1952,M,M,dalton23@adventure-works.com,"$70,000 ",2,Partial High School,Skilled Manual,N
20545,MRS.,VANESSA,BUTLER,8/21/1952,S,F,vanessa15@adventure-works.com,"$70,000 ",2,Partial High School,Skilled Manual,N
20546,MRS.,RUTH,FERNANDEZ,10/26/1952,M,F,ruth20@adventure-works.com,"$60,000 ",2,High School,Professional,N
20547,MR.,ETHAN,CHEN,9/7/1953,M,M,ethan22@adventure-works.com,"$70,000 ",4,Partial College,Professional,Y
20548,MR.,PHILLIP,RODRIGUEZ,11/2/1957,M,M,phillip21@adventure-works.com,"$120,000 ",2,High School,Professional,Y
20549,MRS.,JENNIFER,MORRIS,5/9/1957,M,F,jennifer54@adventure-works.com,"$130,000 ",2,Partial College,Professional,Y
20550,MRS.,MOHAMED,PAL,12/20/1957,M,F,mohamed1@adventure-works.com,"$150,000 ",1,Partial College,Professional,Y
20551,MRS.,DAISY,BLANCO,5/8/1957,M,F,daisy10@adventure-works.com,"$150,000 ",2,High School,Professional,Y
20552,MRS.,HEATHER,LIANG,2/20/1957,M,F,heather16@adventure-works.com,"$150,000 ",2,High School,Professional,Y
20553,MR.,DAMIEN,XIE,11/24/1956,M,M,damien20@adventure-works.com,"$100,000 ",2,Partial College,Professional,Y
20554,MRS.,DONNA,TANG,3/14/1956,M,F,donna4@adventure-works.com,"$120,000 ",3,High School,Professional,Y
20555,MR.,KELVIN,RAJE,9/12/1956,M,M,kelvin10@adventure-works.com,"$120,000 ",3,High School,Professional,N
20556,MR.,GLENN,SUN,12/2/1956,M,M,glenn14@adventure-works.com,"$120,000 ",3,High School,Professional,Y
20557,MRS.,LINDSAY,LAL,8/15/1956,M,F,lindsay8@adventure-works.com,"$120,000 ",3,High School,Professional,Y
20558,MRS.,BRIANNA,STEWART,6/3/1956,M,F,brianna24@adventure-works.com,"$170,000 ",3,Partial College,Professional,Y
20559,MRS.,ISABELLA,DIAZ,10/20/1955,M,F,isabella32@adventure-works.com,"$110,000 ",3,Partial College,Professional,Y
20560,MRS.,MINDY,RAJI,12/9/1955,M,F,mindy26@adventure-works.com,"$110,000 ",3,Partial College,Professional,Y
20561,MR.,WILLIE,LIU,5/23/1955,S,M,willie4@adventure-works.com,"$130,000 ",3,Partial College,Professional,N
20562,MRS.,JIM,RODMAN,9/13/1955,M,F,jim4@adventure-works.com,"$130,000 ",3,Partial College,Professional,Y
20563,MRS.,KENDRA,BLANCO,8/25/1944,M,F,kendra15@adventure-works.com,"$110,000 ",3,Bachelors,Management,Y
20564,MR.,JESSIE,GAO,10/28/1944,S,M,jessie19@adventure-works.com,"$130,000 ",3,Bachelors,Management,N
20565,MRS.,TASHA,YUAN,5/11/1944,M,F,tasha7@adventure-works.com,"$130,000 ",3,Bachelors,Management,Y
20566,MR.,GEORGE,MEHTA,2/11/1945,M,M,george20@adventure-works.com,"$110,000 ",3,Bachelors,Management,N
20568,MR.,DUSTIN,RAJI,6/18/1946,M,M,dustin21@adventure-works.com,"$90,000 ",5,Partial College,Professional,N
20569,MRS.,PATRICIA,PATEL,11/19/1946,M,F,patricia8@adventure-works.com,"$130,000 ",4,Partial College,Professional,Y
20570,MR.,GEORGE,MARTINEZ,8/11/1946,M,M,george24@adventure-works.com,"$130,000 ",4,Partial College,Professional,Y
20571,MRS.,ALLISON,GRAY,10/12/1946,S,F,allison4@adventure-works.com,"$170,000 ",4,Bachelors,Management,N
20572,MRS.,CAROLINE,DIAZ,7/24/1953,M,F,caroline23@adventure-works.com,"$80,000 ",4,Partial College,Professional,Y
20573,MRS.,MEGAN,WARD,5/24/1953,M,F,megan40@adventure-works.com,"$90,000 ",4,Partial College,Professional,Y
20574,MR.,BRETT,PATEL,11/14/1954,M,M,brett2@adventure-works.com,"$130,000 ",3,Partial College,Professional,Y
20575,MRS.,STACEY,CAI,3/15/1954,M,F,stacey22@adventure-works.com,"$130,000 ",4,High School,Professional,Y
20576,MR.,JOHNATHAN,KAPOOR,6/26/1954,S,M,johnathan2@adventure-works.com,"$130,000 ",4,High School,Professional,N
20577,MRS.,SHEILA,ROMERO,11/27/1954,M,F,sheila9@adventure-works.com,"$130,000 ",4,High School,Professional,Y
20578,MR.,MARTIN,KAPOOR,3/1/1953,M,M,martin7@adventure-works.com,"$100,000 ",3,Bachelors,Management,N
20579,MRS.,ALEXANDRA,KING,9/2/1953,M,F,alexandra60@adventure-works.com,"$100,000 ",3,Partial College,Professional,Y
20580,MR.,ERNEST,HUANG,3/15/1952,S,M,ernest5@adventure-works.com,"$80,000 ",4,Partial College,Professional,Y
20581,MRS.,RUTH,SANCHEZ,11/15/1952,M,F,ruth24@adventure-works.com,"$80,000 ",4,Partial College,Professional,N
20582,MRS.,DESIREE,BRADLEY,11/6/1952,S,F,desiree12@adventure-works.com,"$80,000 ",4,High School,Professional,Y
20583,MRS.,KRISTEN,WANG,9/20/1951,M,F,kristen1@adventure-works.com,"$90,000 ",4,High School,Professional,Y
20584,MRS.,MOLLY,SCHMIDT,4/26/1951,S,F,molly10@adventure-works.com,"$110,000 ",4,Partial College,Professional,Y
20585,MRS.,EMILY,LEE,5/19/1951,M,F,emily22@adventure-works.com,"$130,000 ",4,High School,Professional,Y
20586,MR.,CLAYTON,ZHAO,10/17/1950,M,M,clayton9@adventure-works.com,"$90,000 ",4,High School,Management,Y
20587,MR.,SHANNON,JOHNSTON,10/27/1950,M,M,shannon27@adventure-works.com,"$100,000 ",3,Partial College,Management,Y
20588,MRS.,NANCY,RAMAN,3/25/1950,M,F,nancy15@adventure-works.com,"$150,000 ",4,Partial College,Management,Y
20589,MRS.,MACKENZIE,ROGERS,11/27/1949,M,F,mackenzie18@adventure-works.com,"$80,000 ",5,High School,Management,Y
20590,MR.,TODD,ZHANG,3/19/1949,M,M,todd2@adventure-works.com,"$100,000 ",3,Partial College,Management,Y
20591,MRS.,KARA,TANG,3/16/1949,M,F,kara4@adventure-works.com,"$120,000 ",4,High School,Management,Y
20592,MR.,JORGE,LIU,9/21/1949,M,M,jorge5@adventure-works.com,"$160,000 ",4,High School,Management,Y
20593,MR.,JOEL,JORDAN,10/23/1948,M,M,joel0@adventure-works.com,"$80,000 ",5,High School,Management,Y
20594,MR.,ARTHUR,TORRES,3/23/1948,M,M,arthur36@adventure-works.com,"$80,000 ",5,High School,Management,Y
20595,MRS.,KARLA,ANDERSEN,5/2/1948,S,F,karla14@adventure-works.com,"$80,000 ",5,High School,Management,Y
20596,MRS.,JANET,RAMOS,8/17/1948,M,F,janet23@adventure-works.com,"$130,000 ",5,Bachelors,Professional,Y
20597,MRS.,CARLY,BECK,10/26/1947,M,F,carly18@adventure-works.com,"$90,000 ",5,Partial High School,Skilled Manual,N
20598,MR.,JACKSON,POWELL,5/21/1947,M,M,jackson11@adventure-works.com,"$100,000 ",3,Partial High School,Professional,Y
20599,MR.,KYLE,WANG,6/12/1947,M,M,kyle20@adventure-works.com,"$120,000 ",5,High School,Management,N
20600,MR.,DENNIS,HU,1/28/1975,S,M,dennis22@adventure-works.com,"$70,000 ",0,Bachelors,Professional,N
20601,MS.,CARRIE,MUNOZ,4/8/1976,M,F,carrie7@adventure-works.com,"$70,000 ",0,Bachelors,Professional,Y
20602,MR.,CASEY,MORENO,8/27/1976,S,M,casey30@adventure-works.com,"$70,000 ",0,Bachelors,Professional,N
20603,MR.,HENRY,SULLIVAN,1/3/1976,S,M,henry14@adventure-works.com,"$70,000 ",0,Bachelors,Professional,Y
20604,MR.,HAROLD,MARTINEZ,4/13/1974,S,M,harold15@adventure-works.com,"$60,000 ",0,Bachelors,Professional,N
20605,MR.,KEVIN,YANG,2/3/1975,S,M,kevin30@adventure-works.com,"$80,000 ",0,Bachelors,Professional,Y
20606,MS.,JOCELYN,COLEMAN,7/26/1974,M,F,jocelyn6@adventure-works.com,"$70,000 ",0,Bachelors,Professional,Y
20607,MS.,DONNA,RAJE,10/19/1974,S,F,donna12@adventure-works.com,"$80,000 ",0,Bachelors,Professional,Y
20608,MS.,CARA,HU,11/18/1973,S,F,cara16@adventure-works.com,"$100,000 ",0,High School,Management,Y
20609,MR.,FERNANDO,BRYANT,4/5/1973,M,M,fernando59@adventure-works.com,"$100,000 ",0,High School,Management,Y
20610,MR.,JESSIE,ZHOU,3/10/1973,M,M,jessie13@adventure-works.com,"$110,000 ",0,Partial College,Management,Y
20611,MS.,CARLA,SULLIVAN,10/19/1973,M,F,carla15@adventure-works.com,"$110,000 ",0,Partial College,Management,N
20612,MR.,COLIN,YANG,5/1/1973,M,M,colin5@adventure-works.com,"$110,000 ",0,Partial College,Management,Y
20613,MS.,LINDSAY,RAJE,10/14/1973,M,F,lindsay14@adventure-works.com,"$110,000 ",0,Partial College,Management,Y
20614,MR.,GREGORY,SHAN,7/5/1973,S,M,gregory13@adventure-works.com,"$110,000 ",0,Partial College,Management,Y
20615,MS.,LAURA,WU,10/21/1973,S,F,laura13@adventure-works.com,"$110,000 ",0,Partial College,Management,Y
20616,MS.,KRISTI,SERRANO,2/12/1973,S,F,kristi12@adventure-works.com,"$120,000 ",0,Partial High School,Professional,Y
20617,MS.,CHLOE,JOHNSON,5/28/1972,S,F,chloe35@adventure-works.com,"$100,000 ",0,High School,Management,Y
20618,MS.,MARIE,RUBIO,7/15/1971,S,F,marie45@adventure-works.com,"$80,000 ",0,Bachelors,Professional,Y
20619,MR.,MAURICE,RAJI,5/11/1971,S,M,maurice22@adventure-works.com,"$80,000 ",0,Bachelors,Professional,N
20620,MS.,VICTORIA,COOK,2/4/1971,S,F,victoria29@adventure-works.com,"$90,000 ",0,Bachelors,Professional,N
20621,MS.,MEREDITH,ALONSO,2/6/1972,M,F,meredith31@adventure-works.com,"$120,000 ",0,Partial High School,Professional,N
20622,MR.,JEROME,SUAREZ,7/3/1972,M,M,jerome18@adventure-works.com,"$120,000 ",0,Partial High School,Professional,Y
20623,MRS.,RUTH,GARCIA,6/1/1972,M,F,ruth19@adventure-works.com,"$130,000 ",4,High School,Management,Y
20624,MS.,DEBORAH,SHAN,4/15/1971,S,F,deborah15@adventure-works.com,"$100,000 ",0,High School,Management,Y
20625,MR.,RAFAEL,YUAN,5/13/1971,M,M,rafael30@adventure-works.com,"$100,000 ",0,High School,Management,Y
20626,MR.,JARROD,SARA,2/14/1971,M,M,jarrod10@adventure-works.com,"$100,000 ",0,High School,Management,Y
20627,MS.,THERESA,NAVARRO,4/2/1970,M,F,theresa7@adventure-works.com,"$110,000 ",0,High School,Management,Y
20628,MR.,RODNEY,GUTIERREZ,11/25/1970,S,M,rodney7@adventure-works.com,"$120,000 ",0,Partial High School,Professional,Y
20629,MS.,BONNIE,RAJE,3/2/1970,M,F,bonnie20@adventure-works.com,"$120,000 ",0,Partial High School,Professional,Y
20630,MRS.,DIANE,ALONSO,3/15/1970,M,F,diane13@adventure-works.com,"$130,000 ",5,High School,Management,Y
20631,,GERALD,DOMINGUEZ,10/16/1970,S,NA,gerald21@adventure-works.com,"$130,000 ",5,Bachelors,Professional,Y
20632,MR.,MARCUS,STEWART,8/5/1964,S,M,marcus96@adventure-works.com,"$80,000 ",4,Partial College,Professional,Y
20633,MR.,LUKE,COLLINS,2/8/1964,M,M,luke34@adventure-works.com,"$90,000 ",5,Partial College,Professional,Y
20634,MRS.,STEPHANIE,BRYANT,8/7/1964,M,F,stephanie45@adventure-works.com,"$100,000 ",5,Partial College,Professional,Y
20635,MR.,NATHAN,YOUNG,5/9/1964,M,M,nathan47@adventure-works.com,"$110,000 ",3,Bachelors,Management,Y
20636,MRS.,OLIVIA,PATTERSON,5/4/1964,M,F,olivia56@adventure-works.com,"$130,000 ",3,Bachelors,Management,Y
20637,MR.,JOHN,BROWN,6/10/1956,M,M,john42@adventure-works.com,"$70,000 ",3,Partial College,Professional,Y
20638,MR.,THOMAS,COLLINS,8/11/1956,S,M,thomas39@adventure-works.com,"$80,000 ",3,Partial College,Professional,Y
20639,MRS.,EMILY,ROSS,6/19/1956,M,F,emily29@adventure-works.com,"$80,000 ",3,Partial College,Professional,N
20640,MR.,NOAH,TURNER,6/1/1956,M,M,noah32@adventure-works.com,"$90,000 ",2,Partial College,Professional,N
20641,MRS.,ISABELLA,ROBINSON,2/23/1956,S,F,isabella74@adventure-works.com,"$90,000 ",2,Partial College,Professional,Y
20642,MRS.,PATRICIA,PRASAD,11/4/1956,S,F,patricia13@adventure-works.com,"$90,000 ",2,Partial College,Professional,Y
20643,MRS.,ABIGAIL,PATTERSON,1/15/1934,M,F,abigail65@adventure-works.com,"$90,000 ",4,Bachelors,Management,Y
20644,MR.,PATRICK,BROOKS,2/17/1934,S,M,patrick7@adventure-works.com,"$130,000 ",1,Graduate Degree,Management,N
20645,MR.,XAVIER,STEWART,3/7/1972,M,M,xavier84@adventure-works.com,"$60,000 ",1,Graduate Degree,Skilled Manual,Y
20646,MR.,RYAN,CHEN,5/24/1972,M,M,ryan29@adventure-works.com,"$60,000 ",1,Graduate Degree,Skilled Manual,Y
20647,MR.,JARED,BAILEY,1/15/1972,M,M,jared17@adventure-works.com,"$60,000 ",1,Graduate Degree,Professional,Y
20649,MRS.,NATALIE,RAMIREZ,6/13/1972,S,F,natalie19@adventure-works.com,"$70,000 ",2,Graduate Degree,Professional,Y
20650,MR.,BRYAN,GRAY,1/24/1970,M,M,bryan8@adventure-works.com,"$50,000 ",1,Bachelors,Skilled Manual,Y
20651,MR.,TIMOTHY,COOPER,8/23/1970,M,M,timothy10@adventure-works.com,"$50,000 ",1,Bachelors,Skilled Manual,Y
20652,MRS.,AMANDA,SCOTT,1/6/1970,M,F,amanda56@adventure-works.com,"$50,000 ",1,Bachelors,Skilled Manual,Y
20653,MRS.,JESSICA,WHITE,3/4/1970,M,F,jessica60@adventure-works.com,"$50,000 ",1,Bachelors,Skilled Manual,Y
20654,MRS.,TAYLOR,MURPHY,5/7/1970,M,F,taylor8@adventure-works.com,"$50,000 ",1,Bachelors,Skilled Manual,Y
20655,MR.,EDWARD,BUTLER,2/5/1970,M,M,edward63@adventure-works.com,"$50,000 ",1,Bachelors,Skilled Manual,Y
20656,MR.,MARCUS,PERRY,4/21/1970,M,M,marcus57@adventure-works.com,"$60,000 ",1,Graduate Degree,Professional,Y
20657,MR.,BLAKE,RUSSELL,6/25/1969,S,M,blake67@adventure-works.com,"$50,000 ",2,Bachelors,Skilled Manual,Y
20658,MRS.,KAYLEE,CAMPBELL,2/12/1971,M,F,kaylee28@adventure-works.com,"$70,000 ",2,Graduate Degree,Professional,Y
20659,MR.,XAVIER,BAKER,3/7/1971,M,M,xavier30@adventure-works.com,"$70,000 ",3,Graduate Degree,Professional,Y
20660,MRS.,CHRISTINA,COX,10/19/1969,M,F,christina8@adventure-works.com,"$60,000 ",1,Graduate Degree,Professional,Y
20661,MRS.,TAYLOR,DIAZ,10/7/1969,M,F,taylor46@adventure-works.com,"$60,000 ",1,Graduate Degree,Professional,Y
20662,MRS.,TAYLOR,PERRY,12/14/1968,M,F,taylor33@adventure-works.com,"$70,000 ",2,Bachelors,Skilled Manual,Y
20663,MRS.,KAITLYN,STEWART,9/6/1968,S,F,kaitlyn47@adventure-works.com,"$70,000 ",2,Bachelors,Skilled Manual,N
20664,MR.,ISAIAH,WATSON,5/23/1968,M,M,isaiah0@adventure-works.com,"$70,000 ",2,Bachelors,Skilled Manual,Y
20665,MR.,JAMES,EVANS,8/21/1968,S,M,james50@adventure-works.com,"$70,000 ",2,Bachelors,Skilled Manual,Y
20666,MRS.,LACEY,RAI,10/7/1968,S,F,lacey7@adventure-works.com,"$70,000 ",2,Bachelors,Skilled Manual,Y
20667,MRS.,JODI,PAL,12/27/1968,S,F,jodi12@adventure-works.com,"$70,000 ",2,Bachelors,Skilled Manual,Y
20668,MRS.,ERIC,ROTHENBERG,10/7/1968,S,F,eric9@adventure-works.com,"$70,000 ",2,Bachelors,Skilled Manual,N
20669,MS.,RACHEL,ROSS,4/7/1967,S,F,rachel51@adventure-works.com,"$40,000 ",0,Bachelors,Professional,Y
20670,MRS.,JULIA,COX,3/12/1970,M,F,julia55@adventure-works.com,"$60,000 ",1,Graduate Degree,Professional,Y
20671,MR.,RONALD,SANCHEZ,2/13/1970,M,M,ronald23@adventure-works.com,"$70,000 ",4,Graduate Degree,Professional,Y
20672,MR.,FERNANDO,ROSS,3/7/1970,S,M,fernando48@adventure-works.com,"$70,000 ",4,Graduate Degree,Professional,Y
20673,MR.,DYLAN,WASHINGTON,10/23/1970,M,M,dylan12@adventure-works.com,"$70,000 ",4,Graduate Degree,Professional,Y
20674,MR.,SAMUEL,BUTLER,2/26/1967,S,M,samuel13@adventure-works.com,"$50,000 ",2,Bachelors,Skilled Manual,N
20675,MRS.,NATALIE,MARTIN,11/2/1967,S,F,natalie82@adventure-works.com,"$50,000 ",2,Bachelors,Skilled Manual,N
20676,MR.,CARLOS,PARKER,9/21/1966,M,M,carlos25@adventure-works.com,"$60,000 ",3,Bachelors,Skilled Manual,Y
20677,MRS.,TRINITY,BAILEY,8/13/1966,S,F,trinity14@adventure-works.com,"$60,000 ",3,Bachelors,Skilled Manual,Y
20678,MRS.,MARTHA,LIN,3/27/1966,S,F,martha7@adventure-works.com,"$60,000 ",3,Bachelors,Skilled Manual,Y
20679,MR.,DAKOTA,JENKINS,5/14/1966,M,M,dakota5@adventure-works.com,"$60,000 ",0,Graduate Degree,Professional,Y
20680,MS.,ASHLEY,ANDERSON,7/19/1966,S,F,ashley10@adventure-works.com,"$60,000 ",0,Graduate Degree,Professional,Y
20681,MR.,WALTER,MORENO,4/28/1969,S,M,walter19@adventure-works.com,"$70,000 ",5,Graduate Degree,Professional,Y
20682,MR.,JOHN,DAVIS,10/16/1969,M,M,john44@adventure-works.com,"$80,000 ",2,Graduate Degree,Professional,Y
20683,MRS.,AMANDA,MITCHELL,8/21/1969,M,F,amanda54@adventure-works.com,"$80,000 ",3,Graduate Degree,Professional,Y
20684,MRS.,OLIVIA,LEE,1/28/1969,M,F,olivia21@adventure-works.com,"$80,000 ",3,Graduate Degree,Professional,Y
20685,MS.,MARIAH,POWELL,1/1/1965,M,F,mariah13@adventure-works.com,"$40,000 ",0,Bachelors,Professional,N
20686,MR.,LUCAS,NELSON,4/7/1965,S,M,lucas1@adventure-works.com,"$40,000 ",0,Bachelors,Professional,Y
20687,MS.,REBECCA,CAMPBELL,2/4/1965,S,F,rebecca9@adventure-works.com,"$40,000 ",0,Bachelors,Professional,N
20688,MR.,STEVEN,RAMIREZ,9/11/1965,M,M,steven17@adventure-works.com,"$50,000 ",3,Bachelors,Skilled Manual,Y
20689,MR.,CONNOR,GREEN,7/8/1965,M,M,connor41@adventure-works.com,"$50,000 ",3,Bachelors,Skilled Manual,Y
20690,MR.,NATHANIEL,TORRES,11/4/1965,M,M,nathaniel5@adventure-works.com,"$50,000 ",3,Bachelors,Skilled Manual,Y
20691,MR.,EDUARDO,SMITH,2/14/1965,M,M,eduardo0@adventure-works.com,"$60,000 ",0,Graduate Degree,Professional,Y
20692,MR.,JOHN,LEWIS,12/6/1965,M,M,john55@adventure-works.com,"$60,000 ",0,Graduate Degree,Professional,Y
20693,MR.,ZACHARY,PERRY,9/10/1965,S,M,zachary6@adventure-works.com,"$60,000 ",0,Graduate Degree,Professional,N
20694,MR.,DANIEL,ANDERSON,4/12/1964,M,M,daniel7@adventure-works.com,"$60,000 ",4,Bachelors,Skilled Manual,Y
20695,MR.,JOSHUA,BROWN,2/8/1964,M,M,joshua6@adventure-works.com,"$60,000 ",4,Bachelors,Skilled Manual,Y
20696,MR.,ETHAN,GONZALES,6/21/1964,M,M,ethan13@adventure-works.com,"$60,000 ",4,Bachelors,Skilled Manual,N
20697,MRS.,STEFANIE,SCHMIDT,12/26/1964,M,F,stefanie7@adventure-works.com,"$60,000 ",4,Bachelors,Skilled Manual,Y
20698,MR.,DARREN,CHANDRA,3/19/1964,M,M,darren4@adventure-works.com,"$60,000 ",4,Bachelors,Skilled Manual,Y
20699,MR.,HUNTER,WANG,2/13/1964,S,M,hunter19@adventure-works.com,"$60,000 ",4,Bachelors,Skilled Manual,N
20700,MR.,MARCUS,SCOTT,8/2/1964,M,M,marcus32@adventure-works.com,"$60,000 ",4,Bachelors,Skilled Manual,Y
20701,MRS.,LIZ,ANDERSON,7/23/1964,S,F,liz0@adventure-works.com,"$60,000 ",4,Bachelors,Skilled Manual,N
20702,MR.,OSCAR,ROSS,9/8/1963,S,M,oscar12@adventure-works.com,"$70,000 ",4,Bachelors,Skilled Manual,N
20703,MR.,SETH,WHITE,5/26/1963,S,M,seth13@adventure-works.com,"$70,000 ",4,Bachelors,Professional,Y
20704,MR.,SHANE,RODRIGUEZ,2/21/1963,M,M,shane22@adventure-works.com,"$70,000 ",4,Bachelors,Professional,Y
20705,MR.,KEVIN,ROBERTS,9/2/1968,M,M,kevin41@adventure-works.com,"$70,000 ",0,Bachelors,Professional,N
20706,MS.,HALEY,GONZALEZ,3/18/1968,S,F,haley48@adventure-works.com,"$70,000 ",0,Bachelors,Professional,Y
20707,MS.,DANIELLE,STEWART,1/8/1968,S,F,danielle26@adventure-works.com,"$70,000 ",0,Bachelors,Professional,N
20708,MR.,DEVIN,THOMPSON,9/10/1963,S,M,devin14@adventure-works.com,"$70,000 ",4,Bachelors,Professional,Y
20709,MR.,SAMUEL,EVANS,6/12/1963,M,M,samuel31@adventure-works.com,"$70,000 ",0,Bachelors,Professional,N
20710,MR.,ANDRES,RAJE,11/8/1974,M,M,andres11@adventure-works.com,"$40,000 ",1,Bachelors,Skilled Manual,Y
20711,MRS.,EBONY,SANZ,1/5/1974,M,F,ebony41@adventure-works.com,"$40,000 ",1,Bachelors,Skilled Manual,Y
20712,MR.,COLIN,HUANG,7/21/1974,M,M,colin6@adventure-works.com,"$40,000 ",1,Bachelors,Skilled Manual,Y
20713,MS.,KATHLEEN,GILL,9/16/1972,S,F,kathleen15@adventure-works.com,"$10,000 ",0,Partial High School,Manual,N
20714,MS.,CHRISTINE,BECK,7/16/1972,S,F,christine15@adventure-works.com,"$20,000 ",0,Partial High School,Manual,N
20715,MR.,HENRY,KAPOOR,6/22/1972,S,M,henry3@adventure-works.com,"$20,000 ",0,Partial High School,Manual,N
20716,MRS.,KRISTINA,ARUN,9/13/1973,M,F,kristina7@adventure-works.com,"$40,000 ",1,Bachelors,Skilled Manual,Y
20717,MS.,CHELSEA,RAY,3/6/1973,S,F,chelsea12@adventure-works.com,"$40,000 ",0,Graduate Degree,Skilled Manual,N
20718,MR.,RICKY,RUIZ,12/24/1972,S,M,ricky2@adventure-works.com,"$30,000 ",0,High School,Manual,Y
20719,MR.,LAWRENCE,ALVAREZ,8/20/1972,S,M,lawrence2@adventure-works.com,"$30,000 ",0,High School,Manual,N
20720,MS.,REGINA,SUBRAM,7/4/1972,S,F,regina12@adventure-works.com,"$30,000 ",0,High School,Manual,N
20721,MS.,HAILEY,PERRY,7/9/1971,S,F,hailey29@adventure-works.com,"$10,000 ",0,Partial High School,Manual,Y
20722,MRS.,KELLIE,SERRANO,4/24/1972,S,F,kellie15@adventure-works.com,"$40,000 ",2,Partial College,Clerical,Y
20723,MR.,CEDRIC,ZHU,12/26/1971,S,M,cedric13@adventure-works.com,"$20,000 ",0,Partial High School,Manual,N
20724,MS.,EBONY,VANCE,1/8/1971,S,F,ebony3@adventure-works.com,"$20,000 ",0,Partial High School,Manual,Y
20725,MS.,LINDA,ROMERO,4/4/1971,S,F,linda24@adventure-works.com,"$20,000 ",0,Partial High School,Manual,Y
20726,MS.,BETH,ROMERO,8/18/1971,S,F,beth11@adventure-works.com,"$30,000 ",0,High School,Manual,N
20727,MR.,ARTURO,YE,1/13/1970,S,M,arturo10@adventure-works.com,"$40,000 ",2,Partial College,Clerical,Y
20728,MR.,CEDRIC,CHANDE,12/14/1970,S,M,cedric33@adventure-works.com,"$40,000 ",2,Partial College,Clerical,Y
20729,MRS.,AIMEE,ZHOU,10/20/1971,M,F,aimee7@adventure-works.com,"$40,000 ",2,Partial College,Clerical,N
20730,MR.,AARON,SHAN,6/15/1971,S,M,aaron31@adventure-works.com,"$40,000 ",2,Partial College,Clerical,Y
20731,MR.,ANDRE,KOVÁR,6/14/1970,S,M,andre4@adventure-works.com,"$50,000 ",0,Graduate Degree,Skilled Manual,N
20732,MR.,JOSHUA,WALKER,3/25/1975,S,M,joshua25@adventure-works.com,"$40,000 ",3,Partial College,Clerical,Y
20733,MRS.,SHEENA,LUO,12/7/1974,S,F,sheena5@adventure-works.com,"$40,000 ",3,Partial College,Clerical,Y
20734,MR.,LUIS,PHILLIPS,7/17/1974,M,M,luis38@adventure-works.com,"$50,000 ",0,Graduate Degree,Skilled Manual,Y
20735,MS.,CAITLIN,COOPER,10/23/1974,M,F,caitlin15@adventure-works.com,"$50,000 ",0,Graduate Degree,Skilled Manual,Y
20736,MRS.,ALEXANDRA,HOWARD,6/13/1975,S,F,alexandra15@adventure-works.com,"$40,000 ",4,Partial College,Clerical,Y
20737,MRS.,VICTORIA,GRIFFIN,7/3/1929,M,F,victoria67@adventure-works.com,"$20,000 ",2,Partial College,Clerical,N
20738,MR.,ALEX,KELLY,7/22/1966,M,M,alex5@adventure-works.com,"$60,000 ",0,Graduate Degree,Skilled Manual,Y
20739,MRS.,KAITLYN,CARTER,9/24/1953,S,F,kaitlyn8@adventure-works.com,"$10,000 ",2,High School,Manual,Y
20740,MRS.,KATHRYN,SHARMA,6/9/1953,M,F,kathryn8@adventure-works.com,"$10,000 ",2,High School,Manual,Y
20741,MRS.,JOCELYN,FOSTER,9/26/1953,S,F,jocelyn15@adventure-works.com,"$20,000 ",2,High School,Manual,Y
20742,MRS.,ISABELLA,STEWART,2/17/1953,M,F,isabella81@adventure-works.com,"$20,000 ",2,High School,Manual,N
20743,MRS.,ARIANNA,HOWARD,7/14/1953,M,F,arianna33@adventure-works.com,"$20,000 ",2,High School,Manual,N
20744,MRS.,AMANDA,BARNES,3/1/1953,M,F,amanda24@adventure-works.com,"$20,000 ",2,High School,Manual,N
20745,MRS.,MARIAH,PRICE,6/4/1954,M,F,mariah4@adventure-works.com,"$20,000 ",2,Partial High School,Manual,N
20746,MRS.,CHRISTINA,TORRES,2/27/1954,M,F,christina11@adventure-works.com,"$20,000 ",2,Partial High School,Manual,N
20747,MRS.,MELODY,VAZQUEZ,11/25/1954,M,F,melody15@adventure-works.com,"$20,000 ",3,Partial High School,Clerical,N
20748,MRS.,STEPHANIE,WATSON,10/5/1954,S,F,stephanie24@adventure-works.com,"$20,000 ",3,Partial High School,Clerical,Y
20749,MRS.,JOAN,MORGAN,4/15/1954,M,F,joan11@adventure-works.com,"$30,000 ",1,High School,Clerical,Y
20750,MRS.,KATHERINE,KING,9/26/1954,M,F,katherine67@adventure-works.com,"$40,000 ",1,Partial College,Clerical,Y
20751,MR.,JERMAINE,ARTHUR,10/20/1955,M,M,jermaine5@adventure-works.com,"$30,000 ",1,High School,Clerical,N
20752,MR.,CHRISTIAN,SIMMONS,9/15/1955,M,M,christian2@adventure-works.com,"$30,000 ",1,High School,Clerical,N
20753,MRS.,TAYLOR,KELLY,11/22/1955,M,F,taylor23@adventure-works.com,"$30,000 ",1,High School,Clerical,N
20754,MR.,IAN,DAVIS,5/12/1955,M,M,ian6@adventure-works.com,"$30,000 ",2,High School,Skilled Manual,Y
20755,MR.,ALEX,LOPEZ,6/4/1955,M,M,alex41@adventure-works.com,"$40,000 ",1,Partial College,Clerical,Y
20756,MR.,MARCUS,GRIFFIN,1/25/1956,M,M,marcus70@adventure-works.com,"$30,000 ",2,High School,Skilled Manual,N
20757,MRS.,ALEXIA,POWELL,6/17/1956,M,F,alexia8@adventure-works.com,"$30,000 ",2,High School,Skilled Manual,N
20758,MR.,JESSE,SANDERS,3/5/1956,M,M,jesse3@adventure-works.com,"$30,000 ",2,High School,Skilled Manual,Y
20759,MRS.,TERESA,SERRANO,5/20/1956,M,F,teresa17@adventure-works.com,"$40,000 ",1,Partial College,Clerical,Y
20760,MR.,THOMAS,ALEXANDER,9/19/1956,M,M,thomas21@adventure-works.com,"$40,000 ",1,Partial College,Clerical,Y
20761,MR.,JONATHAN,WASHINGTON,11/12/1956,M,M,jonathan13@adventure-works.com,"$40,000 ",1,Partial College,Clerical,Y
20762,MRS.,JENNIFER,KING,10/12/1957,M,F,jennifer22@adventure-works.com,"$30,000 ",2,High School,Skilled Manual,Y
20763,MR.,LUCAS,CARTER,8/13/1957,M,M,lucas2@adventure-works.com,"$30,000 ",2,High School,Skilled Manual,Y
20764,MR.,CHRISTIAN,TAYLOR,1/16/1957,M,M,christian43@adventure-works.com,"$30,000 ",2,High School,Skilled Manual,N
20765,MR.,WYATT,LOPEZ,5/19/1957,M,M,wyatt31@adventure-works.com,"$40,000 ",1,Partial College,Clerical,Y
20766,MR.,CHARLES,MORGAN,4/10/1958,M,M,charles61@adventure-works.com,"$40,000 ",2,Partial College,Clerical,Y
20767,MRS.,RACHEL,THOMAS,9/23/1958,S,F,rachel13@adventure-works.com,"$40,000 ",2,Partial College,Clerical,Y
20769,MRS.,MICHELLE,SANDERS,4/3/1958,M,F,michelle5@adventure-works.com,"$40,000 ",2,Partial College,Clerical,Y
20770,MR.,CARLOS,MITCHELL,5/14/1958,M,M,carlos40@adventure-works.com,"$80,000 ",5,Graduate Degree,Skilled Manual,Y
20771,MRS.,MADELINE,EDWARDS,12/15/1958,M,F,madeline1@adventure-works.com,"$80,000 ",4,Graduate Degree,Skilled Manual,Y
20772,MRS.,SAMANTHA,GARCIA,4/8/1958,S,F,samantha18@adventure-works.com,"$80,000 ",4,Graduate Degree,Skilled Manual,Y
20773,MRS.,NATALIE,RODRIGUEZ,3/8/1958,S,F,natalie87@adventure-works.com,"$80,000 ",4,Graduate Degree,Skilled Manual,N
20774,MR.,ANTHONY,MILLER,7/7/1958,S,M,anthony15@adventure-works.com,"$80,000 ",4,Graduate Degree,Skilled Manual,Y
20775,MR.,BRUCE,ALONSO,6/24/1959,M,M,bruce30@adventure-works.com,"$40,000 ",2,Partial College,Clerical,Y
20776,MRS.,HALEY,LONG,10/11/1959,M,F,haley28@adventure-works.com,"$40,000 ",2,Partial College,Clerical,Y
20777,MRS.,CARLY,SHARMA,10/8/1959,M,F,carly9@adventure-works.com,"$60,000 ",4,Graduate Degree,Skilled Manual,Y
20778,MR.,SETH,RAMIREZ,10/4/1959,M,M,seth80@adventure-works.com,"$60,000 ",4,Graduate Degree,Skilled Manual,Y
20780,MR.,MICHAEL,WHITE,1/23/1959,M,M,michael44@adventure-works.com,"$60,000 ",4,Graduate Degree,Skilled Manual,Y
20781,MRS.,KAYLA,LEE,10/11/1959,M,F,kayla21@adventure-works.com,"$60,000 ",4,Graduate Degree,Skilled Manual,Y
20782,MR.,ALAN,YE,5/7/1959,M,M,alan13@adventure-works.com,"$60,000 ",4,Graduate Degree,Skilled Manual,Y
20783,MRS.,AMANDA,COLLINS,3/17/1959,M,F,amanda46@adventure-works.com,"$60,000 ",4,Graduate Degree,Skilled Manual,Y
20784,MR.,EDUARDO,WALKER,2/21/1959,M,M,eduardo22@adventure-works.com,"$60,000 ",4,Graduate Degree,Skilled Manual,Y
20786,MR.,MARCUS,PEREZ,11/20/1972,M,M,marcus40@adventure-works.com,"$50,000 ",0,Graduate Degree,Skilled Manual,Y
20787,MS.,BRIDGET,PAL,8/3/1973,M,F,bridget14@adventure-works.com,"$40,000 ",0,Graduate Degree,Skilled Manual,Y
20788,MRS.,SARA,GONZALEZ,7/16/1973,S,F,sara34@adventure-works.com,"$40,000 ",1,Graduate Degree,Skilled Manual,Y
20789,MR.,MIGUEL,WILLIAMS,7/15/1973,M,M,miguel1@adventure-works.com,"$40,000 ",1,Graduate Degree,Skilled Manual,N
20790,MRS.,KAYLA,HARRISON,6/6/1973,M,F,kayla14@adventure-works.com,"$40,000 ",1,Graduate Degree,Skilled Manual,Y
20791,MR.,RYAN,PATTERSON,2/5/1973,M,M,ryan13@adventure-works.com,"$40,000 ",1,Graduate Degree,Skilled Manual,Y
20792,MRS.,HAILEY,RIVERA,7/4/1971,M,F,hailey8@adventure-works.com,"$60,000 ",1,Graduate Degree,Skilled Manual,Y
20793,MR.,GARY,MARTIN,10/4/1970,S,M,gary10@adventure-works.com,"$10,000 ",0,Graduate Degree,Manual,Y
20794,MRS.,BRENDA,RANA,2/8/1962,M,F,brenda15@adventure-works.com,"$10,000 ",1,Graduate Degree,Manual,Y
20795,MR.,EMMANUEL,SUBRAM,5/18/1962,S,M,emmanuel12@adventure-works.com,"$10,000 ",1,Graduate Degree,Manual,Y
20796,MRS.,CLAUDIA,GUO,8/16/1961,S,F,claudia15@adventure-works.com,"$10,000 ",1,Bachelors,Manual,Y
20797,MRS.,DAWN,HU,8/22/1958,M,F,dawn22@adventure-works.com,"$10,000 ",1,Bachelors,Manual,Y
20798,MR.,MATHEW,MUNOZ,9/4/1958,M,M,mathew3@adventure-works.com,"$10,000 ",1,Bachelors,Manual,Y
20799,MR.,PETER,RAJE,8/24/1958,M,M,peter19@adventure-works.com,"$20,000 ",1,Graduate Degree,Clerical,Y
20800,MR.,CONNOR,JENKINS,11/16/1957,M,M,connor3@adventure-works.com,"$10,000 ",1,Bachelors,Manual,Y
20801,MR.,RONALD,CHANDRA,11/24/1957,S,M,ronald4@adventure-works.com,"$10,000 ",1,Partial College,Manual,Y
20802,MR.,JON,LI,2/24/1957,S,M,jon22@adventure-works.com,"$10,000 ",2,Partial College,Manual,Y
20803,MRS.,NICOLE,RODRIGUEZ,2/16/1956,S,F,nicole20@adventure-works.com,"$10,000 ",2,Partial College,Manual,Y
20804,MRS.,KATELYN,TORRES,11/11/1955,M,F,katelyn12@adventure-works.com,"$10,000 ",2,Partial College,Manual,Y
20805,MR.,BRANDON,WILLIAMS,9/12/1955,M,M,brandon40@adventure-works.com,"$10,000 ",2,Partial College,Manual,Y
20806,MR.,JAMES,LOPEZ,2/26/1955,M,M,james69@adventure-works.com,"$10,000 ",2,Partial College,Manual,Y
20807,MR.,JORDAN,FOSTER,7/3/1955,M,M,jordan13@adventure-works.com,"$10,000 ",2,Partial College,Manual,Y
20808,MRS.,JULIE,JAI,5/18/1955,M,F,julie16@adventure-works.com,"$10,000 ",2,Partial College,Manual,Y
20809,MR.,BENJAMIN,ANDERSON,5/13/1954,M,M,benjamin44@adventure-works.com,"$10,000 ",2,Partial College,Manual,Y
20810,MRS.,BRITTNEY,HE,12/23/1941,M,F,brittney17@adventure-works.com,"$10,000 ",2,Partial College,Manual,Y
20811,MR.,CALVIN,SHAN,7/18/1942,S,M,calvin10@adventure-works.com,"$40,000 ",1,Graduate Degree,Clerical,Y
20812,MR.,PRESTON,PRASAD,2/17/1980,S,M,preston8@adventure-works.com,"$10,000 ",0,Partial College,Manual,N
20813,MR.,MICHAEL,ROTHKUGEL,4/12/1979,M,M,michael22@adventure-works.com,"$10,000 ",0,Partial College,Manual,Y
20814,MS.,MARGARET,LU,4/1/1979,S,F,margaret17@adventure-works.com,"$10,000 ",0,Partial College,Manual,Y
20815,MS.,TRACY,ANDERSEN,2/5/1979,S,F,tracy12@adventure-works.com,"$10,000 ",0,Partial College,Manual,Y
20816,MR.,CONNOR,ROSS,7/12/1980,M,M,connor0@adventure-works.com,"$20,000 ",0,Bachelors,Clerical,Y
20817,MR.,GEOFFREY,RODRIGUEZ,4/7/1978,S,M,geoffrey17@adventure-works.com,"$10,000 ",0,Partial College,Manual,N
20818,MS.,RACHEL,POWELL,7/13/1977,S,F,rachel56@adventure-works.com,"$10,000 ",0,High School,Manual,N
20819,MR.,RAYMOND,MADAN,2/21/1979,S,M,raymond9@adventure-works.com,"$20,000 ",0,Bachelors,Clerical,Y
20820,MS.,KATHLEEN,RUBIO,6/14/1979,M,F,kathleen20@adventure-works.com,"$20,000 ",0,Bachelors,Clerical,Y
20821,MR.,HANY,MORCOS,8/25/1978,M,M,hany0@adventure-works.com,"$20,000 ",0,Bachelors,Clerical,Y
20822,MR.,SHANNON,RUIZ,8/3/1977,S,M,shannon24@adventure-works.com,"$20,000 ",0,Partial College,Manual,N
20823,MR.,TROY,MARTINEZ,4/28/1977,M,M,troy19@adventure-works.com,"$20,000 ",0,Partial College,Manual,Y
20824,MR.,DEREK,XU,5/10/1943,S,M,derek5@adventure-works.com,"$30,000 ",1,Bachelors,Clerical,Y
20825,MRS.,PAMELA,KAPOOR,12/4/1943,M,F,pamela4@adventure-works.com,"$40,000 ",1,Graduate Degree,Clerical,Y
20826,MRS.,JILLIAN,RAMAN,5/12/1961,S,F,jillian13@adventure-works.com,"$20,000 ",1,Partial College,Manual,N
20827,MRS.,JILLIAN,PEREZ,9/6/1961,S,F,jillian21@adventure-works.com,"$20,000 ",1,Partial College,Manual,N
20828,MRS.,JACLYN,SHAN,2/17/1961,M,F,jaclyn34@adventure-works.com,"$30,000 ",4,Graduate Degree,Clerical,Y
20829,MR.,ANDY,DIAZ,11/15/1961,M,M,andy7@adventure-works.com,"$30,000 ",4,Graduate Degree,Clerical,Y
20830,MRS.,WHITNEY,MARTINEZ,1/19/1961,M,F,whitney16@adventure-works.com,"$30,000 ",4,Graduate Degree,Clerical,Y
20831,MR.,DREW,XU,6/6/1961,M,M,drew5@adventure-works.com,"$30,000 ",4,Graduate Degree,Clerical,Y
20832,MR.,KELVIN,TANG,5/9/1961,S,M,kelvin1@adventure-works.com,"$30,000 ",3,Graduate Degree,Clerical,Y
20833,MR.,DOUGLAS,SAI,5/11/1960,S,M,douglas9@adventure-works.com,"$20,000 ",1,Partial College,Manual,N
20834,MRS.,BRENDA,KAPOOR,7/27/1960,S,F,brenda5@adventure-works.com,"$30,000 ",3,Graduate Degree,Clerical,Y
20835,MR.,RUBEN,GUTIERREZ,6/14/1959,M,M,ruben34@adventure-works.com,"$20,000 ",2,Partial College,Manual,Y
20836,MR.,STANLEY,CHANDRA,9/23/1959,M,M,stanley2@adventure-works.com,"$20,000 ",2,Partial College,Manual,Y
20837,MR.,JIMMY,RUBIO,9/1/1959,M,M,jimmy25@adventure-works.com,"$20,000 ",2,Partial College,Manual,Y
20838,MRS.,CHLOE,JONES,4/17/1959,S,F,chloe37@adventure-works.com,"$30,000 ",3,Graduate Degree,Clerical,Y
20839,MRS.,COURTNEY,LOPEZ,4/14/1959,S,F,courtney17@adventure-works.com,"$30,000 ",3,Graduate Degree,Clerical,Y
20840,MRS.,ALISON,XIE,2/6/1958,S,F,alison2@adventure-works.com,"$20,000 ",2,Partial College,Manual,Y
20841,MR.,JÉSUS,ALONSO,11/5/1958,S,M,jésus7@adventure-works.com,"$30,000 ",1,Graduate Degree,Clerical,Y
20842,MR.,TYRONE,MORENO,10/4/1960,S,M,tyrone6@adventure-works.com,"$30,000 ",3,Bachelors,Clerical,Y
20843,MR.,JOSE,SHAN,3/5/1960,M,M,jose25@adventure-works.com,"$30,000 ",3,Bachelors,Clerical,Y
20844,MR.,NICOLAS,PAL,3/24/1959,M,M,nicolas10@adventure-works.com,"$30,000 ",3,Bachelors,Clerical,Y
20845,MR.,BARRY,MALHOTRA,5/21/1959,M,M,barry5@adventure-works.com,"$30,000 ",3,Bachelors,Clerical,Y
20846,MR.,LEE,ALONSO,3/27/1959,M,M,lee6@adventure-works.com,"$30,000 ",0,Bachelors,Clerical,Y
20847,MR.,KYLE,YOUNG,2/5/1959,M,M,kyle44@adventure-works.com,"$30,000 ",0,Bachelors,Clerical,Y
20848,MR.,VINCENT,LIU,6/17/1958,M,M,vincent4@adventure-works.com,"$30,000 ",1,Bachelors,Clerical,Y
20849,MS.,FAITH,WASHINGTON,1/24/1970,S,F,faith12@adventure-works.com,"$20,000 ",0,Partial College,Manual,Y
20851,MR.,FRANK,SANZ,5/7/1970,S,M,frank28@adventure-works.com,"$20,000 ",0,Partial College,Manual,N
20852,MS.,YOLANDA,RAJE,7/6/1970,M,F,yolanda13@adventure-works.com,"$30,000 ",0,Bachelors,Clerical,Y
20853,MR.,JARROD,RANA,10/8/1970,M,M,jarrod11@adventure-works.com,"$30,000 ",0,Bachelors,Clerical,N
20854,MRS.,KARA,RAJI,2/2/1969,S,F,kara19@adventure-works.com,"$10,000 ",2,High School,Manual,Y
20855,MS.,ABIGAIL,ROSS,3/6/1970,M,F,abigail29@adventure-works.com,"$30,000 ",0,Bachelors,Clerical,Y
20856,MS.,TIFFANY,HU,7/10/1969,S,F,tiffany21@adventure-works.com,"$20,000 ",0,Partial College,Manual,N
20857,MR.,JERRY,BECKER,10/19/1969,S,M,jerry21@adventure-works.com,"$20,000 ",0,Partial College,Manual,N
20858,MR.,DAMIEN,STONE,5/1/1969,M,M,damien17@adventure-works.com,"$30,000 ",0,Bachelors,Clerical,Y
20859,MR.,ROY,ROMERO,9/7/1969,S,M,roy29@adventure-works.com,"$30,000 ",0,Bachelors,Clerical,N
20860,MR.,PRESTON,LOPEZ,3/22/1969,S,M,preston15@adventure-works.com,"$40,000 ",0,Graduate Degree,Clerical,Y
20861,MR.,NICOLAS,NARA,7/18/1969,M,M,nicolas15@adventure-works.com,"$40,000 ",0,Graduate Degree,Clerical,Y
20862,MR.,MARSHALL,SUTTON,10/12/1969,M,M,marshall25@adventure-works.com,"$40,000 ",0,Graduate Degree,Clerical,Y
20863,MS.,ERICA,XU,8/14/1969,M,F,erica12@adventure-works.com,"$40,000 ",0,Graduate Degree,Clerical,Y
20864,MS.,GRACE,HOWARD,3/27/1969,M,F,grace37@adventure-works.com,"$50,000 ",0,Graduate Degree,Skilled Manual,Y
20865,MR.,LUIS,ROSS,9/20/1922,M,M,luis2@adventure-works.com,"$20,000 ",2,Partial College,Manual,Y
20866,MR.,DAVID,JONES,6/3/1922,M,M,david76@adventure-works.com,"$130,000 ",0,Bachelors,Professional,Y
20867,MR.,NOAH,JOHNSON,4/22/1952,M,M,noah57@adventure-works.com,"$10,000 ",3,Partial College,Manual,N
20868,MRS.,MISTY,SHAN,9/10/1951,M,F,misty12@adventure-works.com,"$10,000 ",4,High School,Manual,N
20869,MR.,DAVID,MARTINEZ,12/26/1968,S,M,david80@adventure-works.com,"$10,000 ",2,High School,Manual,Y
20870,MRS.,JAIME,MORENO,2/8/1968,S,F,jaime7@adventure-works.com,"$10,000 ",2,High School,Manual,Y
20871,MRS.,ADRIANA,ARTHUR,9/16/1968,S,F,adriana7@adventure-works.com,"$10,000 ",3,High School,Manual,Y
20872,MR.,THEODORE,MORENO,2/21/1968,S,M,theodore7@adventure-works.com,"$10,000 ",3,High School,Manual,Y
20873,MR.,JOEL,SUBRAM,11/22/1968,M,M,joel12@adventure-works.com,"$20,000 ",1,Partial College,Manual,Y
20874,MR.,EDWIN,LAL,11/20/1968,S,M,edwin31@adventure-works.com,"$20,000 ",1,Partial College,Manual,N
20875,MRS.,JULIA,WASHINGTON,12/6/1968,M,F,julia79@adventure-works.com,"$20,000 ",1,Partial College,Manual,Y
20876,MR.,JACKSON,ALEXANDER,4/27/1968,S,M,jackson21@adventure-works.com,"$30,000 ",1,Bachelors,Clerical,Y
20877,MR.,RICHARD,ROSS,10/13/1968,S,M,richard60@adventure-works.com,"$30,000 ",1,Bachelors,Clerical,Y
20878,MRS.,ERIKA,ORTEGA,1/25/1968,M,F,erika19@adventure-works.com,"$30,000 ",1,Bachelors,Clerical,Y
20879,MS.,PAMELA,SANCHEZ,9/6/1968,M,F,pamela23@adventure-works.com,"$40,000 ",0,Graduate Degree,Clerical,Y
20880,MRS.,ISABELLA,WASHINGTON,4/21/1967,S,F,isabella23@adventure-works.com,"$10,000 ",3,High School,Manual,Y
20881,MRS.,WENDY,NAVARRO,6/7/1967,S,F,wendy9@adventure-works.com,"$20,000 ",1,Partial College,Manual,N
20882,MRS.,SABRINA,SUAREZ,9/11/1967,M,F,sabrina13@adventure-works.com,"$20,000 ",1,Partial College,Manual,Y
20883,MRS.,LATOYA,RAI,11/16/1967,M,F,latoya16@adventure-works.com,"$30,000 ",1,Bachelors,Clerical,Y
20884,MR.,DARREN,SCHMIDT,1/9/1967,S,M,darren43@adventure-works.com,"$30,000 ",1,Bachelors,Clerical,N
20885,MR.,TERRY,XIE,9/15/1967,S,M,terry6@adventure-works.com,"$30,000 ",1,Bachelors,Clerical,N
20886,MR.,BRUCE,RAMAN,3/11/1967,M,M,bruce11@adventure-works.com,"$30,000 ",1,Bachelors,Clerical,Y
20887,MR.,DAMIEN,LI,7/4/1966,S,M,damien2@adventure-works.com,"$10,000 ",4,Partial High School,Manual,Y
20888,MR.,CLAYTON,RAJE,1/21/1966,S,M,clayton32@adventure-works.com,"$10,000 ",4,Partial High School,Manual,Y
20889,MR.,MANUEL,PATEL,6/24/1966,S,M,manuel2@adventure-works.com,"$20,000 ",1,High School,Manual,N
20890,MR.,CLAYTON,ANAND,10/16/1966,S,M,clayton40@adventure-works.com,"$20,000 ",1,High School,Manual,N
20891,MR.,DARRELL,ANAND,11/14/1967,M,M,darrell10@adventure-works.com,"$40,000 ",0,Bachelors,Clerical,N
20892,MR.,HENRY,SARA,7/12/1967,M,M,henry11@adventure-works.com,"$40,000 ",0,Bachelors,Clerical,N
20893,MR.,ROBERT,HALL,8/6/1927,M,M,robert89@adventure-works.com,"$30,000 ",1,Bachelors,Clerical,Y
20894,MRS.,ALYSSA,THOMAS,9/21/1966,S,F,alyssa10@adventure-works.com,"$20,000 ",2,High School,Manual,Y
20895,MR.,RUBEN,JIMENEZ,12/11/1966,S,M,ruben29@adventure-works.com,"$30,000 ",1,Bachelors,Clerical,N
20896,MR.,ARTHUR,SAI,5/14/1966,M,M,arthur8@adventure-works.com,"$30,000 ",1,Bachelors,Skilled Manual,Y
20897,MRS.,MAYRA,SAI,2/24/1966,M,F,mayra5@adventure-works.com,"$30,000 ",1,Bachelors,Skilled Manual,Y
20898,MR.,GRANT,FERRIER,7/27/1966,M,M,grant24@adventure-works.com,"$30,000 ",1,Bachelors,Skilled Manual,Y
20899,MRS.,ANGELA,COOK,11/6/1965,S,F,angela47@adventure-works.com,"$10,000 ",5,Partial High School,Manual,Y
20900,MRS.,NATALIE,RUSSELL,4/3/1965,S,F,natalie42@adventure-works.com,"$10,000 ",4,Partial High School,Manual,Y
20901,MR.,CHAD,XU,10/2/1965,S,M,chad6@adventure-works.com,"$20,000 ",2,High School,Manual,Y
20902,MR.,SHANE,SUBRAM,12/6/1965,M,M,shane16@adventure-works.com,"$30,000 ",1,Bachelors,Skilled Manual,Y
20903,MRS.,ROBYN,DIAZ,10/26/1965,M,F,robyn2@adventure-works.com,"$30,000 ",1,Bachelors,Skilled Manual,Y
20904,MRS.,EBONY,GOMEZ,9/18/1965,M,F,ebony23@adventure-works.com,"$30,000 ",1,Bachelors,Skilled Manual,Y
20905,MRS.,JESSIE,MUNOZ,6/5/1964,S,F,jessie5@adventure-works.com,"$10,000 ",5,Partial High School,Manual,Y
20906,MRS.,BRIANA,RUIZ,5/9/1964,S,F,briana2@adventure-works.com,"$10,000 ",5,Partial High School,Manual,Y
20907,MR.,TERRENCE,SHAN,11/21/1964,S,M,terrence10@adventure-works.com,"$10,000 ",3,Partial High School,Manual,Y
20908,MR.,WYATT,FOSTER,4/23/1964,S,M,wyatt66@adventure-works.com,"$10,000 ",3,Partial High School,Manual,Y
20909,MRS.,KELLY,WEADOCK,4/22/1963,S,F,kelly3@adventure-works.com,"$10,000 ",3,Partial High School,Manual,Y
20910,MS.,CAROLYN,MALHOTRA,2/21/1966,M,F,carolyn5@adventure-works.com,"$40,000 ",0,Bachelors,Professional,Y
20911,MS.,KATRINA,RAJE,8/2/1966,M,F,katrina12@adventure-works.com,"$40,000 ",0,Bachelors,Professional,N
20912,MS.,CHRISTY,HU,11/2/1966,M,F,christy18@adventure-works.com,"$40,000 ",0,Bachelors,Professional,N
20913,MR.,WESLEY,LIU,5/1/1963,S,M,wesley4@adventure-works.com,"$30,000 ",2,Partial College,Clerical,Y
20914,MR.,GILBERT,ZENG,4/25/1962,M,M,gilbert20@adventure-works.com,"$30,000 ",1,Partial College,Clerical,Y
20915,MRS.,LATASHA,CARLSON,4/18/1965,S,F,latasha18@adventure-works.com,"$30,000 ",2,Partial College,Clerical,Y
20916,MRS.,KATHLEEN,CARLSON,5/12/1965,S,F,kathleen19@adventure-works.com,"$30,000 ",2,Partial College,Clerical,Y
20917,MRS.,TONYA,TANG,2/23/1965,M,F,tonya4@adventure-works.com,"$40,000 ",1,Bachelors,Skilled Manual,Y
20918,MR.,NEIL,RAMOS,11/3/1964,M,M,neil16@adventure-works.com,"$30,000 ",2,Partial College,Clerical,N
20919,MRS.,GRETCHEN,RIVAS,3/23/1964,S,F,gretchen0@adventure-works.com,"$30,000 ",2,Partial College,Clerical,Y
20920,MRS.,JACLYN,RAI,6/24/1964,S,F,jaclyn41@adventure-works.com,"$30,000 ",2,Partial College,Clerical,Y
20921,MRS.,MELINDA,CARLSON,12/25/1964,M,F,melinda13@adventure-works.com,"$40,000 ",1,Bachelors,Skilled Manual,Y
20922,MR.,CLAYTON,WAGNER,7/20/1964,M,M,clayton1@adventure-works.com,"$40,000 ",1,Bachelors,Skilled Manual,Y
20923,MRS.,ISABELLA,POWELL,11/9/1963,M,F,isabella19@adventure-works.com,"$40,000 ",1,Bachelors,Skilled Manual,Y
20924,MR.,ALBERTO,SANZ,12/6/1977,S,M,alberto19@adventure-works.com,"$20,000 ",0,High School,Manual,Y
20925,MRS.,KRISTIN,XU,4/5/1979,S,F,kristin7@adventure-works.com,"$20,000 ",4,High School,Manual,Y
20926,MR.,JEFFERY,GUO,7/18/1979,S,M,jeffery17@adventure-works.com,"$20,000 ",4,High School,Manual,Y
20927,MRS.,TAMMY,MARTINEZ,6/16/1979,S,F,tammy18@adventure-works.com,"$20,000 ",5,High School,Manual,Y
20928,MR.,RAYMOND,KAPOOR,10/17/1979,S,M,raymond3@adventure-works.com,"$30,000 ",3,Partial College,Clerical,Y
20929,MR.,DARRYL,ZENG,6/12/1979,S,M,darryl21@adventure-works.com,"$30,000 ",3,Partial College,Clerical,Y
20930,MR.,DREW,CHANDE,6/14/1963,M,M,drew16@adventure-works.com,"$40,000 ",1,Bachelors,Skilled Manual,Y
20931,MR.,BRIAN,SANCHEZ,10/15/1963,M,M,brian29@adventure-works.com,"$40,000 ",1,Bachelors,Skilled Manual,Y
20932,MR.,COLE,KELLY,5/26/1962,S,M,cole3@adventure-works.com,"$30,000 ",1,Partial College,Clerical,Y
20933,MRS.,LAURA,LI,8/26/1978,S,F,laura10@adventure-works.com,"$30,000 ",4,Partial College,Clerical,Y
20934,MRS.,HALEY,YOUNG,8/4/1977,S,F,haley59@adventure-works.com,"$30,000 ",5,Partial College,Clerical,Y
20935,MRS.,DESIREE,JIMENEZ,10/14/1977,S,F,desiree1@adventure-works.com,"$30,000 ",5,Partial College,Clerical,Y
20936,MS.,CHRISTY,CAI,6/22/1977,S,F,christy19@adventure-works.com,"$30,000 ",0,Partial College,Clerical,N
20937,MS.,NATALIE,WILLIAMS,7/5/1977,S,F,natalie70@adventure-works.com,"$30,000 ",0,Partial College,Clerical,Y
20938,MS.,CAROLYN,ROWE,8/23/1977,S,F,carolyn42@adventure-works.com,"$30,000 ",0,Partial College,Clerical,N
20939,MR.,JOSHUA,JOHNSON,9/4/1976,S,M,joshua3@adventure-works.com,"$20,000 ",0,High School,Manual,N
20940,MS.,JILLIAN,RODRIGUEZ,8/28/1976,S,F,jillian20@adventure-works.com,"$20,000 ",0,High School,Manual,N
20941,MR.,ARTURO,GUO,7/9/1975,M,M,arturo19@adventure-works.com,"$10,000 ",0,Partial High School,Manual,Y
20942,MS.,TASHA,SHARMA,3/26/1975,S,F,tasha10@adventure-works.com,"$20,000 ",0,High School,Manual,N
20943,MR.,BRETT,RANA,4/1/1975,S,M,brett10@adventure-works.com,"$20,000 ",0,High School,Manual,Y
20944,MS.,REBECCA,HERNANDEZ,5/25/1976,S,F,rebecca19@adventure-works.com,"$20,000 ",0,High School,Manual,N
20945,MR.,ROGER,TANG,5/26/1976,S,M,roger31@adventure-works.com,"$30,000 ",0,Partial College,Clerical,N
20946,MS.,ABBY,CHANDRA,3/27/1976,S,F,abby1@adventure-works.com,"$30,000 ",0,Partial College,Clerical,N
20947,MS.,MARIE,ALVAREZ,6/8/1976,S,F,marie28@adventure-works.com,"$30,000 ",0,Partial College,Clerical,Y
20948,MR.,XAVIER,WHITE,7/9/1975,S,M,xavier10@adventure-works.com,"$30,000 ",0,Partial College,Clerical,N
20949,MS.,SANDRA,LIANG,9/10/1974,S,F,sandra24@adventure-works.com,"$10,000 ",0,Partial High School,Manual,Y
20950,MR.,ALBERT,SUAREZ,11/13/1974,S,M,albert19@adventure-works.com,"$20,000 ",0,Partial High School,Manual,Y
20951,MR.,DARRELL,JAI,9/22/1974,S,M,darrell19@adventure-works.com,"$20,000 ",0,Partial High School,Manual,N
20953,MR.,NEIL,RUBIO,6/5/1974,S,M,neil20@adventure-works.com,"$20,000 ",0,Partial High School,Manual,Y
20954,MR.,NATHAN,FOSTER,10/11/1974,S,M,nathan12@adventure-works.com,"$20,000 ",0,Partial High School,Manual,N
20955,MS.,DAWN,PAL,3/12/1975,S,F,dawn36@adventure-works.com,"$30,000 ",0,Partial College,Clerical,N
20956,MS.,KRISTY,ALONSO,8/28/1975,S,F,kristy8@adventure-works.com,"$30,000 ",0,Partial College,Clerical,N
20957,MR.,DARREN,KAPOOR,1/16/1975,S,M,darren3@adventure-works.com,"$30,000 ",0,Partial College,Clerical,N
20958,MR.,GERALD,ALONSO,9/26/1975,S,M,gerald16@adventure-works.com,"$30,000 ",0,Partial College,Clerical,N
20959,MR.,RUBEN,ARUN,10/15/1962,M,M,ruben7@adventure-works.com,"$20,000 ",1,Graduate Degree,Clerical,Y
20960,MR.,DARRELL,BECK,3/5/1962,S,M,darrell8@adventure-works.com,"$20,000 ",1,Graduate Degree,Clerical,Y
20961,MR.,KEITH,GOLDBERG,3/9/1961,M,M,keith23@adventure-works.com,"$10,000 ",1,Bachelors,Manual,Y
20962,MRS.,SHARON,XIE,5/20/1961,M,F,sharon9@adventure-works.com,"$20,000 ",1,Graduate Degree,Clerical,Y
20963,,TERESA,DOMINGUEZ,9/13/1961,M,NA,teresa13@adventure-works.com,"$20,000 ",1,Graduate Degree,Clerical,Y
20964,,EMILY,BUTLER,12/17/1935,S,NA,emily39@adventure-works.com,"$10,000 ",1,Graduate Degree,Clerical,Y
20965,MRS.,CYNTHIA,SUBRAM,5/8/1935,M,F,cynthia18@adventure-works.com,"$30,000 ",1,Graduate Degree,Clerical,Y
20967,MR.,CASEY,ROWE,4/24/1957,M,M,casey25@adventure-works.com,"$10,000 ",1,Partial College,Manual,Y
20968,MR.,ARTURO,YUAN,7/6/1957,M,M,arturo31@adventure-works.com,"$10,000 ",1,Partial College,Manual,Y
20969,MRS.,ASHLEY,FOSTER,12/23/1956,M,F,ashley43@adventure-works.com,"$10,000 ",2,Partial College,Manual,Y
20970,MR.,ISAIAH,RICHARDSON,5/14/1954,S,M,isaiah8@adventure-works.com,"$10,000 ",2,Partial College,Manual,Y
20971,MR.,PRESTON,SURI,3/10/1937,S,M,preston0@adventure-works.com,"$10,000 ",2,Bachelors,Clerical,Y
20972,MR.,FRANCISCO,VANCE,6/14/1937,M,M,francisco5@adventure-works.com,"$20,000 ",1,Bachelors,Clerical,Y
20973,MRS.,APRIL,ANDERSEN,4/24/1938,M,F,april11@adventure-works.com,"$30,000 ",1,Graduate Degree,Clerical,Y
20974,MR.,GEORGE,SUBRAM,10/21/1939,M,M,george19@adventure-works.com,"$10,000 ",2,Bachelors,Clerical,Y
20975,MR.,JERRY,ANDERSEN,3/9/1940,M,M,jerry14@adventure-works.com,"$20,000 ",1,Bachelors,Clerical,Y
20976,MRS.,JACLYN,KUMAR,9/4/1941,M,F,jaclyn31@adventure-works.com,"$10,000 ",2,Partial College,Manual,Y
20977,MR.,MARIO,ANDERSEN,9/26/1941,M,M,mario11@adventure-works.com,"$20,000 ",1,Bachelors,Clerical,Y
20978,MR.,BRUCE,SRINI,12/25/1941,M,M,bruce7@adventure-works.com,"$20,000 ",1,Partial College,Manual,Y
20979,MRS.,DIANE,JIMENEZ,10/26/1941,M,F,diane10@adventure-works.com,"$20,000 ",1,Partial College,Manual,Y
20980,MR.,MATTHEW,MILLER,8/10/1941,S,M,matthew12@adventure-works.com,"$30,000 ",1,Bachelors,Clerical,Y
20981,MR.,CRAIG,ROMERO,6/26/1942,M,M,craig10@adventure-works.com,"$10,000 ",3,Partial College,Manual,Y
20982,MR.,ARTHUR,JIMÉNEZ,2/9/1942,S,M,arthur29@adventure-works.com,"$40,000 ",1,Graduate Degree,Clerical,Y
20983,MS.,MEREDITH,VANCE,12/23/1980,S,F,meredith2@adventure-works.com,"$10,000 ",0,Partial College,Manual,N
20984,MS.,SABRINA,RUBIO,5/12/1980,M,F,sabrina15@adventure-works.com,"$10,000 ",0,Partial College,Manual,N
20985,MS.,AUTUMN,LIU,1/17/1980,M,F,autumn4@adventure-works.com,"$20,000 ",0,Bachelors,Clerical,Y
20986,MS.,BRANDI,BLANCO,4/27/1977,M,F,brandi15@adventure-works.com,"$10,000 ",0,High School,Manual,Y
20987,MR.,MARSHALL,ZENG,12/13/1977,S,M,marshall20@adventure-works.com,"$10,000 ",0,High School,Manual,N
20988,MS.,ANNA,MARTIN,3/24/1977,M,F,anna52@adventure-works.com,"$10,000 ",0,High School,Manual,N
20989,MRS.,CASSANDRA,SARA,2/26/1976,M,F,cassandra11@adventure-works.com,"$10,000 ",1,High School,Manual,Y
20990,MRS.,MAYRA,RAMAN,10/10/1976,M,F,mayra12@adventure-works.com,"$10,000 ",1,High School,Manual,Y
20991,MR.,FREDERICK,SAI,12/6/1976,M,M,frederick5@adventure-works.com,"$10,000 ",1,High School,Manual,Y
20992,MR.,JULIO,SERRANO,7/16/1979,M,M,julio17@adventure-works.com,"$20,000 ",0,Bachelors,Clerical,Y
20993,MR.,MITCHELL,XIE,4/14/1979,S,M,mitchell3@adventure-works.com,"$20,000 ",0,Bachelors,Clerical,N
20994,MS.,AUTUMN,MA,10/23/1979,M,F,autumn15@adventure-works.com,"$20,000 ",0,Bachelors,Clerical,N
20995,MR.,DANNY,SUAREZ,2/17/1979,S,M,danny20@adventure-works.com,"$20,000 ",0,Bachelors,Clerical,Y
20996,MR.,KEITH,SHAN,3/23/1979,S,M,keith13@adventure-works.com,"$20,000 ",0,Bachelors,Clerical,Y
20997,MS.,JOANNA,ASHE,7/10/1979,M,F,joanna3@adventure-works.com,"$20,000 ",0,Bachelors,Clerical,Y
20998,MR.,EUGENE,SHE,1/3/1978,M,M,eugene26@adventure-works.com,"$20,000 ",0,Bachelors,Clerical,N
20999,MS.,CAROLYN,GARCIA,4/27/1978,M,F,carolyn14@adventure-works.com,"$20,000 ",0,Bachelors,Clerical,Y
21000,MR.,GEOFFREY,PEREZ,3/26/1978,M,M,geoffrey19@adventure-works.com,"$20,000 ",0,Bachelors,Clerical,Y
21001,MR.,CLINTON,GUTIERREZ,4/6/1978,S,M,clinton8@adventure-works.com,"$20,000 ",0,Bachelors,Clerical,N
21002,MS.,CAROLYN,RODRIGUEZ,10/27/1977,S,F,carolyn19@adventure-works.com,"$20,000 ",0,Partial College,Manual,N
21003,MR.,JIMMY,HERNANDEZ,11/13/1961,M,M,jimmy6@adventure-works.com,"$20,000 ",1,Partial College,Manual,Y
21004,MRS.,KAITLYN,CAMPBELL,11/6/1961,M,F,kaitlyn5@adventure-works.com,"$30,000 ",4,Graduate Degree,Clerical,Y
21005,MRS.,BARBARA,ZHU,2/27/1960,M,F,barbara23@adventure-works.com,"$10,000 ",1,High School,Manual,Y
21006,MRS.,SYDNEY,YOUNG,7/21/1960,S,F,sydney89@adventure-works.com,"$20,000 ",1,Partial College,Manual,N
21007,MR.,NUAN,MA,4/21/1960,M,M,nuan2@adventure-works.com,"$20,000 ",1,Partial College,Manual,Y
21008,MRS.,MELODY,CARLSON,7/21/1960,S,F,melody18@adventure-works.com,"$20,000 ",1,Partial College,Manual,N
21009,MR.,CLINTON,SANDBERG,10/7/1960,S,M,clinton16@adventure-works.com,"$20,000 ",1,Partial College,Manual,N
21010,MR.,RUBEN,NAVARRO,12/10/1960,M,M,ruben33@adventure-works.com,"$20,000 ",1,Partial College,Manual,Y
21011,MRS.,AIMEE,WANG,11/25/1960,S,F,aimee1@adventure-works.com,"$20,000 ",1,Partial College,Manual,N
21012,MRS.,MARIE,VANCE,7/22/1959,M,F,marie8@adventure-works.com,"$20,000 ",2,Partial College,Manual,Y
21013,MR.,CONNOR,NELSON,5/2/1958,M,M,connor38@adventure-works.com,"$20,000 ",2,Partial College,Manual,Y
21014,MRS.,DIANA,CARLSON,4/23/1958,M,F,diana17@adventure-works.com,"$20,000 ",2,Partial College,Manual,Y
21015,MRS.,DIANE,HERNANDEZ,3/4/1958,M,F,diane8@adventure-works.com,"$30,000 ",1,Graduate Degree,Clerical,Y
21016,MRS.,MICHELE,KAPOOR,8/8/1960,M,F,michele56@adventure-works.com,"$30,000 ",3,Graduate Degree,Clerical,Y
21017,MRS.,LESLIE,ROMERO,4/8/1960,M,F,leslie10@adventure-works.com,"$30,000 ",3,Graduate Degree,Clerical,Y
21018,MRS.,SHEILA,SERRANO,7/23/1960,M,F,sheila15@adventure-works.com,"$30,000 ",3,Graduate Degree,Clerical,Y
21019,MRS.,MONICA,PRASAD,5/14/1960,S,F,monica10@adventure-works.com,"$40,000 ",3,Graduate Degree,Clerical,Y
21020,MR.,OMAR,YE,2/22/1959,M,M,omar9@adventure-works.com,"$30,000 ",3,Bachelors,Clerical,Y
21021,MR.,GARY,SERRANO,7/11/1959,M,M,gary27@adventure-works.com,"$30,000 ",0,Bachelors,Clerical,Y
21022,MRS.,BIANCA,HUANG,6/14/1958,M,F,bianca5@adventure-works.com,"$30,000 ",1,Bachelors,Clerical,Y
21023,MRS.,CARA,WANG,1/20/1970,M,F,cara1@adventure-works.com,"$10,000 ",1,High School,Manual,Y
21024,MRS.,LORI,JIMENEZ,1/4/1970,S,F,lori8@adventure-works.com,"$10,000 ",1,High School,Manual,N
21025,MR.,CEDRIC,WU,7/18/1970,S,M,cedric7@adventure-works.com,"$10,000 ",1,High School,Manual,N
21026,MR.,CLIFFORD,FERNANDEZ,3/21/1970,S,M,clifford14@adventure-works.com,"$20,000 ",0,Partial College,Manual,Y
21027,MR.,LUKE,NELSON,3/24/1970,S,M,luke41@adventure-works.com,"$20,000 ",0,Partial College,Manual,N
21028,MR.,JOE,SURI,10/23/1970,S,M,joe4@adventure-works.com,"$20,000 ",0,Partial College,Manual,Y
21029,MRS.,KRISTI,MARTIN,8/15/1969,S,F,kristi40@adventure-works.com,"$10,000 ",2,High School,Manual,Y
21030,MS.,LINDSAY,XU,10/23/1970,S,F,lindsay5@adventure-works.com,"$30,000 ",0,Bachelors,Clerical,N
21031,MS.,CASSIE,SHE,3/6/1970,S,F,cassie0@adventure-works.com,"$30,000 ",0,Bachelors,Clerical,N
21032,MR.,BRENDAN,SHAN,10/16/1969,S,M,brendan8@adventure-works.com,"$20,000 ",0,Partial College,Manual,Y
21033,MR.,PRESTON,SUBRAM,11/10/1969,S,M,preston12@adventure-works.com,"$30,000 ",0,Bachelors,Clerical,N
21034,MS.,JACQUELINE,KELLY,9/23/1969,S,F,jacqueline26@adventure-works.com,"$30,000 ",0,Bachelors,Clerical,N
21035,MR.,ROY,SANCHEZ,7/16/1969,M,M,roy20@adventure-works.com,"$30,000 ",1,Bachelors,Clerical,Y
21036,MR.,RUBEN,HERNANDEZ,6/22/1969,M,M,ruben27@adventure-works.com,"$30,000 ",1,Bachelors,Clerical,Y
21037,MR.,BRUCE,ARUN,10/18/1969,M,M,bruce5@adventure-works.com,"$40,000 ",0,Graduate Degree,Clerical,Y
21038,MR.,PEDRO,LOPEZ,8/26/1969,M,M,pedro16@adventure-works.com,"$40,000 ",0,Graduate Degree,Clerical,Y
21039,MS.,JILL,RAMOS,3/5/1969,S,F,jill25@adventure-works.com,"$50,000 ",0,Graduate Degree,Skilled Manual,N
21040,MR.,CHAD,LUO,3/22/1969,S,M,chad7@adventure-works.com,"$50,000 ",0,Graduate Degree,Skilled Manual,N
21041,MR.,EDDIE,SERRANO,11/4/1952,M,M,eddie16@adventure-works.com,"$20,000 ",2,Partial College,Manual,Y
21042,MR.,JON,LIANG,8/10/1952,M,M,jon37@adventure-works.com,"$20,000 ",2,Partial College,Manual,Y
21043,MR.,JOHNATHAN,MCDONALD,6/10/1951,M,M,johnathan16@adventure-works.com,"$10,000 ",4,High School,Manual,N
21044,MR.,FRANKLIN,ZHENG,7/10/1951,M,M,franklin17@adventure-works.com,"$20,000 ",2,Partial College,Manual,Y
21045,MRS.,EVELYN,PRASAD,11/4/1953,S,F,evelyn10@adventure-works.com,"$10,000 ",2,High School,Manual,Y
21046,MR.,TERRANCE,SURI,9/13/1953,M,M,terrance0@adventure-works.com,"$10,000 ",2,High School,Manual,N
21047,,SHEENA,ANDERSEN,1/27/1968,S,NA,sheena11@adventure-works.com,"$20,000 ",1,Partial College,Manual,N
21048,MRS.,KAREN,LIANG,6/17/1968,M,F,karen26@adventure-works.com,"$20,000 ",1,Partial College,Manual,Y
21049,MR.,JAMES,SHARMA,6/8/1968,S,M,james46@adventure-works.com,"$20,000 ",1,Partial College,Manual,N
21050,MR.,ALAN,CAI,2/4/1968,M,M,alan25@adventure-works.com,"$30,000 ",1,Bachelors,Clerical,Y
21051,MRS.,SABRINA,ALONSO,5/28/1968,M,F,sabrina5@adventure-works.com,"$30,000 ",1,Bachelors,Clerical,Y
21052,MRS.,SHEENA,XU,3/11/1968,S,F,sheena4@adventure-works.com,"$30,000 ",1,Bachelors,Clerical,N
21053,MR.,JAMIE,VAZQUEZ,8/11/1968,M,M,jamie36@adventure-works.com,"$30,000 ",1,Bachelors,Clerical,Y
21054,MR.,KEITH,JAI,11/20/1968,M,M,keith14@adventure-works.com,"$40,000 ",0,Graduate Degree,Clerical,Y
21055,MS.,KRISTI,CARLSON,7/6/1968,M,F,kristi14@adventure-works.com,"$40,000 ",0,Graduate Degree,Clerical,Y
21056,MR.,WALTER,MUNOZ,11/7/1968,M,M,walter20@adventure-works.com,"$40,000 ",0,Graduate Degree,Clerical,Y
21057,MRS.,ELIZABETH,BUTLER,3/9/1925,M,F,elizabeth43@adventure-works.com,"$80,000 ",5,Bachelors,Skilled Manual,Y
21058,MRS.,MEREDITH,SURI,2/19/1967,S,F,meredith0@adventure-works.com,"$10,000 ",3,High School,Manual,Y
21059,MRS.,MISTY,CHANDE,2/4/1967,M,F,misty16@adventure-works.com,"$20,000 ",1,Partial College,Manual,Y
21060,MRS.,JACLYN,TANG,8/21/1967,S,F,jaclyn27@adventure-works.com,"$30,000 ",1,Bachelors,Clerical,N
21061,MRS.,DESIREE,SUAREZ,6/18/1967,M,F,desiree15@adventure-works.com,"$30,000 ",1,Bachelors,Clerical,Y
21062,MRS.,MIRANDA,BARNES,8/10/1967,S,F,miranda3@adventure-works.com,"$30,000 ",1,Bachelors,Clerical,N
21063,MR.,LOUIS,LI,4/23/1966,M,M,louis41@adventure-works.com,"$10,000 ",5,Partial High School,Manual,N
21064,MRS.,COLLEEN,SUN,11/20/1966,S,F,colleen13@adventure-works.com,"$20,000 ",1,High School,Manual,N
21065,MR.,ROBERT,THOMPSON,9/7/1967,M,M,robert74@adventure-works.com,"$40,000 ",0,Bachelors,Clerical,Y
21066,MRS.,EBONY,ARUN,4/10/1966,M,F,ebony6@adventure-works.com,"$30,000 ",1,Bachelors,Skilled Manual,Y
21067,MR.,FRANK,JIMENEZ,3/5/1965,S,M,frank36@adventure-works.com,"$10,000 ",5,Partial High School,Manual,Y
21068,MR.,LAWRENCE,JIMENEZ,1/28/1965,S,M,lawrence3@adventure-works.com,"$10,000 ",4,Partial High School,Manual,Y
21069,MR.,COLIN,LU,12/15/1965,M,M,colin12@adventure-works.com,"$10,000 ",4,Partial High School,Manual,N
21070,MRS.,LATOYA,YUAN,1/3/1965,M,F,latoya6@adventure-works.com,"$20,000 ",2,High School,Manual,N
21071,MRS.,LINDSEY,PAL,1/11/1965,S,F,lindsey13@adventure-works.com,"$20,000 ",2,High School,Manual,Y
21072,MR.,DOMINIC,SANCHEZ,2/22/1965,S,M,dominic21@adventure-works.com,"$20,000 ",2,High School,Manual,Y
21073,MRS.,CATHERINE,KELLY,11/4/1965,S,F,catherine3@adventure-works.com,"$20,000 ",2,High School,Manual,Y
21074,MRS.,DIANE,CARLSON,3/10/1965,M,F,diane23@adventure-works.com,"$30,000 ",1,Bachelors,Skilled Manual,Y
21075,MR.,MANUEL,RANA,6/9/1965,M,M,manuel10@adventure-works.com,"$30,000 ",1,Bachelors,Skilled Manual,Y
21076,MR.,TERRENCE,NATH,12/1/1964,S,M,terrence19@adventure-works.com,"$10,000 ",3,Partial High School,Manual,Y
21077,MRS.,RACHEL,JAMES,4/7/1964,S,F,rachel44@adventure-works.com,"$10,000 ",3,Partial High School,Manual,Y
21078,MRS.,GRACE,GRAY,2/10/1964,S,F,grace41@adventure-works.com,"$10,000 ",3,Partial High School,Manual,Y
21079,MR.,LEE,CARLSON,5/12/1964,S,M,lee17@adventure-works.com,"$20,000 ",3,High School,Manual,Y
21080,MRS.,EBONY,LOPEZ,7/19/1964,M,F,ebony17@adventure-works.com,"$30,000 ",1,Bachelors,Skilled Manual,Y
21081,MR.,XAVIER,SMITH,3/10/1964,S,M,xavier0@adventure-works.com,"$30,000 ",2,Bachelors,Skilled Manual,Y
21082,MR.,JASON,EDWARDS,8/18/1964,S,M,jason31@adventure-works.com,"$30,000 ",2,Partial College,Manual,Y
21083,MRS.,TRISHA,CHEN,12/20/1963,S,F,trisha20@adventure-works.com,"$20,000 ",3,High School,Manual,Y
21084,MR.,CLARENCE,DENG,5/25/1933,M,M,clarence17@adventure-works.com,"$10,000 ",4,High School,Manual,N
21085,MRS.,LESLIE,VAZQUEZ,11/16/1933,M,F,leslie15@adventure-works.com,"$20,000 ",2,Partial College,Manual,Y
21086,MRS.,KATELYN,BELL,4/28/1933,M,F,katelyn13@adventure-works.com,"$20,000 ",2,Partial College,Manual,Y
21087,MS.,REBECCA,SCOTT,8/22/1966,S,F,rebecca15@adventure-works.com,"$40,000 ",0,Bachelors,Professional,N
21088,MR.,ALVIN,ANAND,11/28/1965,S,M,alvin43@adventure-works.com,"$30,000 ",2,Partial College,Clerical,Y
21089,MRS.,YIROYUKI,SATO,6/14/1965,S,F,yiroyuki0@adventure-works.com,"$30,000 ",2,Partial College,Clerical,Y
21090,MR.,THOMAS,GARCIA,6/26/1965,S,M,thomas78@adventure-works.com,"$30,000 ",2,Partial College,Clerical,Y
21091,MRS.,ASHLEY,JENKINS,4/19/1965,S,F,ashley33@adventure-works.com,"$30,000 ",2,Partial College,Clerical,Y
21092,MRS.,GINA,GUTIERREZ,2/6/1964,M,F,gina11@adventure-works.com,"$40,000 ",1,Bachelors,Skilled Manual,Y
21093,MRS.,JACQUELYN,CASTRO,10/2/1964,M,F,jacquelyn19@adventure-works.com,"$40,000 ",1,Bachelors,Skilled Manual,Y
21094,MRS.,ALISON,SHARMA,11/18/1963,S,F,alison9@adventure-works.com,"$30,000 ",2,Partial College,Clerical,Y
21095,MR.,LANCE,MUNOZ,12/6/1963,S,M,lance7@adventure-works.com,"$30,000 ",2,Partial College,Clerical,Y
21096,MR.,JON,LIN,9/3/1963,S,M,jon27@adventure-works.com,"$30,000 ",3,Partial College,Clerical,Y
21097,MR.,GARY,RUIZ,6/21/1977,M,M,gary12@adventure-works.com,"$20,000 ",0,High School,Manual,N
21098,MR.,STEVE,MA,2/11/1979,M,M,steve18@adventure-works.com,"$20,000 ",4,High School,Manual,N
21099,MRS.,SANDRA,LIU,4/24/1979,S,F,sandra10@adventure-works.com,"$20,000 ",4,High School,Manual,Y
21100,MRS.,SANDRA,ZHANG,6/23/1979,S,F,sandra6@adventure-works.com,"$30,000 ",3,Partial College,Clerical,Y
21101,MRS.,MEAGAN,PEREZ,3/8/1979,S,F,meagan19@adventure-works.com,"$30,000 ",3,Partial College,Clerical,Y
21102,MR.,WILLIE,ZHENG,3/2/1963,M,M,willie18@adventure-works.com,"$40,000 ",1,Bachelors,Skilled Manual,Y
21103,MR.,FRANCIS,HERNANDEZ,7/24/1963,M,M,francis1@adventure-works.com,"$40,000 ",1,Bachelors,Skilled Manual,Y
21104,MRS.,ROBIN,GUTIERREZ,7/3/1963,M,F,robin7@adventure-works.com,"$40,000 ",1,Bachelors,Skilled Manual,Y
21105,MR.,CORY,SARA,5/6/1963,M,M,cory8@adventure-works.com,"$40,000 ",1,Bachelors,Skilled Manual,Y
21106,MRS.,KATIE,SHARMA,1/9/1962,M,F,katie12@adventure-works.com,"$40,000 ",1,Bachelors,Skilled Manual,Y
21107,MRS.,KAITLIN,RODRIGUEZ,9/26/1962,M,F,kaitlin18@adventure-works.com,"$40,000 ",1,Bachelors,Skilled Manual,Y
21108,MRS.,KRISTINE,MARTIN,11/23/1962,M,F,kristine1@adventure-works.com,"$40,000 ",1,Bachelors,Skilled Manual,Y
21109,MRS.,KATIE,PAL,2/27/1978,S,F,katie15@adventure-works.com,"$30,000 ",4,Partial College,Clerical,Y
21110,MR.,BRENT,ZENG,8/7/1978,M,M,brent20@adventure-works.com,"$30,000 ",4,Partial College,Clerical,N
21111,MR.,RICARDO,DENG,12/16/1978,S,M,ricardo1@adventure-works.com,"$30,000 ",4,Partial College,Clerical,Y
21112,MR.,JOHNATHAN,PRASAD,3/17/1977,M,M,johnathan11@adventure-works.com,"$30,000 ",5,Partial College,Clerical,N
21113,MS.,LAURA,CAI,7/10/1977,S,F,laura27@adventure-works.com,"$30,000 ",0,Partial College,Clerical,Y
21114,MS.,SAVANNAH,MURPHY,11/4/1977,M,F,savannah14@adventure-works.com,"$30,000 ",0,Partial College,Clerical,N
21115,MR.,BOBBY,RAMAN,7/1/1977,S,M,bobby8@adventure-works.com,"$30,000 ",0,Partial College,Clerical,Y
21116,MR.,CARSON,RUSSELL,12/13/1976,M,M,carson19@adventure-works.com,"$20,000 ",0,High School,Manual,N
21118,MS.,LISA,HU,3/23/1975,S,F,lisa23@adventure-works.com,"$20,000 ",0,High School,Manual,N
21119,MR.,EDWARD,CAMPBELL,1/22/1976,S,M,edward18@adventure-works.com,"$20,000 ",0,High School,Manual,N
21120,MR.,ROGER,CHEN,7/11/1976,M,M,roger7@adventure-works.com,"$30,000 ",0,Partial College,Clerical,N
21121,MR.,GARRETT,REED,1/3/1975,S,M,garrett25@adventure-works.com,"$20,000 ",0,Partial High School,Manual,N
21122,MS.,JULIE,XIE,4/11/1974,M,F,julie7@adventure-works.com,"$10,000 ",0,Partial High School,Manual,Y
21123,MR.,CARL,LUO,8/12/1974,S,M,carl5@adventure-works.com,"$20,000 ",0,Partial High School,Manual,Y
21124,MS.,MALLORY,ALVAREZ,6/21/1974,S,F,mallory12@adventure-works.com,"$20,000 ",0,Partial High School,Manual,N
21125,MR.,BRUCE,RANA,12/1/1975,S,M,bruce10@adventure-works.com,"$30,000 ",0,Partial College,Clerical,Y
21126,MS.,KAITLIN,GONZALEZ,11/7/1975,S,F,kaitlin17@adventure-works.com,"$30,000 ",0,Partial College,Clerical,N
21127,MS.,CRYSTAL,ZHENG,7/25/1975,S,F,crystal20@adventure-works.com,"$30,000 ",0,Partial College,Clerical,Y
21128,MR.,KENNETH,ANDERSEN,6/20/1975,S,M,kenneth11@adventure-works.com,"$30,000 ",0,Partial College,Clerical,N
21129,MR.,RAFAEL,WANG,3/17/1975,S,M,rafael1@adventure-works.com,"$30,000 ",0,Partial College,Clerical,Y
21130,MRS.,MACKENZIE,WARD,12/16/1975,M,F,mackenzie10@adventure-works.com,"$40,000 ",1,Bachelors,Skilled Manual,Y
21131,MR.,GILBERT,NATH,4/7/1973,S,M,gilbert38@adventure-works.com,"$20,000 ",0,Partial High School,Manual,N
21133,MS.,APRIL,KUMAR,8/6/1974,S,F,april6@adventure-works.com,"$30,000 ",0,Partial College,Clerical,N
21134,MR.,BOB,CHAPMAN,3/2/1980,S,M,bob5@adventure-works.com,"$20,000 ",0,Partial High School,Manual,N
21135,MR.,RAUL,RAJI,10/26/1980,M,M,raul19@adventure-works.com,"$20,000 ",0,Partial High School,Manual,N
21136,MS.,NATASHA,CARLSON,3/12/1980,M,F,natasha18@adventure-works.com,"$20,000 ",0,Partial High School,Manual,N
21137,MR.,STEVE,LI,11/15/1980,S,M,steve7@adventure-works.com,"$20,000 ",0,Partial High School,Manual,N
21138,MRS.,KAYLEE,PHILLIPS,2/26/1962,M,F,kaylee27@adventure-works.com,"$70,000 ",1,Partial College,Skilled Manual,Y
21139,MR.,ALEX,ADAMS,6/24/1962,M,M,alex43@adventure-works.com,"$70,000 ",1,Partial College,Skilled Manual,Y
21140,MR.,BYRON,DIAZ,10/16/1961,M,M,byron2@adventure-works.com,"$40,000 ",4,High School,Skilled Manual,Y
21141,MR.,OMAR,LI,3/10/1961,S,M,omar3@adventure-works.com,"$40,000 ",4,High School,Skilled Manual,Y
21142,MR.,MASON,BROOKS,4/20/1961,M,M,mason3@adventure-works.com,"$40,000 ",4,High School,Skilled Manual,Y
21143,MRS.,ALLISON,CAMPBELL,5/14/1961,M,F,allison29@adventure-works.com,"$60,000 ",1,Partial College,Skilled Manual,Y
21144,MR.,LUCAS,RICHARDSON,2/8/1961,M,M,lucas81@adventure-works.com,"$60,000 ",1,Partial College,Skilled Manual,Y
21145,MS.,MINDY,LAL,6/2/1960,M,F,mindy13@adventure-works.com,"$40,000 ",0,Bachelors,Professional,N
21146,MR.,ROBERT,TAYLOR,7/12/1960,M,M,robert67@adventure-works.com,"$60,000 ",1,Partial College,Skilled Manual,Y
21147,MR.,ANGEL,ROGERS,7/17/1960,M,M,angel18@adventure-works.com,"$60,000 ",1,Partial College,Skilled Manual,Y
21148,MS.,BRIANNA,GONZALES,3/3/1967,S,F,brianna62@adventure-works.com,"$50,000 ",0,Partial College,Skilled Manual,Y
21149,MR.,MIGUEL,DIAZ,12/27/1967,S,M,miguel68@adventure-works.com,"$50,000 ",0,Partial College,Skilled Manual,N
21150,MS.,ALYSSA,RAMIREZ,9/25/1967,S,F,alyssa41@adventure-works.com,"$60,000 ",0,Graduate Degree,Professional,N
21151,MR.,AARON,CAMPBELL,12/22/1967,S,M,aaron39@adventure-works.com,"$60,000 ",0,Graduate Degree,Professional,Y
21152,MS.,AMANDA,HILL,7/9/1967,S,F,amanda65@adventure-works.com,"$60,000 ",0,Graduate Degree,Professional,N
21153,MR.,JAMES,THOMPSON,2/15/1967,M,M,james88@adventure-works.com,"$60,000 ",0,Graduate Degree,Professional,N
21154,MR.,MICHAEL,CLARK,2/10/1928,M,M,michael51@adventure-works.com,"$50,000 ",1,Graduate Degree,Professional,N
21155,MR.,JEREMIAH,FLORES,3/4/1960,M,M,jeremiah32@adventure-works.com,"$60,000 ",1,Partial College,Skilled Manual,Y
21156,MRS.,MARIA,LOPEZ,2/24/1960,M,F,maria62@adventure-works.com,"$60,000 ",1,Partial College,Skilled Manual,Y
21157,MR.,ROBERT,PERRY,4/20/1959,M,M,robert21@adventure-works.com,"$60,000 ",5,Bachelors,Professional,Y
21158,MR.,TREVOR,PATTERSON,7/19/1959,S,M,trevor10@adventure-works.com,"$60,000 ",4,Bachelors,Professional,Y
21159,MRS.,KAITLYN,RODRIGUEZ,6/9/1959,M,F,kaitlyn43@adventure-works.com,"$70,000 ",5,Graduate Degree,Professional,Y
21160,MRS.,APRIL,XIE,11/24/1959,M,F,april3@adventure-works.com,"$80,000 ",3,Graduate Degree,Professional,Y
21161,MRS.,MEGAN,JOHNSON,3/14/1958,M,F,megan4@adventure-works.com,"$60,000 ",1,Bachelors,Professional,Y
21162,MRS.,BROOKE,SANCHEZ,11/21/1958,S,F,brooke22@adventure-works.com,"$60,000 ",1,Bachelors,Professional,Y
21163,MR.,WILLIAM,WILLIAMS,6/5/1958,M,M,william18@adventure-works.com,"$70,000 ",5,Graduate Degree,Professional,Y
21164,MR.,TROY,RAMAN,2/8/1958,M,M,troy13@adventure-works.com,"$70,000 ",5,Graduate Degree,Professional,Y
21165,MRS.,SHEILA,GOMEZ,8/3/1969,S,F,sheila1@adventure-works.com,"$80,000 ",4,Graduate Degree,Management,Y
21166,MRS.,TAMARA,YUAN,3/15/1969,S,F,tamara18@adventure-works.com,"$90,000 ",1,Graduate Degree,Management,Y
21167,MRS.,KARA,BECKER,10/11/1969,S,F,kara18@adventure-works.com,"$90,000 ",2,Graduate Degree,Management,N
21168,MR.,CLIFFORD,CHAPMAN,4/22/1970,M,M,clifford2@adventure-works.com,"$80,000 ",4,Graduate Degree,Management,Y
21169,MRS.,NANCY,ARUN,8/23/1970,M,F,nancy10@adventure-works.com,"$90,000 ",2,Bachelors,Professional,Y
21170,MR.,EDWIN,SUN,9/27/1968,M,M,edwin14@adventure-works.com,"$70,000 ",5,Bachelors,Professional,N
21171,MR.,CHRISTOPHER,TAYLOR,2/6/1968,S,M,christopher9@adventure-works.com,"$70,000 ",5,Bachelors,Professional,Y
21172,MR.,FRANCISCO,SANCHEZ,5/7/1968,M,M,francisco22@adventure-works.com,"$70,000 ",5,Bachelors,Professional,N
21173,MR.,CHAD,YUAN,11/13/1967,M,M,chad8@adventure-works.com,"$70,000 ",5,Bachelors,Professional,Y
21174,MR.,ANDRE,SMITH,3/13/1967,M,M,andre8@adventure-works.com,"$70,000 ",5,Bachelors,Professional,Y
21175,MR.,ARMANDO,GOMEZ,7/24/1967,S,M,armando1@adventure-works.com,"$80,000 ",5,Graduate Degree,Management,Y
21176,MR.,RAUL,CHANDE,8/10/1967,M,M,raul12@adventure-works.com,"$80,000 ",5,Graduate Degree,Management,Y
21177,MRS.,KARA,NATH,2/14/1967,M,F,kara16@adventure-works.com,"$80,000 ",5,Graduate Degree,Management,Y
21178,MRS.,JILLIAN,SAUNDERS,6/8/1966,M,F,jillian11@adventure-works.com,"$80,000 ",5,Bachelors,Professional,N
21179,MRS.,JACLYN,ZHOU,7/12/1966,M,F,jaclyn9@adventure-works.com,"$80,000 ",5,Bachelors,Professional,Y
21180,MRS.,KATHERINE,FLORES,3/24/1965,S,F,katherine38@adventure-works.com,"$60,000 ",2,Bachelors,Professional,N
21181,MRS.,SUMMER,SULLIVAN,9/19/1965,S,F,summer11@adventure-works.com,"$60,000 ",3,Bachelors,Professional,Y
21182,MRS.,LORI,NAVARRO,11/13/1965,M,F,lori12@adventure-works.com,"$60,000 ",3,Bachelors,Professional,Y
21183,MR.,HECTOR,MORENO,9/15/1968,M,M,hector4@adventure-works.com,"$70,000 ",5,Bachelors,Professional,Y
21184,MR.,HAROLD,RODRIGUEZ,8/17/1968,S,M,harold16@adventure-works.com,"$70,000 ",0,Bachelors,Professional,N
21185,MR.,GILBERT,JAI,4/25/1968,M,M,gilbert32@adventure-works.com,"$80,000 ",5,Bachelors,Professional,Y
21186,MR.,RANDALL,VAZQUEZ,2/4/1965,S,M,randall16@adventure-works.com,"$70,000 ",0,Bachelors,Professional,N
21187,MR.,DARRELL,LUO,10/16/1964,M,M,darrell14@adventure-works.com,"$60,000 ",3,Bachelors,Professional,Y
21188,MR.,CLIFFORD,SANCHEZ,7/19/1964,M,M,clifford19@adventure-works.com,"$60,000 ",4,Bachelors,Professional,Y
21189,MRS.,DESIREE,RUBIO,11/23/1963,M,F,desiree17@adventure-works.com,"$60,000 ",3,Bachelors,Professional,Y
21190,MR.,PABLO,ROVIRA DIEZ,2/23/1963,S,M,pablo0@adventure-works.com,"$70,000 ",0,Bachelors,Professional,N
21191,MR.,WILLIE,LU,1/23/1962,M,M,willie9@adventure-works.com,"$60,000 ",1,Bachelors,Professional,Y
21192,MRS.,REGINA,SAI,8/27/1962,M,F,regina5@adventure-works.com,"$60,000 ",1,Bachelors,Professional,Y
21193,MR.,PHILIP,HERNANDEZ,1/15/1962,M,M,philip3@adventure-works.com,"$60,000 ",1,Bachelors,Professional,Y
21194,MRS.,TARA,NARA,6/24/1962,M,F,tara17@adventure-works.com,"$60,000 ",1,Bachelors,Professional,Y
21195,MR.,RAFAEL,XU,1/15/1962,M,M,rafael28@adventure-works.com,"$60,000 ",1,Bachelors,Professional,Y
21196,MRS.,KATHLEEN,ALONSO,5/13/1961,M,F,kathleen10@adventure-works.com,"$60,000 ",1,Partial College,Skilled Manual,Y
21197,MRS.,SHEENA,PAL,1/22/1961,S,F,sheena10@adventure-works.com,"$60,000 ",1,Bachelors,Professional,Y
21198,MRS.,MADISON,WILLIAMS,6/19/1961,M,F,madison2@adventure-works.com,"$60,000 ",1,Bachelors,Professional,Y
21199,MRS.,RUTH,RAMAN,6/8/1961,S,F,ruth16@adventure-works.com,"$60,000 ",1,Partial College,Skilled Manual,Y
21200,MRS.,ALISON,KUMAR,5/3/1961,S,F,alison7@adventure-works.com,"$60,000 ",1,Partial College,Skilled Manual,Y
21201,MRS.,ANNA,ROGERS,2/13/1929,S,F,anna5@adventure-works.com,"$80,000 ",3,Graduate Degree,Management,Y
21202,MS.,THERESA,TORRES,3/25/1966,S,F,theresa8@adventure-works.com,"$100,000 ",0,Graduate Degree,Management,N
21203,MS.,MARY,ALLEN,12/25/1966,M,F,mary36@adventure-works.com,"$100,000 ",0,Graduate Degree,Management,N
21204,MS.,CANDICE,LU,8/23/1966,S,F,candice17@adventure-works.com,"$100,000 ",0,Bachelors,Professional,N
21205,MS.,DENISE,VANCE,3/7/1966,S,F,denise6@adventure-works.com,"$110,000 ",0,Graduate Degree,Management,N
21206,MR.,ROBERTO,MORENO,9/6/1960,S,M,roberto6@adventure-works.com,"$60,000 ",1,Partial College,Skilled Manual,Y
21207,MR.,VINCENT,LI,7/16/1960,M,M,vincent3@adventure-works.com,"$60,000 ",1,Partial College,Skilled Manual,Y
21208,MRS.,OLIVIA,GRIFFIN,6/5/1932,S,F,olivia66@adventure-works.com,"$30,000 ",2,Partial College,Clerical,Y
21209,MR.,RANDALL,MORENO,6/19/1965,S,M,randall7@adventure-works.com,"$70,000 ",0,Bachelors,Professional,N
21210,MR.,COLIN,LUO,4/3/1965,S,M,colin29@adventure-works.com,"$80,000 ",5,Bachelors,Professional,Y
21211,MR.,LOUIS,HE,5/12/1964,S,M,louis13@adventure-works.com,"$70,000 ",0,Bachelors,Professional,Y
21212,MR.,NICOLAS,LAL,11/23/1964,S,M,nicolas6@adventure-works.com,"$70,000 ",0,Bachelors,Professional,N
21213,MR.,PETER,BLACK,11/16/1964,S,M,peter25@adventure-works.com,"$70,000 ",0,Bachelors,Professional,N
21214,MR.,COREY,SHE,4/1/1964,S,M,corey0@adventure-works.com,"$70,000 ",0,Bachelors,Professional,Y
21215,MS.,TIFFANY,YANG,8/27/1964,S,F,tiffany5@adventure-works.com,"$70,000 ",0,Bachelors,Professional,Y
21216,MR.,LARRY,BLANCO,5/24/1964,S,M,larry18@adventure-works.com,"$80,000 ",4,Bachelors,Professional,N
21217,MRS.,CASEY,XIE,10/23/1959,S,F,casey3@adventure-works.com,"$90,000 ",1,Bachelors,Professional,Y
21218,MR.,WYATT,RODRIGUEZ,6/13/1963,S,M,wyatt21@adventure-works.com,"$70,000 ",0,Bachelors,Professional,N
21219,MS.,CANDICE,ZHU,2/7/1963,S,F,candice20@adventure-works.com,"$70,000 ",0,Bachelors,Professional,N
21220,MRS.,MEGHAN,MOYER,7/2/1962,M,F,meghan9@adventure-works.com,"$70,000 ",5,Partial College,Skilled Manual,Y
21221,MR.,MARTIN,SAI,7/22/1961,M,M,martin11@adventure-works.com,"$60,000 ",1,Partial College,Skilled Manual,Y
21222,MR.,KELVIN,XU,10/16/1961,M,M,kelvin2@adventure-works.com,"$60,000 ",1,Partial College,Skilled Manual,Y
21223,MRS.,EVELYN,SURI,9/24/1961,S,F,evelyn0@adventure-works.com,"$70,000 ",5,Partial College,Skilled Manual,Y
21224,MR.,JAMIE,ALAN,3/10/1958,M,M,jamie28@adventure-works.com,"$90,000 ",2,Bachelors,Professional,Y
21225,MRS.,MICHELE,JAI,10/16/1958,S,F,michele11@adventure-works.com,"$90,000 ",2,Bachelors,Professional,Y
21226,MR.,DALE,NARA,4/26/1956,S,M,dale14@adventure-works.com,"$80,000 ",1,Partial College,Skilled Manual,N
21227,MRS.,MELANIE,MORGAN,10/11/1953,M,F,melanie39@adventure-works.com,"$30,000 ",2,Partial College,Clerical,N
21228,MRS.,CASSIDY,HENDERSON,6/28/1953,M,F,cassidy5@adventure-works.com,"$40,000 ",2,Bachelors,Management,Y
21229,MRS.,LATOYA,JAI,10/25/1953,S,F,latoya10@adventure-works.com,"$40,000 ",2,Bachelors,Management,Y
21230,MRS.,CARLA,RODRIGUEZ,7/11/1953,M,F,carla22@adventure-works.com,"$40,000 ",2,Bachelors,Management,Y
21231,MRS.,CHRISTINE,GOEL,1/10/1953,M,F,christine14@adventure-works.com,"$40,000 ",2,Bachelors,Management,Y
21232,MR.,LEVI,GARCIA,6/10/1949,M,M,levi14@adventure-works.com,"$10,000 ",2,High School,Skilled Manual,Y
21233,MR.,CHRISTOPHER,SMITH,3/15/1976,M,M,christopher24@adventure-works.com,"$30,000 ",0,High School,Skilled Manual,N
21234,MS.,BRIANNA,RIVERA,1/12/1976,S,F,brianna34@adventure-works.com,"$30,000 ",0,High School,Skilled Manual,Y
21235,MS.,STEPHANIE,HERNANDEZ,11/6/1975,S,F,stephanie63@adventure-works.com,"$40,000 ",0,High School,Skilled Manual,N
21236,MR.,ADRIAN,PETERSON,4/16/1975,S,M,adrian7@adventure-works.com,"$40,000 ",0,High School,Skilled Manual,Y
21237,MR.,LUKE,WASHINGTON,2/10/1980,M,M,luke2@adventure-works.com,"$30,000 ",0,High School,Skilled Manual,Y
21238,MR.,CARL,TANG,9/25/1980,S,M,carl4@adventure-works.com,"$30,000 ",0,High School,Skilled Manual,N
21239,MRS.,CHRISTY,LIANG,11/3/1937,M,F,christy15@adventure-works.com,"$30,000 ",2,Partial College,Clerical,N
21240,MR.,AARON,JENKINS,9/2/1979,S,M,aaron6@adventure-works.com,"$30,000 ",0,Partial High School,Clerical,N
21241,MR.,CARSON,GRIFFIN,2/11/1979,S,M,carson20@adventure-works.com,"$30,000 ",0,Partial High School,Clerical,N
21242,MS.,MORGAN,PATTERSON,6/16/1978,S,F,morgan80@adventure-works.com,"$30,000 ",0,Partial High School,Clerical,Y
21243,MR.,JUAN,BAILEY,10/6/1978,M,M,juan26@adventure-works.com,"$40,000 ",0,High School,Skilled Manual,N
21244,MS.,ALLISON,TORRES,2/16/1978,M,F,allison12@adventure-works.com,"$40,000 ",0,High School,Skilled Manual,Y
21245,MS.,SAMANTHA,RODRIGUEZ,6/24/1978,M,F,samantha21@adventure-works.com,"$40,000 ",0,High School,Skilled Manual,N
21246,MR.,SAMUEL,NELSON,8/22/1978,S,M,samuel39@adventure-works.com,"$40,000 ",0,High School,Skilled Manual,N
21247,MR.,ALEX,SANDERS,12/11/1978,M,M,alex6@adventure-works.com,"$40,000 ",0,High School,Skilled Manual,Y
21248,MR.,RAMON,LI,5/14/1938,M,M,ramon2@adventure-works.com,"$40,000 ",2,Bachelors,Management,Y
21249,MR.,ALVIN,XU,3/18/1977,S,M,alvin27@adventure-works.com,"$40,000 ",0,High School,Skilled Manual,N
21250,MR.,FERNANDO,COLEMAN,10/24/1977,M,M,fernando49@adventure-works.com,"$40,000 ",0,High School,Skilled Manual,Y
21251,MS.,ERIKA,DOMINGUEZ,10/11/1979,S,F,erika10@adventure-works.com,"$30,000 ",0,Partial High School,Clerical,N
21252,MR.,LUIS,CHEN,2/16/1979,S,M,luis25@adventure-works.com,"$30,000 ",0,Partial High School,Clerical,Y
21253,MS.,VICTORIA,WILLIAMS,12/4/1979,S,F,victoria3@adventure-works.com,"$40,000 ",0,High School,Skilled Manual,N
21255,MRS.,MARTHA,LU,9/2/1939,M,F,martha11@adventure-works.com,"$60,000 ",2,Graduate Degree,Management,Y
21256,MRS.,MEGHAN,TORRES,10/12/1941,M,F,meghan11@adventure-works.com,"$40,000 ",2,Bachelors,Management,Y
21257,MRS.,EVELYN,SUBRAM,4/15/1941,M,F,evelyn14@adventure-works.com,"$40,000 ",2,Bachelors,Management,Y
21258,MR.,ALFREDO,SERRANO,11/22/1943,S,M,alfredo17@adventure-works.com,"$40,000 ",2,Bachelors,Management,Y
21259,MR.,CURTIS,CAI,7/25/1943,S,M,curtis18@adventure-works.com,"$60,000 ",2,Graduate Degree,Management,Y
21260,MS.,ARIANA,HOWARD,6/15/1976,S,F,ariana10@adventure-works.com,"$40,000 ",0,High School,Skilled Manual,Y
21261,MS.,JESSICA,KELLY,6/3/1976,S,F,jessica23@adventure-works.com,"$40,000 ",0,Partial College,Skilled Manual,Y
21262,MS.,SARA,EDWARDS,6/1/1976,S,F,sara26@adventure-works.com,"$40,000 ",0,Partial College,Skilled Manual,N
21263,MS.,GAIL,RUSSELL,2/8/1975,S,F,gail6@adventure-works.com,"$40,000 ",0,Partial College,Skilled Manual,N
21264,MR.,CALEB,BUTLER,6/13/1973,S,M,caleb11@adventure-works.com,"$60,000 ",0,Partial College,Skilled Manual,Y
21265,MR.,RICHARD,STONE,3/13/1972,S,M,richard102@adventure-works.com,"$70,000 ",0,Partial College,Skilled Manual,N
21266,MS.,TAYLOR,WASHINGTON,8/21/1972,S,F,taylor38@adventure-works.com,"$80,000 ",0,Bachelors,Management,Y
21267,MR.,CHARLES,PARKER,3/5/1968,M,M,charles43@adventure-works.com,"$80,000 ",0,Bachelors,Management,Y
21268,MS.,ELIZABETH,LEWIS,6/14/1968,M,F,elizabeth25@adventure-works.com,"$80,000 ",0,Bachelors,Management,Y
21269,MR.,BLAKE,CLARK,5/17/1968,S,M,blake19@adventure-works.com,"$90,000 ",4,Bachelors,Management,Y
21270,MR.,DANIEL,JACKSON,11/9/1967,S,M,daniel16@adventure-works.com,"$110,000 ",0,Graduate Degree,Management,Y
21271,MR.,THOMAS,WANG,8/27/1967,M,M,thomas27@adventure-works.com,"$120,000 ",0,Bachelors,Management,Y
21273,MRS.,JENNIFER,THOMAS,3/26/1968,M,F,jennifer39@adventure-works.com,"$100,000 ",2,Bachelors,Management,Y
21274,MR.,SETH,SCOTT,9/10/1979,S,M,seth31@adventure-works.com,"$60,000 ",0,Partial College,Skilled Manual,Y
21275,MS.,ABIGAIL,COX,11/26/1979,M,F,abigail15@adventure-works.com,"$60,000 ",0,Partial College,Skilled Manual,Y
21276,MR.,IAN,COLEMAN,7/12/1978,M,M,ian46@adventure-works.com,"$40,000 ",0,High School,Skilled Manual,Y
21277,MR.,LUCAS,THOMPSON,5/15/1978,S,M,lucas29@adventure-works.com,"$40,000 ",0,Partial High School,Clerical,N
21278,MS.,JULIA,KING,4/20/1978,S,F,julia16@adventure-works.com,"$40,000 ",0,Partial High School,Clerical,N
21279,MRS.,LINDA,ROUSEY,4/7/1947,M,F,linda10@adventure-works.com,"$10,000 ",2,Partial High School,Clerical,Y
21280,MR.,JUSTIN,WALKER,12/23/1978,S,M,justin51@adventure-works.com,"$40,000 ",0,Partial College,Skilled Manual,N
21281,MS.,ANDREA,HILL,2/27/1978,S,F,andrea35@adventure-works.com,"$60,000 ",0,Partial College,Skilled Manual,N
21282,MS.,JULIA,SMITH,3/10/1978,M,F,julia22@adventure-works.com,"$60,000 ",0,Partial College,Skilled Manual,Y
21283,MR.,ORLANDO,JIMÉNEZ,3/21/1945,M,M,orlando6@adventure-works.com,"$20,000 ",4,High School,Skilled Manual,Y
21284,MR.,CODY,STEWART,5/9/1970,M,M,cody22@adventure-works.com,"$50,000 ",1,Graduate Degree,Skilled Manual,Y
21285,MS.,MACKENZIE,RIVERA,10/15/1963,M,F,mackenzie15@adventure-works.com,"$90,000 ",0,Partial College,Professional,N
21286,MR.,LUKE,ROY,9/3/1963,S,M,luke0@adventure-works.com,"$100,000 ",0,Partial College,Professional,Y
21287,MRS.,KENDRA,JIMENEZ,11/16/1963,M,F,kendra5@adventure-works.com,"$110,000 ",4,Bachelors,Management,Y
21288,MR.,HUNTER,HALL,6/13/1963,S,M,hunter58@adventure-works.com,"$130,000 ",3,Bachelors,Management,N
21289,MR.,WARREN,WANG,8/19/1962,S,M,warren18@adventure-works.com,"$90,000 ",4,Partial College,Professional,Y
21290,MR.,ANGEL,TORRES,6/19/1962,S,M,angel3@adventure-works.com,"$100,000 ",1,Partial College,Professional,N
21291,MRS.,RACHEL,MORRIS,12/18/1962,M,F,rachel29@adventure-works.com,"$100,000 ",1,Partial College,Professional,Y
21292,MR.,AUSTIN,MARTINEZ,5/9/1962,M,M,austin33@adventure-works.com,"$100,000 ",1,Partial College,Professional,Y
21293,MRS.,ASHLEY,GARCIA,7/6/1962,S,F,ashley17@adventure-works.com,"$120,000 ",1,Partial College,Professional,Y
21294,MR.,DAVID,FOSTER,6/1/1962,M,M,david49@adventure-works.com,"$130,000 ",1,Bachelors,Management,Y
21295,MR.,BENJAMIN,THOMAS,12/21/1961,M,M,benjamin45@adventure-works.com,"$70,000 ",5,Partial College,Professional,Y
21296,MR.,LUIS,HALL,11/24/1961,M,M,luis53@adventure-works.com,"$80,000 ",5,Partial College,Professional,N
21298,MR.,NOAH,COLLINS,3/25/1961,M,M,noah29@adventure-works.com,"$90,000 ",4,High School,Professional,Y
21299,MRS.,HANNAH,GONZALES,7/17/1961,M,F,hannah38@adventure-works.com,"$90,000 ",4,High School,Professional,Y
21300,MRS.,KAYLEE,MORGAN,8/6/1961,M,F,kaylee19@adventure-works.com,"$130,000 ",1,Bachelors,Management,Y
21301,MRS.,SIERRA,GONZALEZ,9/9/1955,S,F,sierra8@adventure-works.com,"$80,000 ",2,Partial High School,Skilled Manual,N
21302,MR.,LOGAN,FOSTER,2/8/1955,M,M,logan17@adventure-works.com,"$80,000 ",2,Partial High School,Skilled Manual,Y
21303,MRS.,SYDNEY,JENKINS,8/14/1955,M,F,sydney29@adventure-works.com,"$60,000 ",2,High School,Professional,N
21304,MRS.,JADA,COOPER,3/4/1955,M,F,jada9@adventure-works.com,"$60,000 ",2,High School,Professional,N
21305,MR.,HUNTER,GARCIA,4/25/1955,M,M,hunter48@adventure-works.com,"$60,000 ",2,High School,Professional,N
21306,MR.,JACKSON,PERRY,3/5/1955,S,M,jackson10@adventure-works.com,"$60,000 ",2,High School,Professional,Y
21307,MRS.,OLIVIA,JONES,4/15/1955,M,F,olivia3@adventure-works.com,"$70,000 ",4,High School,Professional,Y
21308,MRS.,KAYLA,GARCIA,6/17/1955,M,F,kayla17@adventure-works.com,"$70,000 ",4,High School,Professional,Y
21309,MRS.,JULIA,ANDERSON,1/25/1955,M,F,julia32@adventure-works.com,"$80,000 ",3,Partial College,Professional,Y
21310,MRS.,MARIAH,HAYES,10/4/1955,M,F,mariah27@adventure-works.com,"$90,000 ",2,High School,Professional,Y
21312,MR.,CONNOR,SCOTT,3/10/1935,M,M,connor42@adventure-works.com,"$50,000 ",2,Graduate Degree,Management,Y
21313,MRS.,BETH,DIAZ,9/3/1935,M,F,beth5@adventure-works.com,"$70,000 ",4,Graduate Degree,Management,N
21314,MR.,DEVIN,PATTERSON,6/6/1936,M,M,devin49@adventure-works.com,"$60,000 ",2,Graduate Degree,Management,N
21315,MRS.,AUDREY,SANZ,8/19/1936,M,F,audrey22@adventure-works.com,"$70,000 ",4,Graduate Degree,Management,N
21316,MR.,JOHN,THOMPSON,3/19/1936,M,M,john53@adventure-works.com,"$130,000 ",2,Graduate Degree,Management,N
21317,MRS.,LAUREN,RIVERA,12/13/1936,M,F,lauren8@adventure-works.com,"$130,000 ",2,Graduate Degree,Management,Y
21318,MR.,DEVIN,RICHARDSON,4/4/1960,S,M,devin77@adventure-works.com,"$80,000 ",5,Partial College,Professional,N
21319,MR.,ZACHARY,LEE,9/7/1960,M,M,zachary29@adventure-works.com,"$90,000 ",4,High School,Professional,Y
21320,MRS.,HANNAH,COLEMAN,4/21/1960,M,F,hannah29@adventure-works.com,"$90,000 ",4,High School,Professional,Y
21321,MR.,JON,JAI,9/24/1960,S,M,jon7@adventure-works.com,"$90,000 ",4,High School,Professional,N
21322,MR.,CARLOS,RAMIREZ,3/24/1960,M,M,carlos8@adventure-works.com,"$90,000 ",4,High School,Professional,Y
21323,MR.,ROBERT,JACKSON,12/10/1960,M,M,robert70@adventure-works.com,"$100,000 ",3,Partial College,Professional,Y
21324,MRS.,CHLOE,BAKER,2/9/1960,M,F,chloe14@adventure-works.com,"$110,000 ",5,Partial College,Professional,N
21325,MRS.,ANGELA,HAYES,7/10/1960,M,F,angela25@adventure-works.com,"$120,000 ",1,High School,Professional,Y
21326,MRS.,ANDREA,GREEN,2/14/1960,M,F,andrea36@adventure-works.com,"$160,000 ",1,Partial College,Professional,N
21327,MR.,CONNOR,WASHINGTON,5/24/1960,S,M,connor8@adventure-works.com,"$170,000 ",1,Bachelors,Management,N
21328,MR.,XAVIER,NELSON,2/9/1954,S,M,xavier32@adventure-works.com,"$70,000 ",2,Partial High School,Skilled Manual,N
21329,MR.,WYATT,BROWN,1/2/1954,M,M,wyatt4@adventure-works.com,"$60,000 ",2,Partial High School,Skilled Manual,Y
21330,MRS.,ISABELLA,CLARK,10/4/1954,S,F,isabella75@adventure-works.com,"$60,000 ",2,Partial High School,Skilled Manual,Y
21331,MR.,TIMOTHY,JAMES,3/10/1954,S,M,timothy9@adventure-works.com,"$60,000 ",2,Partial High School,Skilled Manual,Y
21332,MRS.,BAILEY,CARTER,10/26/1954,M,F,bailey30@adventure-works.com,"$60,000 ",2,Partial High School,Skilled Manual,N
21333,MRS.,MACKENZIE,ALLEN,8/12/1953,M,F,mackenzie44@adventure-works.com,"$70,000 ",3,Graduate Degree,Management,Y
21334,MR.,MASON,NELSON,10/3/1953,S,M,mason30@adventure-works.com,"$70,000 ",3,Graduate Degree,Management,Y
21335,MRS.,ANA,COLEMAN,9/4/1953,M,F,ana6@adventure-works.com,"$70,000 ",3,Graduate Degree,Management,Y
21336,MR.,ANGEL,PEREZ,9/15/1953,M,M,angel25@adventure-works.com,"$60,000 ",3,Graduate Degree,Management,Y
21337,MRS.,JENNIFER,SMITH,11/21/1952,S,F,jennifer28@adventure-works.com,"$40,000 ",3,Partial College,Professional,Y
21338,MRS.,VICTORIA,PRICE,11/21/1952,M,F,victoria48@adventure-works.com,"$40,000 ",3,Partial College,Professional,N
21339,MRS.,HALEY,BARNES,3/28/1937,S,F,haley22@adventure-works.com,"$60,000 ",3,Graduate Degree,Management,N
21340,MR.,ADAM,WANG,5/3/1937,M,M,adam21@adventure-works.com,"$60,000 ",3,Graduate Degree,Management,Y
21341,MR.,LOUIS,LIU,9/16/1938,M,M,louis42@adventure-works.com,"$60,000 ",3,Graduate Degree,Management,Y
21342,MRS.,TONYA,XIE,11/22/1938,M,F,tonya3@adventure-works.com,"$70,000 ",5,Graduate Degree,Management,N
21343,MR.,COLIN,ZENG,2/10/1938,M,M,colin22@adventure-works.com,"$70,000 ",5,Graduate Degree,Management,Y
21344,MR.,TREVOR,PERRY,2/24/1938,M,M,trevor7@adventure-works.com,"$70,000 ",5,Graduate Degree,Management,N
21345,MRS.,KRISTINA,MARTINEZ,7/11/1938,M,F,kristina18@adventure-works.com,"$80,000 ",4,Graduate Degree,Management,Y
21346,MR.,CHRISTIAN,RODRIGUEZ,9/2/1939,M,M,christian39@adventure-works.com,"$60,000 ",3,Graduate Degree,Management,Y
21347,MRS.,ALISHA,RAJI,4/12/1939,S,F,alisha46@adventure-works.com,"$60,000 ",3,Graduate Degree,Management,Y
21348,MRS.,ALEXIS,PATTERSON,10/16/1939,M,F,alexis33@adventure-works.com,"$70,000 ",5,Graduate Degree,Management,Y
21349,MR.,BRYAN,KELLY,9/22/1939,M,M,bryan5@adventure-works.com,"$70,000 ",5,Graduate Degree,Management,N
21350,MRS.,MINDY,SHARMA,5/2/1940,M,F,mindy14@adventure-works.com,"$70,000 ",5,Graduate Degree,Management,Y
21351,MR.,JAMES,COLEMAN,7/27/1940,M,M,james21@adventure-works.com,"$70,000 ",5,Graduate Degree,Management,Y
21352,MRS.,MORGAN,LONG,3/13/1941,M,F,morgan79@adventure-works.com,"$50,000 ",4,Bachelors,Management,Y
21353,MRS.,KAREN,WU,1/5/1941,S,F,karen16@adventure-works.com,"$50,000 ",4,Bachelors,Management,Y
21354,MRS.,MORGAN,BAILEY,10/16/1941,S,F,morgan54@adventure-works.com,"$60,000 ",3,Graduate Degree,Management,Y
21355,MRS.,MYA,DIAZ,8/19/1941,M,F,mya0@adventure-works.com,"$60,000 ",3,Graduate Degree,Management,Y
21356,MRS.,GABRIELLA,EVANS,12/7/1941,S,F,gabriella21@adventure-works.com,"$60,000 ",3,Graduate Degree,Management,Y
21357,MRS.,JADA,NELSON,5/4/1941,S,F,jada21@adventure-works.com,"$60,000 ",3,Graduate Degree,Management,Y
21358,MR.,CODY,REED,5/2/1941,M,M,cody20@adventure-works.com,"$70,000 ",5,Graduate Degree,Management,Y
21359,MR.,JOHNNY,LUO,5/27/1946,M,M,johnny6@adventure-works.com,"$30,000 ",2,Partial College,Clerical,N
21360,MR.,ORLANDO,GILL,11/13/1947,M,M,orlando13@adventure-works.com,"$20,000 ",4,High School,Skilled Manual,Y
21361,MR.,RICKY,ROMERO,3/16/1947,M,M,ricky9@adventure-works.com,"$30,000 ",2,Partial College,Clerical,N
21362,MR.,ANGEL,EVANS,9/20/1947,M,M,angel22@adventure-works.com,"$30,000 ",2,Partial College,Clerical,N
21363,MRS.,TAMMY,ARTHUR,2/9/1948,M,F,tammy7@adventure-works.com,"$10,000 ",2,Partial High School,Clerical,Y
21364,MR.,CHARLES,GRAY,4/9/1977,S,M,charles54@adventure-works.com,"$40,000 ",0,Partial High School,Clerical,N
21365,MRS.,GLORIA,RAMOS,6/6/1948,M,F,gloria18@adventure-works.com,"$10,000 ",2,Partial High School,Clerical,Y
21366,MR.,KELVIN,ANDERSEN,10/26/1948,M,M,kelvin9@adventure-works.com,"$10,000 ",2,Partial High School,Clerical,Y
21367,MRS.,CINDY,RANA,3/16/1948,M,F,cindy11@adventure-works.com,"$20,000 ",2,Partial High School,Clerical,Y
21368,MR.,MASON,COLLINS,9/26/1977,M,M,mason23@adventure-works.com,"$60,000 ",0,Partial College,Skilled Manual,Y
21369,MS.,SARAH,RODRIGUEZ,1/16/1977,M,F,sarah22@adventure-works.com,"$70,000 ",0,Partial College,Skilled Manual,Y
21370,MR.,EMMANUEL,MARTINEZ,2/4/1949,M,M,emmanuel16@adventure-works.com,"$20,000 ",2,Partial High School,Clerical,Y
21371,MRS.,ANN,PATEL,4/13/1949,M,F,ann8@adventure-works.com,"$20,000 ",2,Partial High School,Clerical,Y
21372,MR.,WAYNE,RAJE,3/18/1949,S,M,wayne16@adventure-works.com,"$20,000 ",2,Partial High School,Clerical,Y
21373,MR.,CLAYTON,LIU,2/22/1949,M,M,clayton4@adventure-works.com,"$20,000 ",2,Partial High School,Clerical,N
21374,MRS.,STACEY,ZHOU,11/3/1949,M,F,stacey9@adventure-works.com,"$20,000 ",2,Partial High School,Clerical,Y
21375,MR.,CARL,SHARMA,5/24/1949,S,M,carl9@adventure-works.com,"$20,000 ",2,Partial High School,Clerical,Y
21376,MRS.,PAULA,RAMOS,3/13/1950,M,F,paula19@adventure-works.com,"$20,000 ",2,Partial High School,Clerical,Y
21377,MRS.,ALLISON,BAILEY,2/17/1950,S,F,allison15@adventure-works.com,"$20,000 ",2,Partial High School,Clerical,Y
21378,MRS.,REBEKAH,DIAZ,12/9/1950,M,F,rebekah23@adventure-works.com,"$20,000 ",2,Partial High School,Clerical,Y
21379,MRS.,COLLEEN,HUANG,4/8/1950,M,F,colleen6@adventure-works.com,"$30,000 ",3,Partial College,Clerical,N
21380,MRS.,CANDACE,SARA,6/4/1950,M,F,candace10@adventure-works.com,"$30,000 ",3,Partial College,Clerical,N
21381,MR.,FRANCIS,RUIZ,1/2/1950,M,M,francis21@adventure-works.com,"$30,000 ",3,Partial College,Clerical,N
21382,MR.,BRAD,CHANDER,5/24/1950,M,M,brad16@adventure-works.com,"$30,000 ",3,Partial College,Clerical,N
21383,MR.,RICARDO,ANAND,8/11/1951,M,M,ricardo21@adventure-works.com,"$20,000 ",2,Partial High School,Clerical,Y
21384,MR.,RONNIE,LIN,11/24/1951,M,M,ronnie7@adventure-works.com,"$30,000 ",3,High School,Skilled Manual,N
21385,MS.,NICOLE,PETERSON,6/23/1980,S,F,nicole40@adventure-works.com,"$30,000 ",0,Partial College,Skilled Manual,Y
21386,MS.,ABIGAIL,WOOD,9/10/1980,S,F,abigail27@adventure-works.com,"$30,000 ",0,Partial College,Skilled Manual,Y
21387,MR.,NELSON,DIAZ,12/3/1951,S,M,nelson3@adventure-works.com,"$30,000 ",3,High School,Skilled Manual,Y
21388,MS.,NICOLE,LEE,6/27/1979,S,F,nicole22@adventure-works.com,"$80,000 ",0,Bachelors,Management,N
21389,MRS.,JAMIE,SUN,12/14/1952,M,F,jamie16@adventure-works.com,"$30,000 ",3,High School,Skilled Manual,N
21390,MR.,GRANT,BECKER,4/16/1953,M,M,grant22@adventure-works.com,"$40,000 ",3,Partial College,Skilled Manual,N
21391,MRS.,DAWN,XIE,7/4/1954,M,F,dawn27@adventure-works.com,"$40,000 ",3,Partial High School,Clerical,N
21392,MRS.,KELLI,LIN,2/22/1954,M,F,kelli8@adventure-works.com,"$40,000 ",3,Partial High School,Clerical,N
21393,MRS.,CANDACE,ARUN,4/28/1954,S,F,candace6@adventure-works.com,"$70,000 ",2,Partial College,Skilled Manual,N
21394,MRS.,GABRIELLA,PARKER,11/24/1954,S,F,gabriella30@adventure-works.com,"$70,000 ",2,Partial College,Skilled Manual,Y
21395,MS.,ALEXIA,HUGHES,11/20/1975,M,F,alexia9@adventure-works.com,"$40,000 ",0,Partial College,Skilled Manual,Y
21396,MS.,MEGAN,MARTINEZ,12/19/1975,S,F,megan20@adventure-works.com,"$40,000 ",0,Partial College,Skilled Manual,N
21397,MR.,MASON,HOWARD,6/9/1975,M,M,mason11@adventure-works.com,"$40,000 ",0,High School,Skilled Manual,Y
21398,MR.,ETHAN,DIAZ,3/25/1975,M,M,ethan18@adventure-works.com,"$60,000 ",0,Partial College,Skilled Manual,Y
21399,MR.,IAN,HUGHES,11/25/1975,M,M,ian52@adventure-works.com,"$60,000 ",0,Partial College,Skilled Manual,Y
21400,MR.,ADAM,CAMPBELL,11/25/1973,S,M,adam37@adventure-works.com,"$60,000 ",0,Partial College,Skilled Manual,N
21401,MR.,ERIC,POWELL,4/13/1973,S,M,eric17@adventure-works.com,"$60,000 ",0,Partial College,Professional,Y
21402,MR.,KEVIN,KING,6/27/1956,M,M,kevin57@adventure-works.com,"$80,000 ",2,High School,Skilled Manual,N
21403,MR.,LISA,ROY,10/19/1957,S,M,lisa0@adventure-works.com,"$70,000 ",2,High School,Professional,N
21404,MR.,JULIO,SANZ,6/19/1957,S,M,julio21@adventure-works.com,"$70,000 ",2,High School,Professional,N
21405,MRS.,BONNIE,SHEN,9/26/1958,M,F,bonnie7@adventure-works.com,"$110,000 ",5,Bachelors,Management,Y
21406,MR.,TROY,CHANDRA,4/12/1959,M,M,troy2@adventure-works.com,"$110,000 ",4,Bachelors,Management,Y
21407,MR.,WESLEY,LIN,2/3/1959,M,M,wesley8@adventure-works.com,"$110,000 ",4,Bachelors,Management,Y
21408,MRS.,AUTUMN,CHEN,6/6/1959,M,F,autumn2@adventure-works.com,"$110,000 ",4,Bachelors,Management,Y
21409,MR.,JOHNNY,DENG,6/25/1959,M,M,johnny2@adventure-works.com,"$110,000 ",1,Bachelors,Management,Y
21410,MR.,ERIC,ZHANG,8/7/1973,M,M,eric31@adventure-works.com,"$70,000 ",0,Partial College,Professional,N
21411,MS.,MARIA,KELLY,7/12/1973,S,F,maria21@adventure-works.com,"$70,000 ",0,Partial College,Professional,N
21412,MR.,JORDAN,ALEXANDER,9/26/1974,M,M,jordan16@adventure-works.com,"$50,000 ",0,High School,Professional,Y
21413,MR.,DALTON,ROBINSON,1/8/1974,M,M,dalton17@adventure-works.com,"$60,000 ",0,Partial College,Professional,Y
21414,MR.,AARON,BUTLER,6/7/1974,M,M,aaron13@adventure-works.com,"$60,000 ",0,Partial College,Professional,Y
21415,MS.,SYDNEY,SANCHEZ,7/22/1974,S,F,sydney1@adventure-works.com,"$60,000 ",0,Partial College,Professional,Y
21416,MR.,RYAN,BUTLER,4/18/1974,S,M,ryan17@adventure-works.com,"$60,000 ",0,Partial College,Professional,N
21417,MS.,GABRIELLE,TORRES,7/4/1974,S,F,gabrielle13@adventure-works.com,"$60,000 ",0,Partial College,Professional,N
21418,MRS.,ALICIA,CHAPMAN,1/23/1959,M,F,alicia13@adventure-works.com,"$120,000 ",1,Bachelors,Management,Y
21419,MR.,GILBERT,MA,6/11/1966,M,M,gilbert13@adventure-works.com,"$120,000 ",2,Bachelors,Management,Y
21420,MRS.,ISABELLA,CARTER,9/17/1957,S,F,isabella40@adventure-works.com,"$70,000 ",2,Partial High School,Skilled Manual,N
21421,MRS.,ASHLEY,ROSS,2/23/1957,M,F,ashley30@adventure-works.com,"$60,000 ",2,High School,Professional,Y
21422,MRS.,KAREN,WOOD,1/12/1957,M,F,karen35@adventure-works.com,"$80,000 ",2,Bachelors,Management,Y
21423,MR.,CONNOR,ADAMS,7/19/1957,S,M,connor44@adventure-works.com,"$90,000 ",2,Partial College,Professional,Y
21424,MRS.,EMILY,ALEXANDER,9/4/1956,M,F,emily44@adventure-works.com,"$60,000 ",2,High School,Professional,N
21425,MR.,CARLOS,HALL,6/27/1956,M,M,carlos50@adventure-works.com,"$60,000 ",2,High School,Professional,N
21426,MR.,JON,RAJE,10/6/1956,M,M,jon10@adventure-works.com,"$60,000 ",2,High School,Professional,N
21427,MRS.,KELLY,FOSTER,8/3/1956,M,F,kelly21@adventure-works.com,"$70,000 ",3,Partial College,Professional,N
21428,MRS.,JADA,BROOKS,12/14/1956,M,F,jada0@adventure-works.com,"$70,000 ",3,Partial College,Professional,N
21429,MRS.,ISABELLA,SANDBERG,6/11/1956,M,F,isabella10@adventure-works.com,"$70,000 ",3,Partial College,Professional,Y
21430,MRS.,SAVANNAH,MORGAN,10/5/1932,M,F,savannah20@adventure-works.com,"$90,000 ",3,Graduate Degree,Management,Y
21431,MR.,PRESTON,KAPOOR,4/19/1965,S,M,preston1@adventure-works.com,"$80,000 ",0,Bachelors,Management,N
21432,MRS.,MELANIE,WARD,11/27/1965,M,F,melanie38@adventure-works.com,"$100,000 ",3,Bachelors,Management,Y
21433,MR.,GERALD,MARTINEZ,8/5/1965,M,M,gerald3@adventure-works.com,"$110,000 ",3,Bachelors,Management,Y
21434,MRS.,ISABELLA,SMITH,10/1/1965,S,F,isabella57@adventure-works.com,"$130,000 ",1,Graduate Degree,Management,N
21435,MR.,CONNOR,ALEXANDER,4/13/1965,S,M,connor13@adventure-works.com,"$150,000 ",0,Bachelors,Management,N
21436,MRS.,BRANDI,SERRANO,10/27/1962,S,F,brandi16@adventure-works.com,"$70,000 ",1,Bachelors,Professional,Y
21437,MRS.,WHITNEY,SARA,9/6/1962,S,F,whitney9@adventure-works.com,"$70,000 ",1,Bachelors,Professional,N
21438,MR.,EDWARD,PRICE,4/16/1962,S,M,edward49@adventure-works.com,"$70,000 ",1,Bachelors,Professional,N
21439,MR.,THOMAS,CLARK,1/18/1962,S,M,thomas59@adventure-works.com,"$70,000 ",1,Bachelors,Professional,Y
21440,MR.,IAN,MORGAN,2/14/1962,S,M,ian80@adventure-works.com,"$70,000 ",1,Bachelors,Professional,N
21441,MR.,EDWARD,NELSON,8/14/1942,M,M,edward11@adventure-works.com,"$50,000 ",4,Bachelors,Management,Y
21442,MRS.,SAVANNAH,COOK,5/22/1942,S,F,savannah19@adventure-works.com,"$50,000 ",4,Bachelors,Management,Y
21443,MRS.,ZOE,MORGAN,5/10/1942,M,F,zoe21@adventure-works.com,"$70,000 ",5,Bachelors,Management,Y
21444,MR.,BLAKE,LOPEZ,12/23/1942,M,M,blake29@adventure-works.com,"$70,000 ",5,Bachelors,Management,Y
21445,MRS.,MADELINE,EVANS,3/17/1943,M,F,madeline0@adventure-works.com,"$60,000 ",3,Graduate Degree,Management,Y
21446,MR.,JEREMY,BARNES,10/16/1943,M,M,jeremy24@adventure-works.com,"$60,000 ",3,Graduate Degree,Management,N
21447,MR.,ANTHONY,HARRIS,2/26/1943,M,M,anthony21@adventure-works.com,"$70,000 ",5,Bachelors,Management,Y
21448,MRS.,JENNA,NELSON,4/4/1943,M,F,jenna9@adventure-works.com,"$80,000 ",5,Bachelors,Management,N
21449,MR.,DEVON,RAHEEM,1/22/1943,M,M,devon15@adventure-works.com,"$80,000 ",5,Bachelors,Management,Y
21450,MR.,NATHAN,BRYANT,2/7/1944,M,M,nathan14@adventure-works.com,"$40,000 ",4,High School,Professional,N
21451,MRS.,JOCELYN,ROSS,10/28/1944,M,F,jocelyn4@adventure-works.com,"$40,000 ",4,High School,Professional,Y
21452,MR.,SETH,BAILEY,5/21/1944,M,M,seth87@adventure-works.com,"$40,000 ",4,High School,Professional,Y
21453,MR.,WAYNE,DENG,2/21/1944,M,M,wayne2@adventure-works.com,"$70,000 ",4,Bachelors,Management,Y
21454,MR.,ALVIN,GOLDSTEIN,2/7/1944,M,M,alvin40@adventure-works.com,"$70,000 ",4,Bachelors,Management,Y
21455,MR.,SAMUEL,SHAN,12/18/1945,M,M,samuel28@adventure-works.com,"$40,000 ",4,High School,Professional,N
21456,MR.,DALTON,GONZALES,2/26/1945,M,M,dalton63@adventure-works.com,"$40,000 ",4,High School,Professional,N
21457,MR.,JAMIE,SERRANO,9/24/1945,M,M,jamie38@adventure-works.com,"$40,000 ",5,High School,Professional,N
21458,MR.,CARSON,PRICE,5/12/1945,M,M,carson0@adventure-works.com,"$40,000 ",5,High School,Professional,N
21459,MR.,LUIS,ALEXANDER,9/24/1945,M,M,luis18@adventure-works.com,"$70,000 ",4,Bachelors,Management,N
21460,MR.,JACK,CARTER,8/7/1945,M,M,jack46@adventure-works.com,"$70,000 ",4,Bachelors,Management,Y
21461,MRS.,ELIZABETH,SIMMONS,6/2/1945,M,F,elizabeth44@adventure-works.com,"$70,000 ",5,Bachelors,Management,Y
21462,MRS.,KATELYN,NELSON,9/2/1945,S,F,katelyn32@adventure-works.com,"$70,000 ",5,Bachelors,Management,N
21463,MR.,LOGAN,ROBERTS,10/25/1945,M,M,logan30@adventure-works.com,"$70,000 ",5,Bachelors,Management,Y
21464,MR.,MIGUEL,GRIFFIN,4/9/1945,M,M,miguel67@adventure-works.com,"$70,000 ",5,Bachelors,Management,Y
21465,MR.,AUSTIN,SHAN,5/1/1946,M,M,austin28@adventure-works.com,"$70,000 ",5,Bachelors,Management,Y
21466,MR.,AUSTIN,JONES,3/8/1946,M,M,austin42@adventure-works.com,"$70,000 ",5,Bachelors,Management,N
21467,MR.,DAVID,HARRIS,8/3/1946,M,M,david72@adventure-works.com,"$60,000 ",4,Bachelors,Management,Y
21468,MR.,ETHAN,YANG,8/27/1946,M,M,ethan23@adventure-works.com,"$60,000 ",4,Bachelors,Management,Y
21469,MRS.,CAITLIN,BELL,9/27/1947,S,F,caitlin11@adventure-works.com,"$70,000 ",2,Partial College,Professional,N
21470,MRS.,STEPHANIE,JENKINS,3/16/1947,S,F,stephanie34@adventure-works.com,"$70,000 ",2,Partial College,Professional,N
21471,MR.,MARCUS,CARTER,5/1/1947,M,M,marcus38@adventure-works.com,"$70,000 ",2,Partial College,Professional,Y
21472,MR.,PATRICK,WARD,11/19/1947,M,M,patrick17@adventure-works.com,"$70,000 ",2,Partial College,Professional,Y
21473,MRS.,STACY,RUBIO,10/11/1948,M,F,stacy21@adventure-works.com,"$40,000 ",2,High School,Professional,Y
21474,MR.,LUCAS,GRAY,10/22/1948,M,M,lucas78@adventure-works.com,"$60,000 ",2,Partial College,Professional,Y
21475,MRS.,CASSIDY,ALEXANDER,8/20/1948,M,F,cassidy20@adventure-works.com,"$60,000 ",2,Bachelors,Management,Y
21476,MR.,HUNTER,JENKINS,10/9/1948,M,M,hunter3@adventure-works.com,"$60,000 ",2,Bachelors,Management,N
21477,MRS.,KATELYN,WATSON,6/10/1948,M,F,katelyn7@adventure-works.com,"$60,000 ",2,Bachelors,Management,Y
21478,MRS.,ABIGAIL,REED,7/14/1948,M,F,abigail6@adventure-works.com,"$60,000 ",2,Bachelors,Management,Y
21479,MR.,NOAH,FOSTER,2/3/1948,M,M,noah13@adventure-works.com,"$60,000 ",2,Bachelors,Management,Y
21480,MR.,ALFREDO,MARTIN,3/9/1949,M,M,alfredo1@adventure-works.com,"$40,000 ",2,High School,Professional,N
21481,MR.,JOSE,DIAZ,5/9/1949,M,M,jose16@adventure-works.com,"$60,000 ",2,Partial College,Professional,Y
21482,MRS.,HALEY,FLORES,10/8/1949,S,F,haley31@adventure-works.com,"$60,000 ",2,Partial College,Professional,N
21483,MRS.,MICHELLE,BAILEY,6/16/1949,M,F,michelle16@adventure-works.com,"$60,000 ",2,Partial College,Professional,Y
21484,MRS.,ABIGAIL,COLEMAN,4/26/1949,M,F,abigail31@adventure-works.com,"$60,000 ",2,Partial College,Professional,Y
21485,MR.,BRANDON,CLARK,2/15/1949,M,M,brandon49@adventure-works.com,"$60,000 ",2,Partial College,Professional,N
21486,MRS.,SUZANNE,GAO,9/3/1949,S,F,suzanne16@adventure-works.com,"$60,000 ",2,Bachelors,Management,Y
21487,MRS.,JACQUELINE,RAMIREZ,3/11/1949,S,F,jacqueline31@adventure-works.com,"$70,000 ",4,Partial College,Professional,Y
21488,MRS.,MADISON,HENDERSON,10/2/1949,M,F,madison40@adventure-works.com,"$70,000 ",4,Partial College,Professional,N
21489,MR.,NEIL,GUTIERREZ,8/20/1950,M,M,neil10@adventure-works.com,"$40,000 ",2,Partial High School,Skilled Manual,N
21490,MR.,COLE,WARD,11/6/1950,M,M,cole5@adventure-works.com,"$40,000 ",2,Partial High School,Skilled Manual,Y
21491,MR.,JOSEPH,LEWIS,4/12/1950,M,M,joseph28@adventure-works.com,"$60,000 ",2,Partial College,Professional,Y
21492,MR.,ROBERT,JAI,10/23/1950,S,M,robert43@adventure-works.com,"$60,000 ",2,Partial College,Professional,Y
21493,MR.,CARSON,COLEMAN,12/20/1950,S,M,carson4@adventure-works.com,"$80,000 ",3,Bachelors,Management,Y
21494,MRS.,KAYLA,GONZALES,9/9/1951,S,F,kayla41@adventure-works.com,"$60,000 ",2,High School,Professional,Y
21495,MR.,JAMES,HUGHES,8/2/1951,M,M,james27@adventure-works.com,"$60,000 ",2,High School,Professional,Y
21496,MRS.,NICHOLE,RAI,11/11/1951,M,F,nichole17@adventure-works.com,"$60,000 ",2,Partial College,Professional,Y
21498,MR.,CAMERON,WILSON,5/6/1951,M,M,cameron47@adventure-works.com,"$60,000 ",2,Partial College,Professional,Y
21499,MRS.,BAILEY,RAMIREZ,10/24/1951,M,F,bailey5@adventure-works.com,"$70,000 ",4,Partial College,Professional,Y
21500,MR.,DEVIN,LONG,2/17/1952,M,M,devin48@adventure-works.com,"$70,000 ",2,Partial High School,Skilled Manual,Y
21501,MR.,DEB,FOSTER,2/3/1952,S,M,deb9@adventure-works.com,"$70,000 ",2,Partial High School,Skilled Manual,Y
21502,MRS.,MORGAN,CLARK,11/25/1952,S,F,morgan40@adventure-works.com,"$60,000 ",2,High School,Professional,Y
21503,MRS.,MELANIE,LONG,6/26/1952,M,F,melanie25@adventure-works.com,"$60,000 ",2,High School,Professional,Y
21504,MRS.,CHLOE,TORRES,4/20/1952,M,F,chloe59@adventure-works.com,"$60,000 ",2,High School,Professional,Y
21505,MR.,RONALD,GONZALEZ,4/20/1957,S,M,ronald21@adventure-works.com,"$110,000 ",2,Partial College,Professional,Y
21506,MR.,RANDALL,GUTIERREZ,10/23/1957,M,M,randall12@adventure-works.com,"$130,000 ",3,Partial College,Professional,Y
21507,MR.,HUNTER,SMITH,1/15/1957,M,M,hunter59@adventure-works.com,"$150,000 ",1,Partial College,Professional,N
21508,MRS.,SUZANNE,LI,3/25/1956,M,F,suzanne4@adventure-works.com,"$120,000 ",3,High School,Professional,Y
21509,MRS.,MICHELE,LOPEZ,11/21/1955,M,F,michele30@adventure-works.com,"$130,000 ",3,Partial College,Professional,Y
21510,MRS.,CAROL,PERRY,12/20/1954,M,F,carol20@adventure-works.com,"$80,000 ",3,Partial College,Professional,N
21511,MR.,RICHARD,SANDERS,2/6/1954,M,M,richard83@adventure-works.com,"$80,000 ",4,Partial College,Professional,Y
21512,MRS.,EMMA,RUSSELL,11/23/1954,M,F,emma65@adventure-works.com,"$80,000 ",4,Partial College,Professional,N
21513,MRS.,STACEY,XU,4/26/1944,M,F,stacey13@adventure-works.com,"$70,000 ",5,High School,Professional,Y
21514,MRS.,KRYSTAL,ZHU,3/11/1944,M,F,krystal14@adventure-works.com,"$110,000 ",3,Bachelors,Management,Y
21516,MR.,LARRY,SERRANO,4/12/1944,M,M,larry19@adventure-works.com,"$130,000 ",3,Bachelors,Management,Y
21517,MR.,GERALD,SUBRAM,10/17/1944,M,M,gerald43@adventure-works.com,"$170,000 ",3,Graduate Degree,Management,Y
21518,MR.,RUBEN,MADAN,11/18/1945,M,M,ruben8@adventure-works.com,"$70,000 ",5,High School,Professional,Y
21519,MR.,FRANKLIN,BECKER,4/8/1945,S,M,franklin37@adventure-works.com,"$100,000 ",2,Bachelors,Management,Y
21520,MR.,SETH,BAKER,7/17/1945,M,M,seth34@adventure-works.com,"$110,000 ",3,Bachelors,Management,Y
21521,MRS.,JOANNA,ROMERO,2/8/1946,S,F,joanna8@adventure-works.com,"$80,000 ",5,Partial College,Professional,N
21522,MRS.,MORGAN,BRYANT,7/11/1946,S,F,morgan87@adventure-works.com,"$90,000 ",5,Partial College,Professional,N
21523,MR.,TIMOTHY,GREEN,8/25/1946,M,M,timothy40@adventure-works.com,"$120,000 ",4,Bachelors,Management,Y
21524,MRS.,FAITH,WOOD,2/11/1953,S,F,faith2@adventure-works.com,"$80,000 ",4,Partial College,Professional,Y
21525,MRS.,VICTORIA,HOWARD,8/13/1953,M,F,victoria38@adventure-works.com,"$80,000 ",4,Partial College,Professional,Y
21526,MR.,JONATHON,MUNOZ,11/7/1953,S,M,jonathon4@adventure-works.com,"$80,000 ",4,Partial College,Professional,Y
21527,MR.,SERGIO,PATEL,9/21/1954,S,M,sergio3@adventure-works.com,"$90,000 ",4,High School,Professional,Y
21528,MR.,JAY,MORENO,5/6/1954,M,M,jay35@adventure-works.com,"$130,000 ",3,Partial College,Professional,Y
21529,MRS.,KRISTI,MARTINEZ,3/4/1953,S,F,kristi35@adventure-works.com,"$100,000 ",3,Bachelors,Management,Y
21530,MRS.,TONI,RAMAN,2/3/1953,M,F,toni12@adventure-works.com,"$100,000 ",3,Bachelors,Management,N
21531,MRS.,KARI,VANCE,2/10/1953,M,F,kari5@adventure-works.com,"$100,000 ",3,Bachelors,Management,Y
21532,MRS.,SIERRA,TURNER,3/25/1953,M,F,sierra4@adventure-works.com,"$120,000 ",2,Bachelors,Management,N
21533,MR.,GILBERT,TANG,6/24/1953,M,M,gilbert25@adventure-works.com,"$130,000 ",0,Partial College,Professional,Y
21534,MR.,WARREN,RAI,4/26/1952,S,M,warren7@adventure-works.com,"$130,000 ",4,High School,Professional,N
21535,MR.,ALFREDO,SANDBERG,7/27/1951,S,M,alfredo21@adventure-works.com,"$80,000 ",4,High School,Professional,Y
21536,MR.,BILLY,RUBIO,2/19/1951,M,M,billy21@adventure-works.com,"$90,000 ",4,High School,Professional,Y
21537,MRS.,GLORIA,NAVARRO,6/8/1951,M,F,gloria10@adventure-works.com,"$90,000 ",4,High School,Professional,N
21538,MRS.,TARA,LUO,4/10/1950,M,F,tara6@adventure-works.com,"$80,000 ",5,High School,Management,Y
21539,MR.,PHILLIP,RAMAN,3/26/1950,M,M,phillip13@adventure-works.com,"$100,000 ",3,Partial College,Management,Y
21540,MR.,ROSS,RUBIO,2/17/1950,S,M,ross39@adventure-works.com,"$150,000 ",4,Bachelors,Management,N
21541,,DAISY,GUTIERREZ,3/26/1950,M,NA,daisy7@adventure-works.com,"$160,000 ",2,Partial College,Management,N
21542,MRS.,PATRICIA,VANCE,5/24/1949,M,F,patricia9@adventure-works.com,"$70,000 ",5,Partial High School,Skilled Manual,N
21543,MRS.,NAOMI,ROMERO,2/2/1949,M,F,naomi9@adventure-works.com,"$80,000 ",5,High School,Management,Y
21544,MR.,GARY,MORENO,4/26/1949,M,M,gary17@adventure-works.com,"$150,000 ",4,High School,Management,Y
21545,MS.,MICHELE,SCHMIDT,10/13/1949,M,F,michele25@adventure-works.com,"$170,000 ",0,High School,Management,Y
21546,MR.,CORY,GARCIA,5/25/1948,M,M,cory13@adventure-works.com,"$90,000 ",4,Partial High School,Skilled Manual,Y
21547,MR.,BRAD,RAJE,5/13/1948,S,M,brad14@adventure-works.com,"$120,000 ",4,High School,Management,Y
21548,MRS.,CHRISTY,CHANDER,9/2/1948,M,F,christy33@adventure-works.com,"$130,000 ",5,High School,Management,Y
21549,MR.,JEROME,RUIZ,3/23/1947,S,M,jerome2@adventure-works.com,"$100,000 ",3,High School,Management,Y
21550,MRS.,KARA,DENG,8/26/1947,M,F,kara2@adventure-works.com,"$100,000 ",3,High School,Management,N
21551,MR.,ELIJAH,BUTLER,8/20/1975,S,M,elijah18@adventure-works.com,"$60,000 ",0,Bachelors,Professional,N
21552,MR.,FRANCIS,ALVAREZ,11/19/1975,M,M,francis2@adventure-works.com,"$80,000 ",0,Bachelors,Professional,N
21553,MR.,ALLEN,SURI,10/17/1975,M,M,allen0@adventure-works.com,"$90,000 ",0,Bachelors,Professional,Y
21554,MS.,MOLLY,RANA,7/24/1973,S,F,molly11@adventure-works.com,"$80,000 ",0,Bachelors,Professional,N
21555,MR.,JARROD,MADAN,3/9/1974,S,M,jarrod7@adventure-works.com,"$90,000 ",0,Bachelors,Professional,Y
21556,MS.,GLORIA,SERRANO,5/27/1974,S,F,gloria17@adventure-works.com,"$90,000 ",0,Bachelors,Professional,N
21557,MS.,KATE,LAL,4/16/1974,S,F,kate7@adventure-works.com,"$110,000 ",0,Partial College,Management,Y
21558,MS.,NICOLE,COLEMAN,12/24/1973,S,F,nicole54@adventure-works.com,"$100,000 ",0,High School,Management,Y
21559,MR.,PEDRO,MALHOTRA,4/7/1973,M,M,pedro5@adventure-works.com,"$100,000 ",0,High School,Management,N
21560,MR.,KRISTOPHER,LOPEZ,9/12/1973,M,M,kristopher15@adventure-works.com,"$120,000 ",0,Partial High School,Professional,Y
21561,MR.,ALBERT,NAVARRO,5/20/1972,S,M,albert12@adventure-works.com,"$90,000 ",0,Bachelors,Professional,N
21562,MR.,DREW,JAI,10/19/1972,S,M,drew12@adventure-works.com,"$100,000 ",0,High School,Management,Y
21563,MS.,CARLA,MEHTA,12/25/1971,S,F,carla16@adventure-works.com,"$80,000 ",0,Bachelors,Professional,Y
21564,MS.,ERICA,LIU,8/1/1971,S,F,erica3@adventure-works.com,"$80,000 ",0,Bachelors,Professional,Y
21565,MS.,SHEENA,SHAN,11/11/1972,M,F,sheena8@adventure-works.com,"$110,000 ",0,High School,Management,Y
21566,MR.,JERMAINE,GARCIA,1/15/1972,M,M,jermaine13@adventure-works.com,"$110,000 ",0,High School,Management,Y
21567,MS.,CANDACE,SANCHEZ,7/13/1971,M,F,candace18@adventure-works.com,"$100,000 ",0,High School,Management,N
21568,MS.,JACQUELYN,HERNANDEZ,11/21/1971,M,F,jacquelyn4@adventure-works.com,"$100,000 ",0,High School,Management,Y
21569,MR.,BRENDAN,RAI,9/14/1970,S,M,brendan15@adventure-works.com,"$90,000 ",0,Bachelors,Professional,Y
21570,MR.,BARRY,KOVÁR,7/2/1970,M,M,barry4@adventure-works.com,"$100,000 ",0,High School,Management,Y
21571,MR.,DARRYL,YANG,4/25/1970,M,M,darryl5@adventure-works.com,"$110,000 ",0,High School,Management,Y
21572,MR.,RANDALL,RAMOS,4/27/1971,M,M,randall19@adventure-works.com,"$130,000 ",0,Bachelors,Management,Y
21573,MR.,JIMMY,MUNOZ,8/3/1969,S,M,jimmy10@adventure-works.com,"$130,000 ",0,Bachelors,Management,Y
21574,MR.,FERNANDO,LEWIS,7/18/1964,M,M,fernando19@adventure-works.com,"$100,000 ",5,Partial College,Professional,Y
21575,MR.,JUSTIN,FOSTER,8/15/1956,M,M,justin13@adventure-works.com,"$80,000 ",3,Partial College,Professional,N
21576,MR.,BENJAMIN,GONZALES,10/12/1956,M,M,benjamin18@adventure-works.com,"$80,000 ",3,Partial College,Professional,N
21577,MRS.,TIFFANY,MA,3/11/1934,M,F,tiffany16@adventure-works.com,"$50,000 ",2,Graduate Degree,Management,Y
21578,MR.,JORDAN,GREEN,4/21/1934,M,M,jordan68@adventure-works.com,"$60,000 ",2,Graduate Degree,Management,Y
21579,MR.,WYATT,JACKSON,11/4/1934,M,M,wyatt12@adventure-works.com,"$60,000 ",2,Graduate Degree,Management,Y
21580,MRS.,MARIAH,WARD,12/28/1963,S,F,mariah37@adventure-works.com,"$80,000 ",4,Partial College,Professional,Y
21581,MRS.,RACHEL,RUSSELL,7/14/1963,M,F,rachel68@adventure-works.com,"$80,000 ",4,Partial College,Professional,Y
21582,MRS.,AMBER,ROBERTS,3/13/1972,M,F,amber3@adventure-works.com,"$50,000 ",1,Graduate Degree,Skilled Manual,Y
21583,MRS.,JACLYN,LAL,4/5/1972,M,F,jaclyn32@adventure-works.com,"$50,000 ",1,Bachelors,Skilled Manual,Y
21584,MR.,GAVIN,BRYANT,2/3/1972,M,M,gavin16@adventure-works.com,"$50,000 ",1,Bachelors,Skilled Manual,Y
21585,MRS.,TRINITY,GRAY,6/18/1972,M,F,trinity5@adventure-works.com,"$50,000 ",1,Bachelors,Skilled Manual,Y
21586,MRS.,STEPHANIE,FOSTER,7/6/1972,M,F,stephanie43@adventure-works.com,"$60,000 ",1,Graduate Degree,Skilled Manual,Y
21587,MRS.,JENNA,ROBERTS,5/28/1972,M,F,jenna3@adventure-works.com,"$60,000 ",1,Graduate Degree,Skilled Manual,Y
21588,MR.,THEODORE,MARTIN,2/3/1972,M,M,theodore0@adventure-works.com,"$60,000 ",1,Graduate Degree,Skilled Manual,Y
21589,MRS.,VANESSA,COLEMAN,3/15/1970,M,F,vanessa6@adventure-works.com,"$50,000 ",1,Bachelors,Skilled Manual,Y
21590,MRS.,TAYLOR,GONZALES,11/7/1970,M,F,taylor41@adventure-works.com,"$40,000 ",1,Bachelors,Skilled Manual,Y
21591,MR.,CLAYTON,GOEL,9/26/1970,M,M,clayton37@adventure-works.com,"$40,000 ",1,Bachelors,Skilled Manual,Y
21592,MRS.,CHRISTINA,REED,3/21/1970,M,F,christina19@adventure-works.com,"$40,000 ",1,Bachelors,Skilled Manual,Y
21593,MR.,MARCUS,ROBERTS,11/1/1969,S,M,marcus41@adventure-works.com,"$50,000 ",2,Bachelors,Skilled Manual,N
21594,MRS.,BRIANNA,MOORE,2/20/1969,M,F,brianna6@adventure-works.com,"$50,000 ",2,Bachelors,Skilled Manual,Y
21595,MR.,JUAN,WARD,10/23/1971,M,M,juan22@adventure-works.com,"$60,000 ",1,Graduate Degree,Professional,Y
21596,MR.,LUKE,WRIGHT,8/3/1971,M,M,luke50@adventure-works.com,"$60,000 ",1,Graduate Degree,Professional,Y
21597,MR.,JOSE,JONES,2/3/1971,M,M,jose59@adventure-works.com,"$70,000 ",3,Graduate Degree,Professional,Y
21598,MRS.,CHLOE,PEREZ,10/14/1969,M,F,chloe9@adventure-works.com,"$60,000 ",1,Graduate Degree,Professional,Y
21599,MRS.,SARA,LOPEZ,12/12/1969,M,F,sara48@adventure-works.com,"$60,000 ",1,Graduate Degree,Professional,Y
21600,MRS.,ALEXA,BELL,5/27/1968,M,F,alexa12@adventure-works.com,"$70,000 ",2,Bachelors,Skilled Manual,Y
21601,,JACQUELINE,BELL,2/20/1968,M,NA,jacqueline38@adventure-works.com,"$70,000 ",2,Bachelors,Skilled Manual,Y
21602,MR.,MANUEL,MALHOTRA,12/25/1968,M,M,manuel3@adventure-works.com,"$70,000 ",2,Bachelors,Skilled Manual,Y
21603,MR.,SETH,BARNES,6/20/1968,M,M,seth51@adventure-works.com,"$70,000 ",2,Bachelors,Skilled Manual,Y
21604,MS.,MELANIE,HOWARD,5/18/1967,S,F,melanie37@adventure-works.com,"$40,000 ",0,Bachelors,Professional,N
21605,MRS.,BRITTNEY,YE,2/25/1970,M,F,brittney8@adventure-works.com,"$60,000 ",2,Graduate Degree,Professional,Y
21606,MR.,CONNOR,ROBERTS,4/11/1970,M,M,connor33@adventure-works.com,"$60,000 ",2,Graduate Degree,Professional,Y
21607,MR.,BRYCE,TORRES,4/12/1970,M,M,bryce4@adventure-works.com,"$60,000 ",2,Graduate Degree,Professional,Y
21608,MR.,DAVID,GRIFFIN,12/6/1970,M,M,david54@adventure-works.com,"$70,000 ",3,Graduate Degree,Professional,Y
21609,MRS.,TABITHA,BLANCO,7/8/1970,S,F,tabitha36@adventure-works.com,"$70,000 ",4,Graduate Degree,Professional,Y
21610,MR.,CALEB,EDWARDS,2/20/1970,M,M,caleb30@adventure-works.com,"$70,000 ",4,Graduate Degree,Professional,Y
21611,MR.,ETHAN,WILSON,3/18/1970,M,M,ethan40@adventure-works.com,"$80,000 ",2,Graduate Degree,Professional,Y
21612,MR.,SPENCER,FOSTER,6/24/1967,S,M,spencer18@adventure-works.com,"$40,000 ",0,Bachelors,Professional,N
21613,MR.,CALEB,POWELL,4/18/1967,S,M,caleb5@adventure-works.com,"$50,000 ",2,Bachelors,Skilled Manual,N
21614,MR.,WILLIAM,THOMAS,8/17/1967,M,M,william26@adventure-works.com,"$50,000 ",2,Bachelors,Skilled Manual,Y
21615,MRS.,GRACE,TORRES,5/19/1967,S,F,grace39@adventure-works.com,"$50,000 ",2,Bachelors,Skilled Manual,N
21616,MR.,CARSON,WOOD,11/6/1966,M,M,carson1@adventure-works.com,"$60,000 ",0,Graduate Degree,Professional,Y
21617,MS.,JENNIFER,MILLER,2/27/1966,S,F,jennifer34@adventure-works.com,"$60,000 ",0,Graduate Degree,Professional,N
21618,MR.,ELIJAH,CARTER,8/20/1966,M,M,elijah38@adventure-works.com,"$70,000 ",4,Graduate Degree,Professional,Y
21619,MRS.,ANGELA,PATTERSON,4/19/1966,S,F,angela13@adventure-works.com,"$70,000 ",4,Graduate Degree,Professional,Y
21620,MRS.,MARIAH,BROOKS,8/6/1969,M,F,mariah1@adventure-works.com,"$60,000 ",2,Graduate Degree,Professional,Y
21622,MR.,ETHAN,WINSTON,5/18/1969,M,M,ethan21@adventure-works.com,"$60,000 ",2,Graduate Degree,Professional,Y
21623,MR.,CONNOR,DIAZ,5/23/1969,M,M,connor16@adventure-works.com,"$70,000 ",5,Graduate Degree,Professional,Y
21624,MRS.,FAITH,PRICE,1/17/1969,S,F,faith1@adventure-works.com,"$70,000 ",5,Graduate Degree,Professional,Y
21625,MRS.,JENNIFER,HALL,8/27/1969,M,F,jennifer51@adventure-works.com,"$70,000 ",5,Graduate Degree,Professional,Y
21627,MRS.,BAILEY,ROBERTS,3/16/1969,M,F,bailey25@adventure-works.com,"$70,000 ",5,Graduate Degree,Professional,Y
21628,MS.,KELLI,XU,8/21/1965,S,F,kelli28@adventure-works.com,"$40,000 ",0,Bachelors,Professional,N
21629,MR.,THOMAS,THOMAS,8/16/1965,S,M,thomas72@adventure-works.com,"$50,000 ",3,Bachelors,Skilled Manual,N
21630,MRS.,FAITH,JENKINS,3/9/1965,M,F,faith6@adventure-works.com,"$50,000 ",3,Bachelors,Skilled Manual,Y
21631,MR.,MARTIN,SANCHEZ,4/19/1965,M,M,martin4@adventure-works.com,"$50,000 ",3,Bachelors,Skilled Manual,Y
21632,MRS.,JACLYN,LIANG,9/6/1965,M,F,jaclyn18@adventure-works.com,"$50,000 ",3,Bachelors,Skilled Manual,Y
21633,MR.,CAMERON,ZHANG,7/17/1965,M,M,cameron19@adventure-works.com,"$50,000 ",3,Bachelors,Skilled Manual,Y
21634,MRS.,ARIANNA,COOK,5/25/1965,M,F,arianna43@adventure-works.com,"$50,000 ",3,Bachelors,Skilled Manual,Y
21635,MR.,CHRISTIAN,LEWIS,3/20/1965,M,M,christian40@adventure-works.com,"$50,000 ",3,Bachelors,Skilled Manual,Y
21636,MRS.,KATHERINE,RIVERA,10/19/1965,M,F,katherine11@adventure-works.com,"$50,000 ",3,Bachelors,Skilled Manual,Y
21637,MR.,RICHARD,LEWIS,4/20/1964,S,M,richard15@adventure-works.com,"$40,000 ",0,Bachelors,Professional,N
21639,MR.,ANTHONY,WILSON,3/26/1964,M,M,anthony16@adventure-works.com,"$60,000 ",4,Bachelors,Skilled Manual,Y
21640,MR.,CHARLES,COOPER,4/7/1964,M,M,charles57@adventure-works.com,"$60,000 ",5,Bachelors,Skilled Manual,N
21641,MRS.,KAYLEE,PEREZ,8/23/1964,M,F,kaylee34@adventure-works.com,"$60,000 ",4,Bachelors,Skilled Manual,Y
21642,MRS.,ALEXANDRA,RODRIGUEZ,6/3/1964,M,F,alexandra84@adventure-works.com,"$60,000 ",4,Bachelors,Skilled Manual,Y
21643,MR.,WYATT,DIAZ,8/15/1964,M,M,wyatt50@adventure-works.com,"$60,000 ",4,Bachelors,Skilled Manual,Y
21644,MRS.,SYDNEY,HOWARD,5/22/1964,M,F,sydney12@adventure-works.com,"$60,000 ",4,Bachelors,Skilled Manual,Y
21645,MR.,SPENCER,ALEXANDER,8/7/1964,M,M,spencer21@adventure-works.com,"$60,000 ",4,Bachelors,Skilled Manual,Y
21646,MR.,LUIS,BRYANT,6/5/1963,M,M,luis17@adventure-works.com,"$70,000 ",4,Bachelors,Professional,Y
21647,MR.,BLAKE,BROWN,2/4/1963,S,M,blake3@adventure-works.com,"$70,000 ",4,Bachelors,Professional,Y
21648,MR.,RONNIE,SUN,10/13/1963,S,M,ronnie11@adventure-works.com,"$70,000 ",4,Bachelors,Professional,Y
21649,MR.,KEITH,NARA,9/8/1963,M,M,keith20@adventure-works.com,"$70,000 ",4,Bachelors,Professional,Y
21650,MR.,CEDRIC,ZENG,11/23/1963,M,M,cedric22@adventure-works.com,"$70,000 ",4,Bachelors,Professional,Y
21651,MR.,SEAN,COOPER,11/13/1963,M,M,sean16@adventure-works.com,"$70,000 ",4,Bachelors,Professional,Y
21652,MRS.,JULIA,BELL,10/3/1963,M,F,julia51@adventure-works.com,"$70,000 ",4,Bachelors,Professional,Y
21653,MR.,JOSE,ANDERSON,1/4/1963,S,M,jose71@adventure-works.com,"$70,000 ",4,Bachelors,Professional,Y
21654,MR.,AIDAN,BARNES,11/27/1963,S,M,aidan3@adventure-works.com,"$70,000 ",4,Bachelors,Professional,Y
21655,MR.,ZACHARY,BRYANT,6/21/1963,M,M,zachary16@adventure-works.com,"$70,000 ",4,Bachelors,Professional,Y
21656,MRS.,HANNAH,HAYES,6/24/1963,M,F,hannah44@adventure-works.com,"$70,000 ",4,Bachelors,Professional,Y
21657,MS.,SARA,GREEN,3/7/1963,S,F,sara41@adventure-works.com,"$70,000 ",0,Bachelors,Professional,N
21658,MRS.,JOCELYN,POWELL,9/18/1963,M,F,jocelyn9@adventure-works.com,"$60,000 ",3,Graduate Degree,Professional,Y
21659,MRS.,GABRIELLE,JENKINS,6/25/1963,M,F,gabrielle29@adventure-works.com,"$60,000 ",3,Graduate Degree,Professional,Y
21660,MRS.,ALLISON,WATSON,7/28/1963,M,F,allison7@adventure-works.com,"$60,000 ",3,Graduate Degree,Professional,Y
21661,MR.,TERRY,CHAMPION,8/18/1978,S,M,terry17@adventure-works.com,"$30,000 ",0,High School,Manual,N
21663,MR.,KENNETH,GOEL,8/16/1972,S,M,kenneth16@adventure-works.com,"$20,000 ",0,Partial High School,Manual,N
21664,MR.,EDWIN,YUAN,2/27/1972,S,M,edwin29@adventure-works.com,"$20,000 ",0,Partial High School,Manual,Y
21665,MR.,KARL,JAI,7/8/1973,S,M,karl12@adventure-works.com,"$30,000 ",0,High School,Manual,N
21666,MRS.,LESLIE,JIMENEZ,7/4/1973,M,F,leslie6@adventure-works.com,"$40,000 ",1,Bachelors,Skilled Manual,Y
21667,MRS.,CRYSTAL,ZHANG,3/28/1973,M,F,crystal2@adventure-works.com,"$40,000 ",1,Bachelors,Skilled Manual,Y
21668,MRS.,CHRISTINA,ROGERS,9/11/1973,M,F,christina18@adventure-works.com,"$40,000 ",1,Bachelors,Skilled Manual,Y
21669,MRS.,JESSICA,RODRIGUEZ,4/3/1973,M,F,jessica68@adventure-works.com,"$40,000 ",1,Bachelors,Skilled Manual,Y
21670,MR.,BENJAMIN,LAL,4/6/1972,S,M,benjamin31@adventure-works.com,"$20,000 ",0,Partial High School,Manual,Y
21671,MR.,NICOLAS,JAI,10/24/1972,S,M,nicolas9@adventure-works.com,"$30,000 ",0,High School,Manual,N
21672,MR.,CRAIG,GOMEZ,5/6/1972,S,M,craig3@adventure-works.com,"$30,000 ",0,High School,Manual,N
21673,MR.,JÉSUS,GILL,7/17/1972,S,M,jésus12@adventure-works.com,"$30,000 ",0,High School,Manual,N
21674,MS.,JADA,MORRIS,3/21/1971,M,F,jada10@adventure-works.com,"$10,000 ",0,Partial High School,Manual,N
21675,MS.,ADRIANA,RANA,2/10/1971,S,F,adriana12@adventure-works.com,"$10,000 ",0,Partial High School,Manual,N
21676,MS.,VALERIE,GUO,7/8/1971,S,F,valerie19@adventure-works.com,"$20,000 ",0,Partial High School,Manual,Y
21677,MR.,CEDRIC,CHANDER,11/25/1971,S,M,cedric34@adventure-works.com,"$20,000 ",0,Partial High School,Manual,N
21678,MR.,ALVIN,TANG,7/12/1971,S,M,alvin26@adventure-works.com,"$20,000 ",0,Partial High School,Manual,N
21679,MR.,DREW,YUAN,10/8/1971,S,M,drew7@adventure-works.com,"$30,000 ",0,High School,Manual,N
21680,MR.,RICKY,TORRES,5/27/1971,S,M,ricky12@adventure-works.com,"$30,000 ",0,High School,Manual,N
21681,MR.,CASEY,ORTEGA,7/1/1971,S,M,casey46@adventure-works.com,"$40,000 ",2,Partial College,Clerical,Y
21682,MRS.,KATRINA,GOEL,9/6/1971,S,F,katrina18@adventure-works.com,"$40,000 ",2,Partial College,Clerical,Y
21683,MR.,HENRY,SURI,2/15/1971,S,M,henry2@adventure-works.com,"$40,000 ",2,Partial College,Clerical,Y
21684,MRS.,MARIAH,BENNETT,10/15/1917,M,F,mariah5@adventure-works.com,"$10,000 ",4,Partial High School,Manual,Y
21685,MRS.,BAILEY,GREEN,7/17/1974,S,F,bailey34@adventure-works.com,"$40,000 ",3,Partial College,Clerical,Y
21686,MR.,ALBERT,ORTEGA,9/17/1974,M,M,albert22@adventure-works.com,"$40,000 ",3,Partial College,Clerical,N
21687,MS.,SARAH,BROWN,1/11/1974,S,F,sarah6@adventure-works.com,"$50,000 ",0,Graduate Degree,Skilled Manual,N
21688,MR.,JESSE,MORRIS,12/17/1930,S,M,jesse19@adventure-works.com,"$70,000 ",5,Graduate Degree,Skilled Manual,Y
21689,MRS.,OLIVIA,SIMMONS,2/4/1931,M,F,olivia60@adventure-works.com,"$40,000 ",1,Graduate Degree,Skilled Manual,Y
21690,MS.,SAMANTHA,THOMAS,7/27/1966,S,F,samantha12@adventure-works.com,"$60,000 ",0,Graduate Degree,Skilled Manual,N
21691,MR.,BRANDON,MARTIN,9/2/1966,S,M,brandon35@adventure-works.com,"$60,000 ",0,Graduate Degree,Skilled Manual,N
21692,MS.,SAVANNAH,WARD,11/6/1966,S,F,savannah11@adventure-works.com,"$60,000 ",0,Graduate Degree,Skilled Manual,N
21693,MS.,ALYSSA,ASHE,7/28/1966,S,F,alyssa9@adventure-works.com,"$60,000 ",0,Graduate Degree,Skilled Manual,N
21694,MR.,BOBBY,SAI,6/21/1966,S,M,bobby4@adventure-works.com,"$60,000 ",0,Graduate Degree,Skilled Manual,N
21695,MR.,ETHAN,RODRIGUEZ,10/6/1966,M,M,ethan38@adventure-works.com,"$60,000 ",0,Graduate Degree,Skilled Manual,Y
21696,MRS.,GABRIELLE,WATSON,5/14/1953,M,F,gabrielle18@adventure-works.com,"$10,000 ",2,High School,Manual,N
21697,MR.,DALTON,POWELL,10/19/1953,M,M,dalton54@adventure-works.com,"$10,000 ",2,High School,Manual,Y
21698,MRS.,TRACY,SHE,7/18/1953,M,F,tracy2@adventure-works.com,"$20,000 ",2,High School,Manual,N
21699,MR.,LOGAN,SHARMA,4/1/1954,M,M,logan3@adventure-works.com,"$40,000 ",1,Partial College,Clerical,Y
21700,MR.,JUAN,RAMIREZ,10/4/1954,M,M,juan17@adventure-works.com,"$40,000 ",1,Partial College,Clerical,Y
21701,MRS.,ABIGAIL,SANDERS,7/8/1955,M,F,abigail24@adventure-works.com,"$30,000 ",1,High School,Clerical,Y
21702,MRS.,PAIGE,GONZALES,2/6/1955,M,F,paige16@adventure-works.com,"$30,000 ",2,High School,Clerical,N
21703,MRS.,PAIGE,BLUE,9/11/1955,M,F,paige38@adventure-works.com,"$30,000 ",2,High School,Clerical,N
21704,MR.,CHARLES,MARTINEZ,4/26/1955,M,M,charles21@adventure-works.com,"$40,000 ",1,Partial College,Clerical,Y
21705,MR.,WARREN,SHARMA,10/10/1956,M,M,warren40@adventure-works.com,"$30,000 ",2,High School,Skilled Manual,N
21706,MRS.,HALEY,MURPHY,12/8/1957,M,F,haley6@adventure-works.com,"$30,000 ",2,High School,Skilled Manual,Y
21707,MRS.,CASSIDY,SIMMONS,2/18/1957,M,F,cassidy16@adventure-works.com,"$30,000 ",2,High School,Skilled Manual,Y
21708,MRS.,ANDREA,BROOKS,2/4/1958,M,F,andrea2@adventure-works.com,"$40,000 ",2,Partial College,Clerical,Y
21709,MRS.,KATHERINE,TORRES,10/9/1958,S,F,katherine17@adventure-works.com,"$40,000 ",2,Partial College,Clerical,Y
21710,MRS.,BRITTANY,GONZALES,11/5/1958,M,F,brittany15@adventure-works.com,"$40,000 ",2,Partial College,Clerical,Y
21711,MRS.,HAILEY,GRAY,11/11/1958,S,F,hailey15@adventure-works.com,"$40,000 ",2,Partial College,Clerical,Y
21712,MRS.,MEGAN,ROSS,6/14/1958,M,F,megan54@adventure-works.com,"$80,000 ",5,Graduate Degree,Skilled Manual,Y
21713,MR.,JOSE,PARKER,12/11/1958,S,M,jose37@adventure-works.com,"$80,000 ",5,Graduate Degree,Skilled Manual,N
21714,MRS.,CARMEN,PATEL,9/9/1958,S,F,carmen7@adventure-works.com,"$80,000 ",5,Graduate Degree,Skilled Manual,N
21715,MR.,JONATHAN,ROSS,5/13/1958,M,M,jonathan3@adventure-works.com,"$80,000 ",5,Graduate Degree,Skilled Manual,Y
21716,MR.,GERALD,SARA,3/2/1958,M,M,gerald40@adventure-works.com,"$80,000 ",4,Graduate Degree,Skilled Manual,N
21717,MR.,ANGEL,KING,7/13/1959,M,M,angel41@adventure-works.com,"$40,000 ",2,Partial College,Clerical,Y
21718,MR.,DEVIN,ROBERTS,11/18/1959,S,M,devin36@adventure-works.com,"$60,000 ",4,Graduate Degree,Skilled Manual,Y
21720,MR.,RAUL,JAI,5/8/1959,S,M,raul10@adventure-works.com,"$60,000 ",4,Graduate Degree,Skilled Manual,N
21721,MRS.,SARA,CAMPBELL,5/25/1959,S,F,sara32@adventure-works.com,"$60,000 ",4,Graduate Degree,Skilled Manual,Y
21722,MR.,SPENCER,WOOD,5/5/1959,M,M,spencer3@adventure-works.com,"$60,000 ",4,Graduate Degree,Skilled Manual,Y
21723,MS.,TIFFANY,HUANG,3/9/1972,M,F,tiffany6@adventure-works.com,"$50,000 ",0,Graduate Degree,Skilled Manual,Y
21724,MS.,MANDY,YANG,9/12/1972,S,F,mandy6@adventure-works.com,"$50,000 ",0,Graduate Degree,Skilled Manual,N
21725,MS.,GABRIELLE,CANNATA,8/21/1972,S,F,gabrielle50@adventure-works.com,"$50,000 ",0,Graduate Degree,Skilled Manual,N
21727,MS.,ARIANNA,FLORES,6/24/1973,M,F,arianna10@adventure-works.com,"$40,000 ",0,Graduate Degree,Skilled Manual,Y
21728,MS.,MADISON,HARRIS,7/9/1973,S,F,madison14@adventure-works.com,"$40,000 ",0,Graduate Degree,Skilled Manual,Y
21729,MRS.,ALEXANDRIA,MORGAN,7/11/1973,S,F,alexandria35@adventure-works.com,"$40,000 ",1,Graduate Degree,Skilled Manual,Y
21730,MR.,NOAH,CAMPBELL,4/20/1973,M,M,noah34@adventure-works.com,"$40,000 ",1,Graduate Degree,Skilled Manual,Y
21731,MRS.,ALEXANDRA,DIAZ,7/25/1973,M,F,alexandra43@adventure-works.com,"$40,000 ",1,Graduate Degree,Skilled Manual,Y
21732,MR.,IAN,JOHNSON,10/24/1972,S,M,ian2@adventure-works.com,"$50,000 ",1,Graduate Degree,Skilled Manual,Y
21733,MR.,IAN,SIMMONS,11/4/1971,S,M,ian55@adventure-works.com,"$60,000 ",1,Graduate Degree,Skilled Manual,Y
21734,MRS.,GRACE,GARCIA,8/2/1971,M,F,grace16@adventure-works.com,"$60,000 ",1,Graduate Degree,Skilled Manual,Y
21735,MRS.,GRACE,DIAZ,4/25/1971,M,F,grace68@adventure-works.com,"$70,000 ",1,Graduate Degree,Skilled Manual,Y
21736,MR.,THOMAS,THOMPSON,4/24/1971,M,M,thomas77@adventure-works.com,"$70,000 ",1,Graduate Degree,Skilled Manual,N
21737,MR.,TIMOTHY,RIVERA,8/19/1962,S,M,timothy18@adventure-works.com,"$10,000 ",1,Graduate Degree,Manual,Y
21738,MR.,FRANCIS,ALONSO,9/18/1962,M,M,francis5@adventure-works.com,"$20,000 ",1,Graduate Degree,Clerical,Y
21739,MR.,DALE,RAI,8/21/1962,S,M,dale15@adventure-works.com,"$20,000 ",1,Graduate Degree,Clerical,Y
21740,MRS.,TAYLOR,WALKER,10/26/1962,M,F,taylor69@adventure-works.com,"$20,000 ",1,Graduate Degree,Clerical,Y
21741,MRS.,ALEXA,SANDERS,6/14/1956,M,F,alexa3@adventure-works.com,"$70,000 ",3,Partial College,Professional,Y
21742,MRS.,KATELYN,COX,11/15/1965,M,F,katelyn9@adventure-works.com,"$90,000 ",4,Partial College,Professional,Y
21743,MRS.,THERESA,RUBIO,10/21/1965,M,F,theresa17@adventure-works.com,"$110,000 ",2,Bachelors,Management,Y
21744,MRS.,EMMA,PERRY,3/18/1965,M,F,emma54@adventure-works.com,"$110,000 ",3,Bachelors,Management,Y
21745,MRS.,ISABEL,FOSTER,8/2/1964,S,F,isabel15@adventure-works.com,"$80,000 ",4,Bachelors,Management,Y
21746,MR.,XAVIER,HERNANDEZ,3/16/1962,M,M,xavier24@adventure-works.com,"$40,000 ",3,High School,Skilled Manual,Y
21747,MR.,DERRICK,MUNOZ,4/16/1962,M,M,derrick7@adventure-works.com,"$70,000 ",1,Bachelors,Professional,Y
21748,MR.,WYATT,HARRIS,10/25/1962,S,M,wyatt14@adventure-works.com,"$70,000 ",1,Bachelors,Professional,N
21749,MRS.,ASHLEY,WILLIAMS,2/25/1942,S,F,ashley2@adventure-works.com,"$50,000 ",4,Bachelors,Management,N
21750,MR.,CARLOS,REED,10/9/1942,M,M,carlos23@adventure-works.com,"$60,000 ",3,Graduate Degree,Management,Y
21751,MR.,LOGAN,JACKSON,11/10/1942,M,M,logan63@adventure-works.com,"$60,000 ",3,Graduate Degree,Management,Y
21752,MR.,RAFAEL,LI,4/4/1942,M,M,rafael3@adventure-works.com,"$60,000 ",3,Graduate Degree,Management,Y
21753,MRS.,MORGAN,ROBINSON,11/22/1942,M,F,morgan39@adventure-works.com,"$70,000 ",5,Bachelors,Management,Y
21754,MRS.,KAITLYN,LOPEZ,10/9/1942,M,F,kaitlyn19@adventure-works.com,"$70,000 ",5,Bachelors,Management,N
21755,MR.,LUCAS,WHITE,3/24/1943,M,M,lucas26@adventure-works.com,"$70,000 ",5,Bachelors,Management,Y
21756,MRS.,ALLISON,CARTER,11/24/1943,M,F,allison33@adventure-works.com,"$80,000 ",5,Bachelors,Management,N
21757,MR.,ELIJAH,WANG,9/12/1943,M,M,elijah26@adventure-works.com,"$80,000 ",5,Bachelors,Management,Y
21758,MRS.,PATRICIA,MALHOTRA,2/22/1944,M,F,patricia10@adventure-works.com,"$40,000 ",4,High School,Professional,Y
21759,MRS.,JENNIFER,MOORE,4/20/1944,M,F,jennifer36@adventure-works.com,"$40,000 ",4,High School,Professional,Y
21760,MRS.,MARGARET,SHE,10/18/1944,M,F,margaret28@adventure-works.com,"$40,000 ",4,High School,Professional,Y
21761,MRS.,MAKAYLA,SANDERS,8/16/1944,S,F,makayla3@adventure-works.com,"$70,000 ",4,Bachelors,Management,Y
21762,MRS.,ANDREA,HERNANDEZ,8/25/1944,M,F,andrea40@adventure-works.com,"$70,000 ",4,Bachelors,Management,Y
21763,MRS.,MADISON,BROWN,9/11/1945,M,F,madison4@adventure-works.com,"$40,000 ",5,High School,Professional,N
21764,MR.,NATHAN,SMITH,4/8/1945,M,M,nathan54@adventure-works.com,"$40,000 ",5,High School,Professional,Y
21765,MR.,NATHANIEL,KELLY,8/15/1945,M,M,nathaniel3@adventure-works.com,"$40,000 ",5,High School,Professional,N
21766,MR.,JESSE,BAKER,5/26/1945,M,M,jesse32@adventure-works.com,"$70,000 ",4,Bachelors,Management,Y
21767,MRS.,MARIAH,RAMIREZ,6/13/1946,M,F,mariah31@adventure-works.com,"$70,000 ",5,Bachelors,Management,Y
21768,MR.,COLE,WATSON,8/22/1946,S,M,cole1@adventure-works.com,"$70,000 ",5,Bachelors,Management,Y
21769,MRS.,MICHELE,RUBIO,4/15/1946,S,F,michele54@adventure-works.com,"$70,000 ",5,Bachelors,Management,N
21770,MR.,BRANDON,THOMAS,8/11/1946,M,M,brandon31@adventure-works.com,"$60,000 ",4,Bachelors,Management,Y
21771,MRS.,SHEENA,SHEN,12/10/1946,M,F,sheena2@adventure-works.com,"$60,000 ",4,Bachelors,Management,Y
21772,MRS.,SARAH,PATTERSON,2/16/1946,M,F,sarah35@adventure-works.com,"$60,000 ",4,Bachelors,Management,Y
21773,MRS.,ALYSSA,ROGERS,6/21/1946,M,F,alyssa27@adventure-works.com,"$60,000 ",4,Bachelors,Management,Y
21775,MR.,SEAN,RAMIREZ,4/23/1947,S,M,sean14@adventure-works.com,"$70,000 ",2,Partial College,Professional,Y
21776,MR.,DANIEL,THOMPSON,9/4/1947,M,M,daniel5@adventure-works.com,"$70,000 ",2,Partial College,Professional,Y
21777,MRS.,EMILY,GONZALES,6/22/1947,M,F,emily42@adventure-works.com,"$70,000 ",2,Partial College,Professional,Y
21778,MR.,LOUIS,SHEN,5/4/1947,M,M,louis19@adventure-works.com,"$70,000 ",2,Partial College,Professional,Y
21779,MR.,MAURICE,BLACK,10/5/1947,S,M,maurice21@adventure-works.com,"$70,000 ",2,Partial College,Professional,Y
21780,MR.,PEDRO,GONZALEZ,2/23/1947,M,M,pedro18@adventure-works.com,"$70,000 ",2,Partial College,Professional,Y
21781,MR.,JARED,RIVERA,6/22/1947,M,M,jared18@adventure-works.com,"$60,000 ",5,Bachelors,Management,Y
21782,MR.,BLAKE,MARTIN,8/16/1948,S,M,blake14@adventure-works.com,"$40,000 ",2,High School,Professional,Y
21783,MRS.,KATE,GOEL,10/19/1948,S,F,kate16@adventure-works.com,"$40,000 ",2,High School,Professional,Y
21784,MRS.,MACKENZIE,HERNANDEZ,10/5/1948,S,F,mackenzie39@adventure-works.com,"$60,000 ",2,Partial College,Professional,Y
21785,MRS.,TABITHA,RODRIGUEZ,5/11/1948,S,F,tabitha16@adventure-works.com,"$60,000 ",2,Partial College,Professional,N
21786,MRS.,ALEXIS,BENNETT,7/2/1948,M,F,alexis23@adventure-works.com,"$60,000 ",2,Bachelors,Management,Y
21787,MRS.,REBECCA,ALLEN,11/15/1948,M,F,rebecca24@adventure-works.com,"$60,000 ",2,Bachelors,Management,Y
21788,MR.,SPENCER,BARNES,5/4/1948,M,M,spencer4@adventure-works.com,"$60,000 ",2,Bachelors,Management,Y
21789,MRS.,LAUREN,GRIFFIN,6/25/1948,M,F,lauren67@adventure-works.com,"$60,000 ",2,Bachelors,Management,Y
21790,MR.,JAMES,DIAZ,2/24/1948,M,M,james37@adventure-works.com,"$60,000 ",2,Bachelors,Management,Y
21791,MR.,RICHARD,PRICE,12/19/1948,M,M,richard56@adventure-works.com,"$70,000 ",4,Bachelors,Management,Y
21792,MRS.,CASSIDY,BUTLER,6/13/1949,M,F,cassidy15@adventure-works.com,"$60,000 ",2,Partial College,Professional,Y
21793,MRS.,KAYLEE,SCOTT,8/24/1949,M,F,kaylee36@adventure-works.com,"$60,000 ",2,Partial College,Professional,Y
21794,MRS.,ALYSSA,JAMES,9/15/1949,M,F,alyssa42@adventure-works.com,"$60,000 ",2,Partial College,Professional,N
21795,MR.,TRISTAN,BENNETT,1/22/1949,S,M,tristan1@adventure-works.com,"$70,000 ",4,Partial College,Professional,Y
21796,,EMMA,WARD,4/10/1950,M,NA,emma39@adventure-works.com,"$40,000 ",2,Partial High School,Skilled Manual,Y
21797,MR.,KELVIN,GAO,9/25/1950,M,M,kelvin33@adventure-works.com,"$60,000 ",2,Partial College,Professional,Y
21798,MRS.,JADE,SANDERS,9/25/1950,M,F,jade2@adventure-works.com,"$60,000 ",2,Partial College,Professional,Y
21799,MR.,ANGEL,COOK,9/27/1950,M,M,angel20@adventure-works.com,"$60,000 ",2,Partial College,Professional,Y
21800,MRS.,HEIDI,RAMAN,9/19/1950,M,F,heidi14@adventure-works.com,"$60,000 ",2,Partial College,Professional,Y
21801,MRS.,KAYLEE,COOPER,10/15/1950,M,F,kaylee14@adventure-works.com,"$70,000 ",4,Partial College,Professional,Y
21802,MR.,LUCAS,ROBERTS,4/20/1950,M,M,lucas5@adventure-works.com,"$80,000 ",3,Bachelors,Management,Y
21803,MRS.,EMILY,THOMAS,9/22/1951,M,F,emily11@adventure-works.com,"$40,000 ",2,Partial High School,Skilled Manual,Y
21804,MRS.,BROOKE,COOK,8/11/1951,M,F,brooke19@adventure-works.com,"$60,000 ",2,High School,Professional,Y
21805,MR.,LUCAS,RUSSELL,4/18/1951,M,M,lucas67@adventure-works.com,"$60,000 ",2,Partial College,Professional,Y
21806,MR.,KELVIN,XIE,2/3/1951,S,M,kelvin0@adventure-works.com,"$60,000 ",2,Partial College,Professional,Y
21807,MRS.,AMANDA,CAMPBELL,11/2/1951,M,F,amanda50@adventure-works.com,"$60,000 ",2,Partial College,Professional,N
21808,MRS.,AMANDA,GREEN,2/20/1951,M,F,amanda57@adventure-works.com,"$60,000 ",2,Partial College,Professional,Y
21809,MRS.,SYDNEY,THOMPSON,10/5/1951,M,F,sydney77@adventure-works.com,"$60,000 ",2,Partial College,Professional,Y
21810,MR.,JUSTIN,MILLER,12/18/1951,M,M,justin37@adventure-works.com,"$70,000 ",4,Partial College,Professional,Y
21811,MRS.,OLIVIA,WILLIAMS,2/12/1952,M,F,olivia2@adventure-works.com,"$70,000 ",2,Partial High School,Skilled Manual,Y
21812,MR.,ADRIAN,BAILEY,1/5/1952,M,M,adrian16@adventure-works.com,"$60,000 ",2,High School,Professional,N
21813,MR.,DALTON,BROWN,9/2/1952,M,M,dalton4@adventure-works.com,"$60,000 ",2,High School,Professional,N
21814,MR.,NOAH,EDWARDS,3/24/1952,M,M,noah28@adventure-works.com,"$60,000 ",2,High School,Professional,Y
21815,MRS.,GABRIELLE,GREEN,5/5/1952,S,F,gabrielle57@adventure-works.com,"$60,000 ",2,High School,Professional,Y
21816,MR.,JACKSON,ROBERTS,7/20/1958,S,M,jackson34@adventure-works.com,"$130,000 ",2,Bachelors,Management,N
21817,MR.,JEROME,CARLSON,4/9/1958,M,M,jerome17@adventure-works.com,"$160,000 ",1,Partial College,Professional,Y
21818,MR.,WILLIE,CHANDER,10/24/1957,M,M,willie35@adventure-works.com,"$110,000 ",2,Partial College,Professional,Y
21819,MRS.,CHLOE,HOWARD,11/2/1957,M,F,chloe57@adventure-works.com,"$110,000 ",2,Partial College,Professional,Y
21820,MRS.,PRISCILLA,NATH,6/11/1957,M,F,priscilla17@adventure-works.com,"$110,000 ",2,Partial College,Professional,Y
21821,MR.,CLAYTON,TANG,5/22/1957,S,M,clayton24@adventure-works.com,"$120,000 ",2,High School,Professional,Y
21822,MR.,GREGORY,YUAN,2/26/1957,S,M,gregory11@adventure-works.com,"$170,000 ",4,Bachelors,Management,N
21823,MRS.,LACEY,SHE,3/9/1956,S,F,lacey36@adventure-works.com,"$120,000 ",3,High School,Professional,Y
21824,MR.,WARREN,SHE,7/3/1956,M,M,warren36@adventure-works.com,"$150,000 ",2,High School,Professional,Y
21825,MR.,RANDY,ZHOU,11/19/1955,M,M,randy10@adventure-works.com,"$110,000 ",3,Partial College,Professional,Y
21826,MRS.,ABIGAIL,RUSSELL,7/10/1955,M,F,abigail45@adventure-works.com,"$120,000 ",2,Partial High School,Professional,Y
21827,MRS.,MALLORY,GUTIERREZ,1/7/1955,M,F,mallory18@adventure-works.com,"$130,000 ",3,Partial College,Professional,Y
21828,MRS.,MEGAN,GONZALES,2/2/1955,S,F,megan65@adventure-works.com,"$130,000 ",3,Partial College,Professional,N
21829,MRS.,CAROLYN,RANA,1/18/1955,M,F,carolyn10@adventure-works.com,"$170,000 ",3,High School,Professional,N
21830,MRS.,BRIANA,ALONSO,10/17/1955,M,F,briana8@adventure-works.com,"$170,000 ",3,High School,Professional,Y
21831,MRS.,YOLANDA,ANAND,9/3/1954,M,F,yolanda21@adventure-works.com,"$80,000 ",3,Partial College,Professional,Y
21832,MR.,PEDRO,GILL,4/27/1944,M,M,pedro34@adventure-works.com,"$80,000 ",5,Bachelors,Management,Y
21833,MR.,TERRANCE,GONZALEZ,6/19/1944,S,M,terrance16@adventure-works.com,"$90,000 ",5,Partial College,Professional,N
21834,MRS.,JILLIAN,MEHTA,8/7/1944,M,F,jillian14@adventure-works.com,"$90,000 ",5,Partial College,Professional,Y
21835,MRS.,SUSAN,SUN,4/22/1944,M,F,susan23@adventure-works.com,"$120,000 ",4,Bachelors,Management,Y
21836,MRS.,KRISTI,RAMAN,7/11/1944,M,F,kristi29@adventure-works.com,"$120,000 ",4,Bachelors,Management,Y
21837,MRS.,MEGAN,ALEXANDER,7/24/1945,M,F,megan66@adventure-works.com,"$80,000 ",5,Partial College,Professional,N
21838,MR.,GERALD,RUIZ,9/2/1945,M,M,gerald10@adventure-works.com,"$90,000 ",5,Partial College,Professional,Y
21839,MR.,BILLY,DIAZ,10/20/1945,M,M,billy4@adventure-works.com,"$110,000 ",3,Bachelors,Management,Y
21840,MRS.,STACEY,MA,11/9/1945,M,F,stacey17@adventure-works.com,"$130,000 ",4,Partial College,Professional,Y
21841,MRS.,LINDSAY,NATH,6/12/1945,M,F,lindsay18@adventure-works.com,"$160,000 ",3,Bachelors,Management,Y
21842,MR.,NEIL,NAVARRO,11/14/1946,M,M,neil9@adventure-works.com,"$100,000 ",3,Bachelors,Management,Y
21843,MRS.,ERICA,HE,10/3/1946,S,F,erica17@adventure-works.com,"$110,000 ",3,Bachelors,Management,Y
21844,MR.,JAMES,LONG,4/7/1954,M,M,james25@adventure-works.com,"$80,000 ",4,Partial College,Professional,Y
21846,MR.,KEVIN,PATTERSON,11/9/1954,M,M,kevin13@adventure-works.com,"$110,000 ",3,Partial College,Professional,Y
21847,MR.,DOMINIC,MADAN,5/26/1954,S,M,dominic7@adventure-works.com,"$130,000 ",4,High School,Professional,N
21848,MR.,JERRY,RAJE,1/27/1953,M,M,jerry15@adventure-works.com,"$130,000 ",4,Partial College,Professional,N
21849,MR.,TODD,CHOW,1/13/1952,M,M,todd4@adventure-works.com,"$80,000 ",4,Partial College,Professional,Y
21851,MR.,STUART,RAILSON,9/7/1951,M,M,stuart3@adventure-works.com,"$90,000 ",4,High School,Professional,Y
21852,MR.,EDUARDO,JOHNSON,8/2/1951,M,M,eduardo1@adventure-works.com,"$90,000 ",4,High School,Professional,Y
21853,MRS.,STACY,GUTIERREZ,1/18/1951,M,F,stacy11@adventure-works.com,"$100,000 ",3,Partial College,Professional,N
21854,MRS.,THERESA,SCHMIDT,3/21/1951,M,F,theresa16@adventure-works.com,"$130,000 ",4,High School,Professional,Y
21855,MS.,PAULA,MARTIN,8/12/1951,M,F,paula3@adventure-works.com,"$170,000 ",0,Partial College,Management,N
21856,MR.,EMMANUEL,SANCHEZ,5/11/1950,M,M,emmanuel18@adventure-works.com,"$120,000 ",4,Partial College,Management,N
21857,MR.,JAY,DOMINGUEZ,1/20/1950,S,M,jay42@adventure-works.com,"$150,000 ",4,Bachelors,Management,N
21858,MR.,CURTIS,LIN,8/15/1949,S,M,curtis7@adventure-works.com,"$160,000 ",4,High School,Management,N
21859,MRS.,MONICA,KIM,8/16/1948,S,F,monica1@adventure-works.com,"$70,000 ",5,Partial High School,Skilled Manual,Y
21860,MRS.,JACQUELYN,GILL,1/11/1948,M,F,jacquelyn14@adventure-works.com,"$80,000 ",5,High School,Management,Y
21861,MRS.,KARI,ROMERO,10/26/1948,M,F,kari29@adventure-works.com,"$90,000 ",4,High School,Management,Y
21862,MRS.,MICHELE,PRASAD,9/4/1948,M,F,michele24@adventure-works.com,"$90,000 ",4,High School,Management,Y
21863,MRS.,SHAWNA,ANAND,8/22/1948,S,F,shawna21@adventure-works.com,"$90,000 ",4,Partial High School,Skilled Manual,Y
21864,MR.,MARTIN,LOPEZ,10/22/1948,S,M,martin21@adventure-works.com,"$100,000 ",3,High School,Management,Y
21865,MRS.,KATHRYN,ANDERSEN,11/22/1948,M,F,kathryn11@adventure-works.com,"$130,000 ",5,High School,Management,Y
21866,MRS.,SHANNON,ZHU,2/21/1947,M,F,shannon13@adventure-works.com,"$80,000 ",5,Partial High School,Skilled Manual,N
21867,MR.,MICHAEL,RUGGIERO,11/14/1947,M,M,michael23@adventure-works.com,"$90,000 ",5,Partial High School,Skilled Manual,Y
21868,MRS.,AIMEE,MA,2/3/1947,M,F,aimee11@adventure-works.com,"$100,000 ",3,High School,Management,Y
21869,MRS.,TINA,PRASAD,10/10/1947,M,F,tina11@adventure-works.com,"$100,000 ",3,Partial High School,Professional,Y
21870,MRS.,JENNY,RAJI,9/4/1947,M,F,jenny44@adventure-works.com,"$130,000 ",5,Partial High School,Professional,Y
21871,MR.,DEVIN,ADAMS,11/5/1976,S,M,devin29@adventure-works.com,"$60,000 ",0,Bachelors,Professional,Y
21872,MS.,ALISHA,LAL,12/1/1975,S,F,alisha33@adventure-works.com,"$60,000 ",0,Bachelors,Professional,N
21873,MS.,KELLIE,NAVARRO,8/3/1975,M,F,kellie8@adventure-works.com,"$70,000 ",0,Bachelors,Professional,Y
21874,MS.,BRANDI,SUAREZ,5/22/1976,M,F,brandi18@adventure-works.com,"$70,000 ",0,Bachelors,Professional,N
21875,MR.,CEDRIC,NARA,8/17/1976,S,M,cedric35@adventure-works.com,"$70,000 ",0,Bachelors,Professional,N
21876,MR.,PHILIP,RUBIO,4/26/1976,S,M,philip20@adventure-works.com,"$70,000 ",0,Bachelors,Professional,N
21877,MR.,CLARENCE,XU,8/13/1976,S,M,clarence19@adventure-works.com,"$80,000 ",0,Bachelors,Professional,Y
21878,MR.,BRYANT,RANA,4/25/1976,M,M,bryant10@adventure-works.com,"$80,000 ",0,Bachelors,Professional,Y
21880,MR.,MARC,GOMEZ,8/20/1974,M,M,marc4@adventure-works.com,"$70,000 ",0,Bachelors,Professional,Y
21881,MS.,NICOLE,LEWIS,10/16/1975,S,F,nicole21@adventure-works.com,"$80,000 ",0,Bachelors,Professional,N
21882,MR.,JAY,RAMOS,9/23/1975,S,M,jay47@adventure-works.com,"$90,000 ",0,Bachelors,Professional,Y
21883,MS.,PATRICIA,KAPOOR,3/7/1974,S,F,patricia6@adventure-works.com,"$70,000 ",0,Bachelors,Professional,N
21884,MS.,TABITHA,GUTIERREZ,7/8/1973,M,F,tabitha31@adventure-works.com,"$80,000 ",0,Bachelors,Professional,Y
21885,MR.,RAFAEL,XU,12/5/1974,S,M,rafael13@adventure-works.com,"$90,000 ",0,Bachelors,Professional,Y
21886,MS.,JILL,CARLSON,5/10/1974,S,F,jill26@adventure-works.com,"$100,000 ",0,High School,Management,Y
21887,MS.,ASHLEY,WHITE,5/12/1972,M,F,ashley13@adventure-works.com,"$80,000 ",0,Bachelors,Professional,N
21888,MR.,EVAN,EDWARDS,9/4/1973,S,M,evan25@adventure-works.com,"$100,000 ",0,High School,Management,Y
21889,MS.,SHEILA,NAVARRO,8/17/1973,M,F,sheila10@adventure-works.com,"$110,000 ",0,Partial College,Management,Y
21890,MS.,TIFFANY,ZENG,2/5/1973,M,F,tiffany23@adventure-works.com,"$120,000 ",0,Partial High School,Professional,Y
21891,MS.,DAWN,NARA,6/23/1972,M,F,dawn41@adventure-works.com,"$110,000 ",0,High School,Management,Y
21892,MS.,JOAN,HERNANDEZ,8/26/1971,M,F,joan15@adventure-works.com,"$100,000 ",0,High School,Management,Y
21893,MS.,BRANDI,HERNANDEZ,6/15/1971,S,F,brandi4@adventure-works.com,"$100,000 ",0,High School,Management,Y
21894,MR.,DAVID,LI,11/13/1970,S,M,david58@adventure-works.com,"$90,000 ",0,Bachelors,Professional,N
21895,MS.,KAYLEE,GONZALEZ,10/9/1970,S,F,kaylee30@adventure-works.com,"$90,000 ",0,Bachelors,Professional,N
21896,MR.,ROY,SUBRAM,7/26/1970,M,M,roy13@adventure-works.com,"$100,000 ",0,High School,Management,Y
21897,MR.,FRANCISCO,SUBRAM,10/20/1971,M,M,francisco14@adventure-works.com,"$110,000 ",0,Partial High School,Professional,N
21898,MR.,DEVON,RAJI,2/5/1971,M,M,devon18@adventure-works.com,"$110,000 ",0,Partial High School,Professional,Y
21899,MS.,MARIE,VAZQUEZ,4/10/1971,M,F,marie38@adventure-works.com,"$110,000 ",0,Partial High School,Professional,Y
21900,MR.,ROBERT,JONES,4/20/1964,S,M,robert87@adventure-works.com,"$80,000 ",4,Partial College,Professional,Y
21901,MRS.,ELIZABETH,TAYLOR,5/24/1964,M,F,elizabeth13@adventure-works.com,"$90,000 ",5,Partial College,Professional,Y
21902,MRS.,NATALIE,JAMES,9/20/1964,S,F,natalie20@adventure-works.com,"$130,000 ",2,Graduate Degree,Management,N
21903,MR.,FERNANDO,JENKINS,7/15/1956,S,M,fernando50@adventure-works.com,"$70,000 ",3,Partial College,Professional,Y
21904,MR.,CHASE,SANDBERG,2/8/1956,M,M,chase4@adventure-works.com,"$70,000 ",4,Partial College,Professional,Y
21905,MR.,PEDRO,HERNANDEZ,9/19/1934,M,M,pedro24@adventure-works.com,"$50,000 ",2,Graduate Degree,Management,Y
21906,MRS.,MIRANDA,SIMMONS,2/5/1934,M,F,miranda15@adventure-works.com,"$50,000 ",2,Graduate Degree,Management,Y
21907,MRS.,JORDAN,HALL,8/20/1934,M,F,jordan51@adventure-works.com,"$60,000 ",2,Graduate Degree,Management,Y
21908,MRS.,ISABEL,HAYES,7/2/1934,M,F,isabel21@adventure-works.com,"$60,000 ",2,Graduate Degree,Management,Y
21909,MRS.,ALLISON,WARD,6/24/1934,M,F,allison11@adventure-works.com,"$160,000 ",1,Bachelors,Management,Y
21910,MS.,REBEKAH,PEREZ,8/17/1974,S,F,rebekah19@adventure-works.com,"$30,000 ",0,Partial College,Clerical,N
21911,MS.,JOAN,ROSS,12/23/1980,S,F,joan8@adventure-works.com,"$20,000 ",0,Partial High School,Manual,N
21912,MS.,COLLEEN,KUMAR,3/21/1980,S,F,colleen32@adventure-works.com,"$20,000 ",0,Partial High School,Manual,Y
21913,MR.,ARTHUR,BLANCO,5/27/1980,S,M,arthur40@adventure-works.com,"$20,000 ",0,Partial High School,Manual,N
21914,MS.,EMILY,BROWN,2/19/1980,S,F,emily4@adventure-works.com,"$20,000 ",0,Partial High School,Manual,N
21915,MR.,TRISTAN,WOOD,5/1/1962,M,M,tristan2@adventure-works.com,"$70,000 ",1,Partial College,Skilled Manual,Y
21916,MR.,JESSE,EVANS,2/8/1961,M,M,jesse24@adventure-works.com,"$40,000 ",4,High School,Skilled Manual,Y
21917,MR.,DALTON,JOHNSON,6/24/1961,M,M,dalton1@adventure-works.com,"$40,000 ",4,High School,Skilled Manual,Y
21918,MRS.,CAROL,SERRANO,11/3/1961,S,F,carol11@adventure-works.com,"$40,000 ",4,High School,Skilled Manual,Y
21919,MRS.,MELISSA,HOWARD,8/7/1961,M,F,melissa33@adventure-works.com,"$60,000 ",1,Partial College,Skilled Manual,Y
21920,MRS.,DESTINY,BENNETT,2/15/1961,M,F,destiny49@adventure-works.com,"$60,000 ",1,Partial College,Skilled Manual,Y
21921,MR.,LUCAS,COLLINS,8/2/1961,M,M,lucas12@adventure-works.com,"$60,000 ",1,Partial College,Skilled Manual,Y
21922,MRS.,BAILEY,WARD,11/23/1961,M,F,bailey9@adventure-works.com,"$60,000 ",1,Partial College,Skilled Manual,Y
21923,MR.,JUSTIN,WILLIAMS,7/20/1961,M,M,justin33@adventure-works.com,"$60,000 ",1,Partial College,Skilled Manual,Y
21924,MR.,EDUARDO,COOK,3/13/1960,M,M,eduardo88@adventure-works.com,"$40,000 ",4,High School,Skilled Manual,Y
21925,MS.,TABITHA,DOMINGUEZ,8/2/1960,S,F,tabitha33@adventure-works.com,"$40,000 ",0,Bachelors,Professional,N
21926,MS.,MELANIE,HENDERSON,7/15/1967,S,F,melanie20@adventure-works.com,"$60,000 ",0,Graduate Degree,Professional,N
21927,MS.,MEREDITH,BROWNING,9/16/1967,S,F,meredith39@adventure-works.com,"$60,000 ",0,Graduate Degree,Professional,N
21928,MR.,KARL,LUO,3/3/1967,S,M,karl6@adventure-works.com,"$60,000 ",0,Graduate Degree,Professional,Y
21929,MS.,KAREN,PERRY,11/19/1967,S,F,karen36@adventure-works.com,"$60,000 ",0,Graduate Degree,Professional,N
21930,MS.,MARISSA,PERRY,7/27/1967,S,F,marissa5@adventure-works.com,"$60,000 ",0,Graduate Degree,Professional,Y
21931,MR.,MARCUS,WOOD,9/20/1960,M,M,marcus51@adventure-works.com,"$60,000 ",1,Partial College,Skilled Manual,N
21932,MR.,LEONARD,KUMAR,12/14/1959,M,M,leonard9@adventure-works.com,"$60,000 ",1,Partial College,Skilled Manual,Y
21933,MRS.,NICOLE,MARTIN,10/3/1959,M,F,nicole15@adventure-works.com,"$60,000 ",4,Bachelors,Professional,Y
21934,MRS.,JENNIFER,COX,6/10/1959,M,F,jennifer64@adventure-works.com,"$60,000 ",4,Bachelors,Professional,Y
21935,MRS.,VICTORIA,SIMMONS,7/28/1959,M,F,victoria62@adventure-works.com,"$60,000 ",4,Bachelors,Professional,N
21936,MRS.,EMMA,REED,12/15/1959,M,F,emma28@adventure-works.com,"$60,000 ",4,Bachelors,Professional,N
21937,MRS.,MORGAN,ROSS,11/27/1959,S,F,morgan73@adventure-works.com,"$60,000 ",4,Bachelors,Professional,Y
21938,,SAVANNAH,HALL,6/13/1959,M,NA,savannah45@adventure-works.com,"$60,000 ",4,Bachelors,Professional,Y
21939,MR.,THOMAS,ROBERTS,3/11/1959,M,M,thomas41@adventure-works.com,"$70,000 ",2,Graduate Degree,Professional,Y
21940,MR.,ALEJANDRO,SHARMA,7/24/1959,M,M,alejandro36@adventure-works.com,"$90,000 ",5,Graduate Degree,Professional,Y
21941,MRS.,GAIL,MOORE,2/19/1958,S,F,gail3@adventure-works.com,"$60,000 ",3,Bachelors,Professional,N
21942,MRS.,JULIA,ROBERTS,9/5/1958,M,F,julia10@adventure-works.com,"$80,000 ",5,Graduate Degree,Professional,Y
21943,MRS.,CINDY,MEHTA,8/8/1969,S,F,cindy14@adventure-works.com,"$80,000 ",4,Graduate Degree,Management,Y
21944,MRS.,DAISY,JIMÉNEZ,9/20/1969,M,F,daisy2@adventure-works.com,"$90,000 ",1,Graduate Degree,Management,Y
21945,MRS.,PEARLIE,RUSEK,2/17/1969,S,F,pearlie0@adventure-works.com,"$90,000 ",1,Graduate Degree,Management,Y
21946,MRS.,MICHELE,DENG,1/3/1969,M,F,michele1@adventure-works.com,"$90,000 ",2,Bachelors,Professional,Y
21947,MRS.,DIANE,ROMERO,10/9/1969,M,F,diane14@adventure-works.com,"$90,000 ",2,Bachelors,Professional,Y
21948,MRS.,ANN,MADAN,4/12/1969,M,F,ann13@adventure-works.com,"$100,000 ",1,Graduate Degree,Management,Y
21949,MR.,CLAYTON,CHAVEZ,9/27/1969,S,M,clayton33@adventure-works.com,"$100,000 ",1,Graduate Degree,Management,N
21950,MR.,ARMANDO,HERNANDEZ,4/5/1969,S,M,armando4@adventure-works.com,"$100,000 ",1,Graduate Degree,Management,Y
21951,MR.,ORLANDO,HERNANDEZ,11/27/1970,S,M,orlando4@adventure-works.com,"$80,000 ",4,Graduate Degree,Management,Y
21952,MRS.,LATASHA,VAZQUEZ,7/6/1968,S,F,latasha14@adventure-works.com,"$70,000 ",5,Bachelors,Professional,Y
21953,MR.,MARVIN,VAZQUEZ,7/22/1967,M,M,marvin15@adventure-works.com,"$70,000 ",5,Bachelors,Professional,N
21954,MRS.,YOLANDA,ANDERSEN,5/24/1967,S,F,yolanda12@adventure-works.com,"$70,000 ",5,Bachelors,Professional,Y
21955,MRS.,JENNY,FERRIER,8/22/1969,S,F,jenny45@adventure-works.com,"$110,000 ",1,Graduate Degree,Management,Y
21956,MR.,JAY,KAPOOR,10/16/1969,S,M,jay7@adventure-works.com,"$120,000 ",1,Graduate Degree,Management,N
21957,MRS.,KATHRYN,SHEN,5/18/1969,M,F,kathryn2@adventure-works.com,"$120,000 ",1,Graduate Degree,Management,Y
21958,MRS.,MALLORY,BLANCO,10/19/1969,S,F,mallory2@adventure-works.com,"$130,000 ",1,Graduate Degree,Management,N
21959,MR.,JIMMY,DOMINGUEZ,7/16/1969,M,M,jimmy16@adventure-works.com,"$130,000 ",1,Graduate Degree,Management,Y
21960,MRS.,DAWN,LIU,2/18/1967,M,F,dawn5@adventure-works.com,"$70,000 ",5,Bachelors,Professional,N
21961,MRS.,CHELSEA,GARCIA,4/20/1967,M,F,chelsea16@adventure-works.com,"$70,000 ",5,Bachelors,Professional,Y
21962,MRS.,KRISTI,SMITH,5/1/1967,S,F,kristi25@adventure-works.com,"$80,000 ",5,Graduate Degree,Management,Y
21963,MRS.,JACQUELYN,SERRANO,8/23/1967,M,F,jacquelyn17@adventure-works.com,"$80,000 ",5,Graduate Degree,Management,Y
21964,MR.,DEVON,NARA,8/3/1967,M,M,devon14@adventure-works.com,"$80,000 ",5,Graduate Degree,Management,Y
21965,MRS.,BETHANY,RAHEEM,8/24/1966,M,F,bethany21@adventure-works.com,"$80,000 ",5,Bachelors,Professional,Y
21966,MR.,ROSS,SAI,10/27/1966,M,M,ross5@adventure-works.com,"$90,000 ",2,Bachelors,Professional,Y
21967,MR.,CHARLES,SANDERS,4/9/1965,M,M,charles50@adventure-works.com,"$60,000 ",2,Bachelors,Professional,Y
21968,MR.,JAIME,DENG,8/4/1968,S,M,jaime25@adventure-works.com,"$70,000 ",0,Bachelors,Professional,N
21969,MS.,LATOYA,DENG,3/25/1968,S,F,latoya1@adventure-works.com,"$70,000 ",0,Bachelors,Professional,N
21970,MRS.,JADA,RIVERA,2/21/1964,S,F,jada8@adventure-works.com,"$60,000 ",3,Bachelors,Professional,Y
21971,MR.,WARREN,SHAN,5/24/1964,M,M,warren41@adventure-works.com,"$60,000 ",4,Bachelors,Professional,Y
21972,MRS.,MANDY,SHE,10/2/1964,M,F,mandy24@adventure-works.com,"$60,000 ",4,Bachelors,Professional,N
21973,MRS.,JANET,VAZQUEZ,2/15/1964,M,F,janet20@adventure-works.com,"$60,000 ",4,Bachelors,Professional,N
21974,MS.,WHITNEY,SURI,2/7/1964,S,F,whitney0@adventure-works.com,"$70,000 ",0,Bachelors,Professional,Y
21975,MR.,ALFREDO,RUIZ,1/5/1963,M,M,alfredo3@adventure-works.com,"$60,000 ",5,Bachelors,Professional,Y
21976,MRS.,JACQUELINE,TORRES,7/1/1963,S,F,jacqueline28@adventure-works.com,"$60,000 ",3,Bachelors,Professional,N
21977,MR.,PHILLIP,MALHOTRA,7/21/1963,S,M,phillip5@adventure-works.com,"$70,000 ",0,Bachelors,Professional,N
21978,MRS.,TRACY,DENG,3/8/1967,M,F,tracy3@adventure-works.com,"$90,000 ",4,Bachelors,Professional,Y
21979,MR.,PHILIP,GUTIERREZ,9/16/1962,M,M,philip11@adventure-works.com,"$60,000 ",1,Bachelors,Professional,Y
21980,MRS.,BETH,MORENO,9/10/1961,S,F,beth9@adventure-works.com,"$60,000 ",1,Bachelors,Professional,Y
21981,MRS.,ISABELLA,HENDERSON,4/11/1961,M,F,isabella16@adventure-works.com,"$60,000 ",1,Bachelors,Professional,Y
21982,MRS.,DEBORAH,LAL,2/25/1961,M,F,deborah13@adventure-works.com,"$60,000 ",1,Partial College,Skilled Manual,Y
21983,MR.,GLENN,LIANG,3/22/1961,M,M,glenn18@adventure-works.com,"$60,000 ",1,Partial College,Skilled Manual,Y
21984,MRS.,KRISTY,SUAREZ,2/19/1960,S,F,kristy17@adventure-works.com,"$60,000 ",1,Partial College,Skilled Manual,Y
21985,MR.,EDDIE,TORRES,10/14/1960,M,M,eddie12@adventure-works.com,"$60,000 ",1,Partial College,Skilled Manual,Y
21986,MRS.,KRISTI,CHAPMAN,6/11/1960,S,F,kristi18@adventure-works.com,"$60,000 ",1,Partial College,Skilled Manual,Y
21987,MR.,THEODORE,DOMINGUEZ,12/4/1965,S,M,theodore13@adventure-works.com,"$70,000 ",0,Bachelors,Professional,Y
21988,MRS.,ALISHA,ZHAO,4/3/1965,M,F,alisha10@adventure-works.com,"$80,000 ",5,Bachelors,Professional,Y
21989,MR.,ERIK,JIMENEZ,4/2/1965,M,M,erik7@adventure-works.com,"$80,000 ",5,Bachelors,Professional,Y
21990,MR.,ALEJANDRO,RAI,3/15/1965,S,M,alejandro42@adventure-works.com,"$80,000 ",5,Bachelors,Professional,Y
21991,MRS.,TERESA,GILL,7/14/1965,M,F,teresa14@adventure-works.com,"$80,000 ",5,Bachelors,Professional,N
21992,MR.,ALEJANDRO,ZHANG,8/27/1965,S,M,alejandro2@adventure-works.com,"$80,000 ",5,Bachelors,Professional,Y
21993,MR.,CRAIG,SANZ,9/20/1964,M,M,craig19@adventure-works.com,"$70,000 ",0,Bachelors,Professional,N
21994,MRS.,NATASHA,RUIZ,3/13/1959,S,F,natasha2@adventure-works.com,"$90,000 ",1,Bachelors,Professional,Y
21995,MRS.,KATHRYN,RAJI,3/22/1962,S,F,kathryn19@adventure-works.com,"$70,000 ",5,Partial College,Skilled Manual,Y
21996,MRS.,AMY,GAO,11/19/1961,M,F,amy21@adventure-works.com,"$60,000 ",1,Partial College,Skilled Manual,Y
21997,MR.,DENNIS,XU,3/14/1958,M,M,dennis13@adventure-works.com,"$80,000 ",5,Bachelors,Professional,Y
21998,MR.,ERIK,HERNANDEZ,11/8/1958,M,M,erik5@adventure-works.com,"$90,000 ",2,Bachelors,Professional,Y
21999,MRS.,JULIA,BARNES,5/13/1958,M,F,julia69@adventure-works.com,"$90,000 ",2,Bachelors,Management,N
22000,MRS.,CYNTHIA,CHANDRA,9/11/1958,M,F,cynthia6@adventure-works.com,"$100,000 ",4,Bachelors,Management,Y
22001,MR.,GREGORY,CHANDER,10/21/1957,S,M,gregory19@adventure-works.com,"$70,000 ",1,Partial College,Skilled Manual,Y
22002,MRS.,KRISTEN,CHEN,8/5/1936,M,F,kristen2@adventure-works.com,"$30,000 ",2,Partial College,Clerical,N
22003,MRS.,JILL,NAVARRO,8/23/1936,M,F,jill17@adventure-works.com,"$40,000 ",2,Bachelors,Management,Y
22004,MRS.,MEGHAN,ORTEGA,8/16/1960,M,F,meghan21@adventure-works.com,"$60,000 ",1,Partial College,Skilled Manual,Y
22005,MRS.,PAMELA,MEHTA,3/3/1960,M,F,pamela17@adventure-works.com,"$70,000 ",5,Partial College,Skilled Manual,N
22006,MR.,JON,NARA,6/20/1960,M,M,jon13@adventure-works.com,"$70,000 ",5,Partial College,Skilled Manual,Y
22007,MS.,KAYLEE,HERNANDEZ,9/13/1976,S,F,kaylee41@adventure-works.com,"$30,000 ",0,High School,Skilled Manual,N
22008,MS.,ALISHA,YE,4/8/1975,S,F,alisha9@adventure-works.com,"$40,000 ",0,High School,Skilled Manual,N
22009,MR.,ROSS,ALVAREZ,2/9/1975,S,M,ross25@adventure-works.com,"$40,000 ",0,High School,Skilled Manual,Y
22010,MR.,HENRY,LOPEZ,7/13/1975,S,M,henry18@adventure-works.com,"$40,000 ",0,High School,Skilled Manual,N
22011,MR.,RICHARD,PATTERSON,11/13/1980,S,M,richard65@adventure-works.com,"$30,000 ",0,High School,Skilled Manual,N
22012,MS.,REGINA,MALHOTRA,6/26/1980,S,F,regina4@adventure-works.com,"$30,000 ",0,High School,Skilled Manual,N
22013,MR.,MARCUS,JENKINS,11/1/1980,S,M,marcus56@adventure-works.com,"$30,000 ",0,High School,Skilled Manual,N
22014,MR.,JOSE,GONZALES,5/19/1980,S,M,jose11@adventure-works.com,"$30,000 ",0,High School,Skilled Manual,Y
22015,MS.,MARY,TURNER,10/15/1980,M,F,mary18@adventure-works.com,"$30,000 ",0,High School,Skilled Manual,Y
22016,MR.,TERRENCE,ANDERSEN,10/22/1980,S,M,terrence13@adventure-works.com,"$30,000 ",0,Partial High School,Clerical,N
22017,MRS.,SHARON,SHE,12/9/1937,M,F,sharon6@adventure-works.com,"$30,000 ",2,Partial College,Clerical,N
22018,MR.,TODD,SUN,5/9/1937,M,M,todd12@adventure-works.com,"$40,000 ",2,Bachelors,Management,Y
22019,MS.,RACHEL,BRYANT,2/23/1978,M,F,rachel66@adventure-works.com,"$40,000 ",0,High School,Skilled Manual,N
22020,MR.,JAIME,SHAN,4/18/1938,M,M,jaime32@adventure-works.com,"$40,000 ",2,Bachelors,Management,Y
22021,MR.,ETHAN,WHITE,9/20/1977,S,M,ethan46@adventure-works.com,"$30,000 ",0,Partial High School,Clerical,N
22022,,CHRISTOPHER,DAVIS,11/4/1977,S,NA,christopher5@adventure-works.com,"$30,000 ",0,Partial High School,Clerical,N
22023,MR.,RAFAEL,CHEN,5/1/1977,S,M,rafael2@adventure-works.com,"$30,000 ",0,Partial High School,Clerical,N
22024,MR.,SAMUEL,CHEN,2/11/1977,S,M,samuel24@adventure-works.com,"$40,000 ",0,High School,Skilled Manual,Y
22025,MS.,RILEY,PETERSON,6/6/1977,S,F,riley24@adventure-works.com,"$40,000 ",0,High School,Skilled Manual,N
22026,MS.,BRIDGET,KENNEDY,4/7/1979,M,F,bridget10@adventure-works.com,"$30,000 ",0,Partial High School,Clerical,N
22027,MR.,FRANKLIN,LUO,6/5/1979,S,M,franklin24@adventure-works.com,"$30,000 ",0,Partial High School,Clerical,N
22028,MRS.,JODI,SHEN,11/22/1939,M,F,jodi2@adventure-works.com,"$30,000 ",2,Partial College,Clerical,N
22029,MRS.,LAURA,GAO,11/3/1939,M,F,laura20@adventure-works.com,"$40,000 ",2,Bachelors,Management,Y
22031,MR.,JORGE,CAI,8/12/1940,M,M,jorge24@adventure-works.com,"$40,000 ",2,Bachelors,Management,Y
22032,MR.,IVAN,FERNANDEZ,9/12/1942,M,M,ivan12@adventure-works.com,"$40,000 ",2,Bachelors,Management,Y
22033,MR.,MARSHALL,ZHAO,6/17/1942,S,M,marshall9@adventure-works.com,"$50,000 ",2,Graduate Degree,Management,Y
22034,MR.,SETH,CLARK,4/3/1976,M,M,seth18@adventure-works.com,"$40,000 ",0,Partial College,Skilled Manual,Y
22035,MR.,RYAN,WILSON,11/9/1976,M,M,ryan46@adventure-works.com,"$40,000 ",0,Partial College,Skilled Manual,Y
22036,MS.,GABRIELLA,HALL,11/1/1975,S,F,gabriella45@adventure-works.com,"$40,000 ",0,High School,Skilled Manual,N
22037,MS.,ANGELA,GONZALES,6/1/1975,M,F,angela20@adventure-works.com,"$40,000 ",0,High School,Skilled Manual,N
22038,MS.,ISABELLA,JACKSON,2/18/1974,S,F,isabella67@adventure-works.com,"$50,000 ",0,Partial College,Skilled Manual,Y
22039,MS.,MARISSA,SIMMONS,3/16/1974,S,F,marissa12@adventure-works.com,"$50,000 ",0,Partial College,Skilled Manual,Y
22040,MR.,DEVIN,BROWN,10/16/1974,M,M,devin4@adventure-works.com,"$50,000 ",0,Partial College,Skilled Manual,N
22041,MS.,PAIGE,MORRIS,5/3/1973,S,F,paige43@adventure-works.com,"$60,000 ",0,Partial College,Skilled Manual,N
22042,MS.,ABIGAIL,BRYANT,8/21/1972,M,F,abigail43@adventure-works.com,"$70,000 ",0,Partial College,Skilled Manual,Y
22043,MS.,TRINITY,COX,8/12/1972,S,F,trinity10@adventure-works.com,"$70,000 ",0,Partial College,Skilled Manual,N
22044,MR.,CONNOR,YOUNG,5/16/1972,S,M,connor46@adventure-works.com,"$80,000 ",0,Bachelors,Management,N
22045,MR.,CAMERON,CHEN,5/7/1968,S,M,cameron21@adventure-works.com,"$80,000 ",0,Bachelors,Management,N
22046,MS.,JASMINE,SANDERS,2/21/1968,S,F,jasmine40@adventure-works.com,"$80,000 ",0,Bachelors,Management,N
22047,MR.,DAVID,GONZALES,12/16/1968,M,M,david50@adventure-works.com,"$90,000 ",4,Bachelors,Management,Y
22048,MRS.,GRACE,WASHINGTON,4/22/1967,M,F,grace61@adventure-works.com,"$100,000 ",1,Bachelors,Management,Y
22049,MR.,ALLEN,PATEL,5/7/1967,S,M,allen3@adventure-works.com,"$130,000 ",0,Graduate Degree,Management,N
22050,MR.,RICHARD,BAILEY,2/18/1968,S,M,richard97@adventure-works.com,"$90,000 ",4,Bachelors,Management,Y
22051,MRS.,LAUREN,ROGERS,12/5/1968,S,F,lauren1@adventure-works.com,"$90,000 ",4,Partial College,Skilled Manual,N
22052,MR.,ZACHARY,BUTLER,5/8/1968,M,M,zachary13@adventure-works.com,"$110,000 ",2,Graduate Degree,Management,Y
22053,MR.,JAIME,GOEL,12/15/1968,S,M,jaime42@adventure-works.com,"$120,000 ",1,Bachelors,Management,N
22054,MR.,RUSSELL,RAJI,8/24/1968,S,M,russell24@adventure-works.com,"$120,000 ",1,Bachelors,Management,Y
22055,MRS.,HANNAH,CLARK,3/5/1968,M,F,hannah17@adventure-works.com,"$120,000 ",1,Bachelors,Management,Y
22056,MR.,ALEX,HOWARD,2/18/1979,M,M,alex15@adventure-works.com,"$40,000 ",0,High School,Skilled Manual,N
22057,MR.,KYLE,ROSS,2/13/1979,S,M,kyle0@adventure-works.com,"$40,000 ",0,High School,Skilled Manual,Y
22058,MR.,JAKE,ZUKOWSKI,11/5/1978,S,M,jake22@adventure-works.com,"$40,000 ",0,High School,Skilled Manual,N
22059,MR.,JONATHAN,JOHNSON,2/9/1978,M,M,jonathan61@adventure-works.com,"$40,000 ",0,High School,Skilled Manual,Y
22060,MR.,EVAN,HILL,11/6/1978,M,M,evan38@adventure-works.com,"$40,000 ",0,Partial College,Skilled Manual,Y
22061,MS.,JENNY,GOEL,9/20/1978,S,F,jenny42@adventure-works.com,"$60,000 ",0,Partial College,Skilled Manual,N
22062,MR.,CAMERON,FLORES,4/28/1978,S,M,cameron7@adventure-works.com,"$60,000 ",0,Partial College,Skilled Manual,N
22063,MRS.,JOANNA,SUAREZ,10/2/1945,M,F,joanna18@adventure-works.com,"$10,000 ",2,Partial High School,Clerical,Y
22064,MR.,LAWRENCE,CARLSON,5/24/1945,M,M,lawrence17@adventure-works.com,"$20,000 ",4,High School,Skilled Manual,Y
22065,MR.,ROY,MARTIN,7/3/1946,M,M,roy22@adventure-works.com,"$20,000 ",4,High School,Skilled Manual,N
22066,MRS.,PAULA,MUNOZ,3/18/1971,M,F,paula10@adventure-works.com,"$70,000 ",1,Graduate Degree,Skilled Manual,Y
22067,MRS.,JULIA,JACKSON,1/18/1971,M,F,julia34@adventure-works.com,"$70,000 ",1,Graduate Degree,Skilled Manual,Y
22068,MR.,SEAN,JAMES,6/15/1963,S,M,sean15@adventure-works.com,"$100,000 ",0,Partial College,Professional,Y
22069,MS.,BAILEY,REED,12/6/1963,S,F,bailey18@adventure-works.com,"$100,000 ",0,Partial College,Professional,Y
22070,MR.,EDUARDO,BROWN,7/2/1963,M,M,eduardo3@adventure-works.com,"$110,000 ",4,Bachelors,Management,Y
22071,MR.,GABRIEL,CARTER,11/20/1963,S,M,gabriel41@adventure-works.com,"$110,000 ",4,Bachelors,Management,N
22072,MR.,DEVIN,RUSSELL,8/4/1963,S,M,devin57@adventure-works.com,"$160,000 ",2,Bachelors,Management,N
22073,MR.,TIMOTHY,SANDERS,12/25/1962,M,M,timothy5@adventure-works.com,"$90,000 ",5,Partial College,Professional,Y
22074,MR.,RICHARD,WASHINGTON,8/15/1962,S,M,richard68@adventure-works.com,"$100,000 ",1,Partial College,Professional,Y
22075,MR.,PEDRO,PATEL,5/15/1962,M,M,pedro3@adventure-works.com,"$110,000 ",1,Bachelors,Management,Y
22076,MR.,NELSON,VAZQUEZ,6/24/1962,M,M,nelson13@adventure-works.com,"$110,000 ",1,Bachelors,Management,Y
22077,MR.,MARVIN,RUBIO,7/10/1962,M,M,marvin21@adventure-works.com,"$110,000 ",1,Bachelors,Management,Y
22078,MR.,WILLIAM,MARTIN,7/8/1962,M,M,william10@adventure-works.com,"$120,000 ",1,Partial College,Professional,Y
22079,MRS.,KATHERINE,PEREZ,10/16/1961,M,F,katherine60@adventure-works.com,"$70,000 ",5,Partial College,Professional,Y
22080,MRS.,CAITLIN,SANCHEZ,12/4/1961,M,F,caitlin21@adventure-works.com,"$70,000 ",5,Partial College,Professional,Y
22081,MRS.,OLIVIA,CLARK,4/7/1961,M,F,olivia18@adventure-works.com,"$100,000 ",3,Partial College,Professional,Y
22082,MR.,LUCAS,BARNES,10/23/1961,S,M,lucas52@adventure-works.com,"$110,000 ",1,Bachelors,Management,Y
22083,MR.,DAVID,FLORES,3/16/1961,M,M,david45@adventure-works.com,"$110,000 ",1,Bachelors,Management,Y
22084,MR.,FRANCIS,GOMEZ,7/7/1961,M,M,francis20@adventure-works.com,"$110,000 ",1,Partial College,Professional,Y
22085,MRS.,TONI,MEHTA,7/13/1961,M,F,toni14@adventure-works.com,"$110,000 ",1,Partial College,Professional,Y
22086,MRS.,CHELSEA,SANCHEZ,11/17/1961,M,F,chelsea22@adventure-works.com,"$110,000 ",1,Partial College,Professional,Y
22087,MRS.,JOAN,COLEMAN,10/16/1961,M,F,joan4@adventure-works.com,"$120,000 ",1,High School,Professional,Y
22088,MRS.,HANNAH,DIAZ,1/19/1961,M,F,hannah43@adventure-works.com,"$130,000 ",1,Bachelors,Management,Y
22089,MR.,MASON,GRAY,3/4/1961,M,M,mason7@adventure-works.com,"$130,000 ",1,Bachelors,Management,Y
22090,MRS.,ALEXANDRA,MILLER,11/20/1955,M,F,alexandra69@adventure-works.com,"$70,000 ",4,High School,Professional,Y
22091,MRS.,KAYLA,GRIFFIN,8/23/1955,M,F,kayla45@adventure-works.com,"$80,000 ",3,Partial College,Professional,Y
22092,MRS.,ANDREA,YOUNG,2/23/1955,M,F,andrea39@adventure-works.com,"$90,000 ",2,High School,Professional,Y
22093,MRS.,SYDNEY,BAKER,6/16/1955,M,F,sydney57@adventure-works.com,"$90,000 ",2,High School,Professional,Y
22094,MR.,JARED,WATSON,6/4/1955,M,M,jared2@adventure-works.com,"$90,000 ",2,High School,Professional,Y
22095,MR.,BRANDON,PERRY,10/15/1955,S,M,brandon5@adventure-works.com,"$90,000 ",2,High School,Professional,Y
22096,MR.,BRYCE,COOPER,1/22/1954,S,M,bryce7@adventure-works.com,"$70,000 ",2,Partial High School,Skilled Manual,Y
22097,MR.,DAVID,ANDERSON,5/8/1935,M,M,david68@adventure-works.com,"$40,000 ",3,Partial College,Professional,Y
22098,MRS.,KATHERINE,BROOKS,10/18/1935,S,F,katherine22@adventure-works.com,"$50,000 ",2,Graduate Degree,Management,N
22099,MR.,JOEL,SCHMIDT,4/23/1935,M,M,joel9@adventure-works.com,"$80,000 ",4,Graduate Degree,Management,Y
22100,MR.,FERNANDO,HALL,3/20/1960,M,M,fernando22@adventure-works.com,"$80,000 ",5,Partial College,Professional,Y
22101,MRS.,CAROL,WHITE,5/12/1960,S,F,carol18@adventure-works.com,"$90,000 ",4,High School,Professional,N
22102,MR.,EDUARDO,COX,2/8/1960,M,M,eduardo79@adventure-works.com,"$100,000 ",0,Partial College,Professional,Y
22103,MRS.,ALEXANDRA,HERNANDEZ,6/25/1960,M,F,alexandra59@adventure-works.com,"$110,000 ",3,Partial College,Professional,N
22104,MR.,RICHARD,ADAMS,1/20/1960,S,M,richard26@adventure-works.com,"$110,000 ",4,Partial College,Professional,Y
22105,MRS.,TAYLOR,COOPER,3/23/1960,M,F,taylor11@adventure-works.com,"$120,000 ",5,High School,Professional,Y
22106,MRS.,OLIVIA,LONG,6/10/1960,M,F,olivia55@adventure-works.com,"$160,000 ",1,Partial College,Professional,Y
22107,MR.,MICHAEL,JONES,10/4/1954,S,M,michael35@adventure-works.com,"$70,000 ",2,Partial High School,Skilled Manual,N
22108,MR.,EDUARDO,POWELL,6/17/1954,S,M,eduardo53@adventure-works.com,"$70,000 ",2,Partial High School,Skilled Manual,N
22109,MR.,JONATHAN,MITCHELL,2/2/1954,M,M,jonathan40@adventure-works.com,"$60,000 ",2,Partial High School,Skilled Manual,N
22110,MR.,EDUARDO,KING,8/8/1954,M,M,eduardo27@adventure-works.com,"$60,000 ",2,Partial High School,Skilled Manual,Y
22111,MRS.,GABRIELLA,KING,11/10/1954,M,F,gabriella43@adventure-works.com,"$60,000 ",2,Partial High School,Skilled Manual,N
22112,MRS.,PAIGE,REED,12/26/1954,M,F,paige45@adventure-works.com,"$60,000 ",3,Partial High School,Skilled Manual,Y
22113,MRS.,KATHERINE,GARCIA,9/14/1953,S,F,katherine87@adventure-works.com,"$70,000 ",3,Graduate Degree,Management,Y
22114,MR.,LUCAS,MARTIN,7/16/1953,M,M,lucas28@adventure-works.com,"$70,000 ",3,Graduate Degree,Management,Y
22115,MR.,DALTON,ROGERS,6/13/1953,M,M,dalton91@adventure-works.com,"$70,000 ",3,Graduate Degree,Management,N
22116,MR.,ROBERT,LOPEZ,11/4/1953,S,M,robert76@adventure-works.com,"$70,000 ",3,Graduate Degree,Management,Y
22117,MRS.,SYDNEY,PEREZ,4/11/1953,M,F,sydney53@adventure-works.com,"$70,000 ",3,Graduate Degree,Management,Y
22118,MRS.,JENNIFER,PARKER,5/20/1953,S,F,jennifer10@adventure-works.com,"$70,000 ",3,Graduate Degree,Management,Y
22119,MRS.,HAILEY,FLORES,10/13/1953,M,F,hailey32@adventure-works.com,"$70,000 ",3,Graduate Degree,Management,Y
22120,MRS.,JENNIFER,PERRY,11/1/1953,M,F,jennifer82@adventure-works.com,"$60,000 ",3,Graduate Degree,Management,Y
22121,MR.,JACKSON,HENDERSON,5/12/1952,M,M,jackson7@adventure-works.com,"$40,000 ",3,Partial College,Professional,N
22122,MRS.,RACHEL,BUTLER,10/25/1952,M,F,rachel62@adventure-works.com,"$40,000 ",3,Partial College,Professional,Y
22123,MRS.,ISABELLA,BAILEY,4/3/1937,S,F,isabella90@adventure-works.com,"$60,000 ",3,Graduate Degree,Management,Y
22124,MRS.,DESIREE,ALONSO,9/5/1937,M,F,desiree4@adventure-works.com,"$60,000 ",3,Graduate Degree,Management,Y
22125,MR.,ZACHARY,GARCIA,2/2/1937,M,M,zachary47@adventure-works.com,"$60,000 ",3,Graduate Degree,Management,Y
22126,MRS.,RACHEL,WARD,8/3/1937,M,F,rachel41@adventure-works.com,"$60,000 ",3,Graduate Degree,Management,N
22127,MR.,MARCUS,THOMPSON,11/9/1938,M,M,marcus16@adventure-works.com,"$60,000 ",3,Graduate Degree,Management,Y
22128,MRS.,MELISSA,PERRY,4/7/1938,M,F,melissa2@adventure-works.com,"$70,000 ",4,Graduate Degree,Management,Y
22129,MRS.,CHLOE,HALL,12/8/1938,M,F,chloe33@adventure-works.com,"$70,000 ",4,Graduate Degree,Management,Y
22130,MR.,XAVIER,BRYANT,8/28/1938,M,M,xavier58@adventure-works.com,"$70,000 ",5,Graduate Degree,Management,Y
22131,MRS.,JESSICA,COOK,7/1/1938,M,F,jessica5@adventure-works.com,"$70,000 ",5,Graduate Degree,Management,Y
22132,MRS.,RACHAEL,MEHTA,2/25/1938,M,F,rachael13@adventure-works.com,"$70,000 ",5,Graduate Degree,Management,Y
22133,MR.,XAVIER,ADAMS,9/23/1938,M,M,xavier29@adventure-works.com,"$80,000 ",4,Graduate Degree,Management,Y
22134,MR.,LEONARD,RAJI,11/10/1939,M,M,leonard23@adventure-works.com,"$60,000 ",3,Graduate Degree,Management,Y
22135,MRS.,JULIA,HERNANDEZ,6/19/1939,M,F,julia15@adventure-works.com,"$70,000 ",5,Graduate Degree,Management,Y
22136,MR.,DEVIN,EVANS,11/14/1939,M,M,devin41@adventure-works.com,"$80,000 ",4,Graduate Degree,Management,Y
22137,MRS.,ELIZABETH,GRIFFIN,3/20/1940,M,F,elizabeth49@adventure-works.com,"$60,000 ",3,Graduate Degree,Management,Y
22138,MRS.,ALEXANDRA,BROOKS,9/11/1940,M,F,alexandra21@adventure-works.com,"$80,000 ",4,Graduate Degree,Management,Y
22139,MR.,JAIME,PAL,5/8/1940,M,M,jaime34@adventure-works.com,"$80,000 ",4,Bachelors,Management,Y
22140,MRS.,MAKAYLA,SANCHEZ,12/22/1941,M,F,makayla19@adventure-works.com,"$50,000 ",4,Bachelors,Management,Y
22142,MR.,NELSON,ALONSO,4/10/1941,M,M,nelson7@adventure-works.com,"$50,000 ",4,Bachelors,Management,Y
22143,MRS.,SUMMER,PRASAD,7/15/1941,M,F,summer8@adventure-works.com,"$50,000 ",4,Bachelors,Management,Y
22144,MR.,ZACHARY,WANG,2/6/1941,M,M,zachary23@adventure-works.com,"$60,000 ",3,Graduate Degree,Management,Y
22145,MR.,EDUARDO,KELLY,6/6/1941,M,M,eduardo69@adventure-works.com,"$60,000 ",3,Graduate Degree,Management,Y
22146,MR.,BENJAMIN,CHEN,10/21/1942,S,M,benjamin27@adventure-works.com,"$50,000 ",4,Bachelors,Management,Y
22147,MR.,BRETT,KAPOOR,4/17/1947,M,M,brett0@adventure-works.com,"$10,000 ",2,Partial High School,Clerical,Y
22148,MRS.,CANDACE,PRASAD,2/25/1947,M,F,candace9@adventure-works.com,"$10,000 ",2,Partial High School,Clerical,Y
22149,MR.,GREGORY,SHEN,9/15/1947,M,M,gregory6@adventure-works.com,"$20,000 ",4,High School,Skilled Manual,Y
22150,MR.,DAMIEN,LIANG,2/25/1947,M,M,damien13@adventure-works.com,"$30,000 ",2,Partial College,Clerical,N
22151,MR.,NEIL,JIMENEZ,7/6/1948,M,M,neil6@adventure-works.com,"$10,000 ",2,Partial High School,Clerical,Y
22152,MR.,MARCUS,KING,2/18/1978,M,M,marcus29@adventure-works.com,"$60,000 ",0,Partial College,Skilled Manual,Y
22153,MS.,ALYSSA,KELLY,8/4/1978,M,F,alyssa45@adventure-works.com,"$70,000 ",0,Partial College,Skilled Manual,N
22154,MS.,YOLANDA,YUAN,1/24/1977,S,F,yolanda6@adventure-works.com,"$40,000 ",0,Partial High School,Clerical,Y
22155,MR.,STEVE,CAI,7/5/1948,M,M,steve24@adventure-works.com,"$20,000 ",2,Partial High School,Clerical,Y
22156,MRS.,JAMIE,ZHENG,3/4/1948,M,F,jamie23@adventure-works.com,"$30,000 ",3,Partial College,Clerical,N
22157,MS.,MARIA,RICHARDSON,11/22/1977,S,F,maria12@adventure-works.com,"$40,000 ",0,Partial High School,Clerical,N
22158,MS.,AMBER,PHILLIPS,2/16/1977,S,F,amber5@adventure-works.com,"$40,000 ",0,Partial High School,Clerical,Y
22159,MR.,DAVID,DAVIS,5/17/1977,S,M,david78@adventure-works.com,"$40,000 ",0,Partial College,Skilled Manual,N
22160,MR.,ALEX,RICHARDSON,12/11/1977,S,M,alex13@adventure-works.com,"$40,000 ",0,Partial College,Skilled Manual,N
22161,MS.,RACHEL,CLARK,10/4/1977,S,F,rachel22@adventure-works.com,"$40,000 ",0,Partial College,Skilled Manual,N
22162,MR.,BRAD,YUAN,4/11/1977,M,M,brad6@adventure-works.com,"$60,000 ",0,Partial College,Skilled Manual,Y
22163,MS.,MORGAN,SCOTT,7/1/1977,S,F,morgan10@adventure-works.com,"$60,000 ",0,Partial College,Skilled Manual,Y
22164,MS.,DESTINY,MORRIS,8/24/1977,S,F,destiny25@adventure-works.com,"$70,000 ",0,Partial College,Skilled Manual,N
22165,MR.,AARON,PEREZ,11/1/1976,M,M,aaron36@adventure-works.com,"$60,000 ",0,Partial College,Skilled Manual,N
22166,MS.,KATHERINE,GRAY,8/28/1976,S,F,katherine18@adventure-works.com,"$60,000 ",0,Partial College,Skilled Manual,N
22167,MRS.,COLLEEN,YANG,3/22/1949,M,F,colleen5@adventure-works.com,"$20,000 ",2,Partial High School,Clerical,Y
22168,MRS.,ERICA,WANG,5/2/1949,M,F,erica1@adventure-works.com,"$30,000 ",3,Partial College,Clerical,N
22169,MRS.,JENNY,LI,12/13/1950,M,F,jenny5@adventure-works.com,"$20,000 ",2,Partial High School,Clerical,Y
22170,MRS.,CYNTHIA,MARTINEZ,9/18/1950,M,F,cynthia23@adventure-works.com,"$30,000 ",3,Partial College,Clerical,N
22171,MRS.,MEREDITH,GONZALEZ,5/10/1951,M,F,meredith18@adventure-works.com,"$30,000 ",3,High School,Skilled Manual,N
22172,MR.,CESAR,SARA,9/9/1951,M,M,cesar9@adventure-works.com,"$30,000 ",3,High School,Skilled Manual,Y
22173,MRS.,BIANCA,CAI,4/20/1952,M,F,bianca18@adventure-works.com,"$30,000 ",3,High School,Skilled Manual,N
22174,MR.,MICAH,LU,5/2/1952,M,M,micah22@adventure-works.com,"$30,000 ",3,High School,Skilled Manual,Y
22175,MRS.,JOY,DOMINGUEZ,11/5/1952,M,F,joy14@adventure-works.com,"$30,000 ",3,High School,Skilled Manual,Y
22176,MR.,ALEJANDRO,YANG,9/10/1953,M,M,alejandro7@adventure-works.com,"$40,000 ",3,Partial College,Skilled Manual,N
22177,MRS.,MEGHAN,SUAREZ,3/25/1953,M,F,meghan18@adventure-works.com,"$40,000 ",3,Partial College,Skilled Manual,N
22178,MRS.,JESSICA,BELL,6/26/1953,M,F,jessica7@adventure-works.com,"$40,000 ",3,Partial College,Skilled Manual,Y
22179,MRS.,ABBY,MEHTA,2/8/1954,M,F,abby11@adventure-works.com,"$40,000 ",3,Partial High School,Clerical,N
22180,MR.,JOE,SRINI,10/14/1954,S,M,joe11@adventure-works.com,"$70,000 ",2,Partial College,Skilled Manual,N
22181,MR.,GARY,ROMERO,10/21/1954,S,M,gary20@adventure-works.com,"$70,000 ",2,Partial College,Skilled Manual,Y
22182,MS.,MADELINE,PARKER,11/4/1975,S,F,madeline7@adventure-works.com,"$40,000 ",0,Partial College,Skilled Manual,N
22183,MR.,BENJAMIN,JONES,10/26/1975,M,M,benjamin35@adventure-works.com,"$40,000 ",0,Partial College,Skilled Manual,Y
22184,MR.,JEREMY,CARTER,7/27/1975,M,M,jeremy13@adventure-works.com,"$60,000 ",0,Partial College,Skilled Manual,Y
22185,MR.,CONNOR,HENDERSON,6/2/1975,M,M,connor1@adventure-works.com,"$60,000 ",0,Partial College,Skilled Manual,Y
22186,MR.,JONATHAN,FOSTER,10/4/1975,S,M,jonathan15@adventure-works.com,"$60,000 ",0,Partial College,Skilled Manual,N
22187,MS.,HANNAH,RUSSELL,6/24/1974,S,F,hannah41@adventure-works.com,"$50,000 ",0,High School,Skilled Manual,Y
22188,MS.,SARAH,BARNES,6/8/1973,M,F,sarah28@adventure-works.com,"$60,000 ",0,Partial College,Skilled Manual,Y
22189,MS.,LINDA,HERNANDEZ,3/3/1973,M,F,linda18@adventure-works.com,"$70,000 ",0,Partial College,Professional,Y
22190,MR.,CARLOS,RICHARDSON,2/18/1976,S,M,carlos11@adventure-works.com,"$60,000 ",0,Partial College,Professional,N
22191,MR.,JACK,ADAMS,2/9/1976,S,M,jack52@adventure-works.com,"$60,000 ",0,Partial College,Professional,Y
22192,MR.,HENRY,ZIMMERMAN,9/11/1976,S,M,henry1@adventure-works.com,"$60,000 ",0,Partial College,Professional,N
22193,MRS.,TONI,GARCIA,11/21/1955,S,F,toni15@adventure-works.com,"$80,000 ",2,High School,Skilled Manual,Y
22194,MR.,BRUCE,SAI,4/22/1955,S,M,bruce4@adventure-works.com,"$80,000 ",2,High School,Skilled Manual,Y
22195,MR.,PHILIP,ROMERO,4/24/1956,M,M,philip9@adventure-works.com,"$80,000 ",2,High School,Skilled Manual,N
22196,MR.,FRANCIS,ROMERO,1/25/1956,S,M,francis6@adventure-works.com,"$80,000 ",2,High School,Skilled Manual,N
22197,MR.,LARRY,DOMINGUEZ,12/14/1956,S,M,larry15@adventure-works.com,"$80,000 ",2,High School,Skilled Manual,N
22198,MR.,FRANK,HERNANDEZ,11/14/1956,M,M,frank34@adventure-works.com,"$80,000 ",2,High School,Skilled Manual,N
22199,MR.,DAVID,LEE,6/8/1956,S,M,david85@adventure-works.com,"$80,000 ",2,High School,Skilled Manual,N
22200,MRS.,MARTHA,YE,3/28/1957,S,F,martha9@adventure-works.com,"$70,000 ",2,High School,Professional,Y
22201,MRS.,LINDSEY,LUO,1/5/1957,M,F,lindsey6@adventure-works.com,"$70,000 ",2,High School,Professional,Y
22202,MR.,ROBERTO,DIAZ,7/6/1957,M,M,roberto2@adventure-works.com,"$70,000 ",2,High School,Professional,Y
22203,MRS.,ALISHA,ZHENG,6/16/1958,M,F,alisha20@adventure-works.com,"$100,000 ",1,Bachelors,Management,Y
22204,MR.,DUSTIN,XIE,6/24/1958,M,M,dustin3@adventure-works.com,"$110,000 ",4,Bachelors,Management,Y
22205,MR.,BOBBY,SAUNDERS,8/10/1958,M,M,bobby6@adventure-works.com,"$110,000 ",4,Bachelors,Management,Y
22206,MRS.,CYNTHIA,RODRIGUEZ,9/3/1958,S,F,cynthia25@adventure-works.com,"$110,000 ",5,Bachelors,Management,Y
22207,MS.,NANCY,SANCHEZ,1/1/1958,S,F,nancy23@adventure-works.com,"$130,000 ",0,Graduate Degree,Management,N
22208,MRS.,CANDICE,LIANG,10/11/1959,M,F,candice0@adventure-works.com,"$110,000 ",4,Bachelors,Management,Y
22209,MR.,CEDRIC,SHEN,1/12/1959,M,M,cedric24@adventure-works.com,"$110,000 ",1,Bachelors,Management,Y
22210,MRS.,MARTHA,YANG,4/7/1959,M,F,martha4@adventure-works.com,"$110,000 ",1,Bachelors,Management,Y
22211,MR.,RICHARD,GRAY,2/24/1974,M,M,richard87@adventure-works.com,"$60,000 ",0,Partial College,Professional,Y
22212,MRS.,KARA,XU,3/7/1959,M,F,kara5@adventure-works.com,"$110,000 ",1,Bachelors,Management,Y
22213,MR.,JAY,PATEL,3/6/1959,S,M,jay9@adventure-works.com,"$110,000 ",1,Bachelors,Management,Y
22214,MRS.,SABRINA,RUIZ,1/5/1959,M,F,sabrina17@adventure-works.com,"$120,000 ",4,Bachelors,Management,Y
22215,MR.,SAMUEL,LAL,12/25/1966,M,M,samuel26@adventure-works.com,"$130,000 ",0,Graduate Degree,Management,Y
22216,MR.,MARCUS,HOWARD,3/15/1966,S,M,marcus87@adventure-works.com,"$150,000 ",0,Bachelors,Management,Y
22217,MR.,DYLAN,POWELL,12/18/1957,M,M,dylan7@adventure-works.com,"$70,000 ",2,Partial High School,Skilled Manual,N
22218,MR.,CHRISTIAN,BRYANT,2/24/1957,M,M,christian5@adventure-works.com,"$60,000 ",2,High School,Professional,N
22219,MRS.,JUHA-PEKKA,POSTI,2/1/1957,M,F,juha-pekka0@adventure-works.com,"$60,000 ",2,High School,Professional,Y
22220,MR.,BRANDON,SHARMA,1/2/1957,M,M,brandon27@adventure-works.com,"$60,000 ",2,High School,Professional,N
22221,MR.,BENJAMIN,KUMAR,10/18/1957,M,M,benjamin30@adventure-works.com,"$60,000 ",2,High School,Professional,N
22222,MR.,ANGEL,HILL,7/24/1957,M,M,angel36@adventure-works.com,"$90,000 ",2,Partial College,Professional,Y
22223,MRS.,GABRIELLE,PARKER,4/11/1957,M,F,gabrielle51@adventure-works.com,"$90,000 ",2,Partial College,Professional,Y
22224,MRS.,KATHERINE,ALEXANDER,3/3/1957,M,F,katherine45@adventure-works.com,"$90,000 ",2,Partial College,Professional,Y
22225,MRS.,JESSICA,MURPHY,3/3/1957,S,F,jessica8@adventure-works.com,"$90,000 ",2,Partial College,Professional,Y
22226,MRS.,MORGAN,SANDERS,10/24/1956,M,F,morgan69@adventure-works.com,"$60,000 ",2,High School,Professional,Y
22227,MRS.,BARBARA,CAI,5/21/1956,M,F,barbara30@adventure-works.com,"$60,000 ",2,High School,Professional,Y
22228,MRS.,KATELYN,GONZALEZ,9/12/1956,M,F,katelyn31@adventure-works.com,"$60,000 ",2,High School,Professional,Y
22229,MR.,WYATT,PERRY,8/8/1956,M,M,wyatt59@adventure-works.com,"$60,000 ",2,High School,Professional,N
22230,MRS.,JORDYN,BENNETT,9/22/1956,M,F,jordyn0@adventure-works.com,"$70,000 ",3,Partial College,Professional,Y
22231,MRS.,GRACE,BROOKS,4/22/1956,M,F,grace45@adventure-works.com,"$70,000 ",3,Partial College,Professional,Y
22232,MRS.,PAIGE,BROOKS,8/18/1972,M,F,paige24@adventure-works.com,"$50,000 ",1,Graduate Degree,Skilled Manual,Y
22233,MR.,XAVIER,MARTIN,4/22/1972,M,M,xavier12@adventure-works.com,"$50,000 ",1,Graduate Degree,Skilled Manual,Y
22234,MRS.,KATHERINE,GONZALEZ,2/8/1972,M,F,katherine65@adventure-works.com,"$50,000 ",1,Graduate Degree,Skilled Manual,Y
22235,MR.,SEBASTIAN,PETERSON,9/11/1972,M,M,sebastian6@adventure-works.com,"$60,000 ",1,Graduate Degree,Professional,Y
22236,MR.,JOSE,GONZALEZ,3/5/1970,M,M,jose44@adventure-works.com,"$40,000 ",1,Bachelors,Skilled Manual,Y
22237,MR.,ANGEL,MORRIS,4/5/1970,M,M,angel17@adventure-works.com,"$40,000 ",1,Bachelors,Skilled Manual,Y
22238,MR.,ALEX,MURPHY,11/18/1970,M,M,alex19@adventure-works.com,"$40,000 ",1,Bachelors,Skilled Manual,Y
22239,MR.,JESSE,COOK,1/5/1970,M,M,jesse22@adventure-works.com,"$40,000 ",1,Bachelors,Skilled Manual,Y
22240,MR.,MIGUEL,POWELL,9/21/1970,M,M,miguel55@adventure-works.com,"$40,000 ",1,Bachelors,Skilled Manual,Y
22241,MRS.,ALEXANDRIA,WASHINGTON,7/2/1970,M,F,alexandria13@adventure-works.com,"$40,000 ",1,Bachelors,Skilled Manual,Y
22242,MR.,CAMERON,WALKER,12/27/1970,M,M,cameron41@adventure-works.com,"$40,000 ",1,Bachelors,Skilled Manual,Y
22243,MRS.,EMMA,LEWIS,3/14/1970,M,F,emma20@adventure-works.com,"$60,000 ",1,Graduate Degree,Professional,Y
22244,MRS.,SHELBY,HOWARD,5/18/1969,M,F,shelby12@adventure-works.com,"$50,000 ",1,Bachelors,Skilled Manual,Y
22245,MR.,EVAN,LOPEZ,5/11/1969,S,M,evan37@adventure-works.com,"$50,000 ",2,Bachelors,Skilled Manual,Y
22246,MRS.,JACQUELINE,COX,3/13/1969,M,F,jacqueline34@adventure-works.com,"$50,000 ",2,Bachelors,Skilled Manual,Y
22247,MR.,RYAN,WILLIAMS,10/7/1969,M,M,ryan41@adventure-works.com,"$50,000 ",2,Bachelors,Skilled Manual,Y
22248,MR.,GARY,RAMOS,10/18/1969,M,M,gary28@adventure-works.com,"$50,000 ",2,Bachelors,Skilled Manual,Y
22249,MR.,KEVIN,CHEN,8/8/1971,M,M,kevin28@adventure-works.com,"$70,000 ",3,Graduate Degree,Professional,Y
22250,MR.,MICHAEL,WILSON,7/23/1971,M,M,michael39@adventure-works.com,"$70,000 ",3,Graduate Degree,Professional,Y
22251,MRS.,MARTHA,SHE,12/19/1970,M,F,martha22@adventure-works.com,"$60,000 ",1,Graduate Degree,Professional,Y
22252,MRS.,MAKAYLA,BROOKS,7/8/1970,S,F,makayla1@adventure-works.com,"$60,000 ",1,Graduate Degree,Professional,Y
22253,MRS.,STEPHANIE,REED,2/6/1970,M,F,stephanie7@adventure-works.com,"$60,000 ",2,Graduate Degree,Professional,Y
22254,MR.,FERNANDO,SCOTT,11/24/1970,M,M,fernando29@adventure-works.com,"$60,000 ",2,Graduate Degree,Professional,Y
22255,MRS.,NICOLE,ROGERS,12/19/1970,M,F,nicole28@adventure-works.com,"$70,000 ",3,Graduate Degree,Professional,Y
22256,MR.,EDWIN,LU,6/7/1970,M,M,edwin12@adventure-works.com,"$70,000 ",4,Graduate Degree,Professional,Y
22257,MRS.,CARRIE,ROMERO,2/6/1970,M,F,carrie9@adventure-works.com,"$70,000 ",4,Graduate Degree,Professional,Y
22258,MRS.,JESSICA,REED,4/20/1970,M,F,jessica4@adventure-works.com,"$70,000 ",4,Graduate Degree,Professional,Y
22259,MR.,DALTON,MITCHELL,11/2/1967,S,M,dalton36@adventure-works.com,"$40,000 ",0,Bachelors,Professional,Y
22260,MRS.,COURTNEY,ALLEN,8/15/1967,M,F,courtney19@adventure-works.com,"$50,000 ",2,Bachelors,Skilled Manual,Y
22261,MR.,ISAAC,ALLEN,3/10/1967,S,M,isaac40@adventure-works.com,"$50,000 ",2,Bachelors,Skilled Manual,Y
22262,MR.,MARCUS,COLLINS,6/5/1967,S,M,marcus48@adventure-works.com,"$50,000 ",2,Bachelors,Skilled Manual,Y
22263,MR.,PATRICK,BLUE,5/27/1966,M,M,patrick19@adventure-works.com,"$60,000 ",3,Bachelors,Skilled Manual,Y
22264,MS.,STEPHANIE,COLEMAN,11/14/1966,S,F,stephanie33@adventure-works.com,"$60,000 ",0,Graduate Degree,Professional,N
22265,MR.,JEREMIAH,SANCHEZ,11/14/1966,M,M,jeremiah45@adventure-works.com,"$70,000 ",0,Graduate Degree,Professional,N
22266,MRS.,RACHEL,SANDERS,12/18/1966,M,F,rachel46@adventure-works.com,"$70,000 ",4,Graduate Degree,Professional,Y
22267,MRS.,BRIANNA,RODRIGUEZ,2/15/1966,M,F,brianna19@adventure-works.com,"$70,000 ",4,Graduate Degree,Professional,Y
22268,MRS.,ALEXANDRA,BARNES,9/22/1969,S,F,alexandra26@adventure-works.com,"$60,000 ",2,Graduate Degree,Professional,Y
22269,MR.,CALEB,YANG,2/17/1969,M,M,caleb23@adventure-works.com,"$70,000 ",5,Graduate Degree,Professional,Y
22270,MR.,ANTONIO,GONZALES,4/15/1969,M,M,antonio17@adventure-works.com,"$80,000 ",2,Graduate Degree,Professional,Y
22271,MR.,CONNOR,MITCHELL,2/24/1969,M,M,connor39@adventure-works.com,"$80,000 ",3,Graduate Degree,Professional,Y
22272,MRS.,ISABELLA,KELLY,3/7/1969,M,F,isabella9@adventure-works.com,"$80,000 ",3,Graduate Degree,Professional,Y
22273,MS.,PATRICIA,RODRIGUEZ,9/8/1965,S,F,patricia21@adventure-works.com,"$40,000 ",0,Bachelors,Professional,Y
22274,MR.,ADAM,CHEN,9/18/1965,S,M,adam22@adventure-works.com,"$40,000 ",0,Bachelors,Professional,Y
22275,MR.,IAN,BAILEY,2/19/1965,S,M,ian83@adventure-works.com,"$40,000 ",0,Bachelors,Professional,N
22276,MS.,GABRIELLA,GRAY,6/7/1965,S,F,gabriella3@adventure-works.com,"$40,000 ",0,Bachelors,Professional,N
22277,MS.,ARIANNA,TORRES,7/25/1965,S,F,arianna25@adventure-works.com,"$40,000 ",0,Bachelors,Professional,N
22278,MRS.,MARIAH,GRAY,12/26/1965,S,F,mariah30@adventure-works.com,"$50,000 ",3,Bachelors,Skilled Manual,Y
22279,MRS.,RILEY,KELLY,11/9/1965,M,F,riley22@adventure-works.com,"$50,000 ",3,Bachelors,Skilled Manual,Y
22280,MR.,LUIS,SCOTT,7/18/1965,M,M,luis45@adventure-works.com,"$50,000 ",3,Bachelors,Skilled Manual,N
22281,MS.,ALEXIA,DIAZ,9/11/1965,M,F,alexia18@adventure-works.com,"$60,000 ",0,Graduate Degree,Professional,Y
22282,MR.,JONATHAN,HUGHES,1/27/1964,S,M,jonathan11@adventure-works.com,"$40,000 ",0,Bachelors,Professional,N
22283,MR.,EDUARDO,DAVIS,7/5/1964,S,M,eduardo4@adventure-works.com,"$60,000 ",4,Bachelors,Skilled Manual,Y
22284,MRS.,KRISTY,SANZ,6/27/1964,S,F,kristy18@adventure-works.com,"$60,000 ",4,Bachelors,Skilled Manual,N
22285,MRS.,MEREDITH,MORENO,11/22/1964,M,F,meredith29@adventure-works.com,"$60,000 ",4,Bachelors,Skilled Manual,Y
22286,MR.,GABRIEL,HUGHES,8/12/1964,M,M,gabriel8@adventure-works.com,"$60,000 ",5,Bachelors,Skilled Manual,Y
22287,MRS.,MEGAN,GRIFFIN,8/18/1964,S,F,megan68@adventure-works.com,"$60,000 ",5,Bachelors,Skilled Manual,Y
22288,MRS.,ISABEL,PATTERSON,11/26/1964,S,F,isabel11@adventure-works.com,"$60,000 ",4,Bachelors,Skilled Manual,N
22289,MR.,THOMAS,LONG,5/14/1964,M,M,thomas11@adventure-works.com,"$60,000 ",4,Bachelors,Skilled Manual,Y
22290,MRS.,JOCELYN,JENKINS,9/21/1963,M,F,jocelyn7@adventure-works.com,"$70,000 ",4,Bachelors,Professional,Y
22291,MR.,CARLOS,MORRIS,2/26/1963,M,M,carlos21@adventure-works.com,"$70,000 ",4,Bachelors,Professional,Y
22292,MRS.,STACY,GOMEZ,3/9/1963,M,F,stacy2@adventure-works.com,"$70,000 ",4,Bachelors,Professional,Y
22293,MRS.,JASMINE,JOHNSON,6/20/1963,M,F,jasmine1@adventure-works.com,"$70,000 ",4,Bachelors,Professional,Y
22294,MS.,RACHEL,BROWN,10/10/1968,S,F,rachel6@adventure-works.com,"$70,000 ",0,Bachelors,Professional,N
22295,MS.,JADE,MORGAN,3/16/1968,S,F,jade10@adventure-works.com,"$70,000 ",0,Bachelors,Professional,Y
22296,MR.,BENJAMIN,JOHNSON,3/23/1968,M,M,benjamin47@adventure-works.com,"$70,000 ",0,Bachelors,Professional,N
22297,MS.,JASMINE,GARCIA,8/19/1968,S,F,jasmine14@adventure-works.com,"$70,000 ",0,Bachelors,Professional,Y
22298,MR.,MARCUS,WILLIAMS,4/20/1968,S,M,marcus2@adventure-works.com,"$70,000 ",0,Bachelors,Professional,N
22299,MR.,RICHARD,MURPHY,12/27/1963,S,M,richard96@adventure-works.com,"$70,000 ",4,Bachelors,Professional,Y
22300,MRS.,KAITLYN,PRICE,3/18/1963,S,F,kaitlyn68@adventure-works.com,"$60,000 ",3,Graduate Degree,Professional,N
22301,MRS.,ABIGAIL,RODRIGUEZ,9/13/1963,M,F,abigail61@adventure-works.com,"$60,000 ",3,Graduate Degree,Professional,Y
22302,MR.,CLAYTON,GUO,1/14/1974,M,M,clayton16@adventure-works.com,"$40,000 ",1,Bachelors,Skilled Manual,Y
22303,MR.,PHILIP,ALONSO,2/21/1972,S,M,philip8@adventure-works.com,"$20,000 ",0,Partial High School,Manual,Y
22304,MS.,JAIME,VAZQUEZ,6/27/1972,S,F,jaime16@adventure-works.com,"$20,000 ",0,Partial High School,Manual,N
22305,MS.,ANNE,CARLSON,11/21/1972,S,F,anne20@adventure-works.com,"$20,000 ",0,Partial High School,Manual,N
22306,MR.,IVAN,KAPOOR,4/11/1973,S,M,ivan1@adventure-works.com,"$30,000 ",0,High School,Manual,N
22307,MRS.,SARAH,ROSS,3/16/1973,M,F,sarah29@adventure-works.com,"$40,000 ",1,Bachelors,Skilled Manual,Y
22308,MRS.,CASSANDRA,LOPEZ,8/22/1973,M,F,cassandra18@adventure-works.com,"$40,000 ",1,Bachelors,Skilled Manual,Y
22309,MRS.,LEAH,ZHOU,7/2/1973,M,F,leah6@adventure-works.com,"$40,000 ",1,Bachelors,Skilled Manual,Y
22310,MS.,CHRISTINA,SANDERS,3/13/1972,S,F,christina2@adventure-works.com,"$20,000 ",0,Partial High School,Manual,N
22311,MR.,BRUCE,SARA,7/4/1972,S,M,bruce9@adventure-works.com,"$30,000 ",0,High School,Manual,N
22312,,KRISTI,MEHTA,8/9/1972,M,NA,kristi31@adventure-works.com,"$40,000 ",1,Bachelors,Skilled Manual,Y
22313,MR.,JARROD,MARTINEZ,6/6/1972,S,M,jarrod16@adventure-works.com,"$40,000 ",2,Partial College,Clerical,Y
22314,MS.,BRANDY,PATEL,11/15/1971,M,F,brandy21@adventure-works.com,"$10,000 ",0,Partial High School,Manual,N
22315,MR.,DARREN,RAMAN,2/28/1971,S,M,darren15@adventure-works.com,"$20,000 ",0,Partial High School,Manual,Y
22316,MS.,DEANNA,SARA,3/21/1971,M,F,deanna14@adventure-works.com,"$20,000 ",0,Partial High School,Manual,N
22317,MS.,KARLA,NATH,5/9/1971,S,F,karla19@adventure-works.com,"$20,000 ",0,Partial High School,Manual,N
22318,MR.,RAMON,XU,3/8/1971,S,M,ramon12@adventure-works.com,"$30,000 ",0,High School,Manual,Y
22319,MR.,JORGE,ZHOU,11/7/1971,S,M,jorge10@adventure-works.com,"$30,000 ",0,High School,Manual,N
22320,MR.,DANNY,GILL,10/28/1971,M,M,danny14@adventure-works.com,"$30,000 ",0,High School,Manual,N
22321,MR.,ALAN,ZENG,1/26/1970,S,M,alan26@adventure-works.com,"$40,000 ",2,Partial College,Clerical,Y
22322,MR.,ROGER,ZHAO,11/15/1971,S,M,roger15@adventure-works.com,"$30,000 ",0,High School,Manual,Y
22323,MRS.,ERICA,LIANG,12/12/1971,S,F,erica16@adventure-works.com,"$40,000 ",2,Partial College,Clerical,Y
22324,MRS.,KARI,GILL,8/9/1971,M,F,kari34@adventure-works.com,"$40,000 ",2,Partial College,Clerical,N
22325,MR.,NOAH,RODRIGUEZ,6/20/1970,S,M,noah67@adventure-works.com,"$40,000 ",2,Partial College,Clerical,Y
22326,MRS.,RILEY,HOWARD,2/23/1975,S,F,riley31@adventure-works.com,"$40,000 ",3,Partial College,Clerical,Y
22327,MR.,JAKE,CAI,11/20/1974,S,M,jake19@adventure-works.com,"$40,000 ",3,Partial College,Clerical,Y
22328,MS.,GRACE,ANDERSON,7/2/1974,S,F,grace9@adventure-works.com,"$50,000 ",0,Graduate Degree,Skilled Manual,Y
22329,MS.,GRACE,PETERSON,1/2/1974,M,F,grace40@adventure-works.com,"$50,000 ",0,Graduate Degree,Skilled Manual,Y
22330,MR.,JOSE,WALKER,4/3/1974,M,M,jose66@adventure-works.com,"$50,000 ",0,Graduate Degree,Skilled Manual,Y
22331,MRS.,MICHELE,YUAN,9/20/1929,M,F,michele7@adventure-works.com,"$20,000 ",2,Partial College,Clerical,N
22332,MRS.,BRITTANY,BENNETT,7/13/1931,M,F,brittany1@adventure-works.com,"$30,000 ",1,Bachelors,Skilled Manual,Y
22333,MRS.,GABRIELLA,WATSON,8/13/1931,M,F,gabriella6@adventure-works.com,"$40,000 ",1,Graduate Degree,Skilled Manual,Y
22334,MR.,JUAN,SERRANO,5/24/1966,M,M,juan4@adventure-works.com,"$60,000 ",0,Graduate Degree,Skilled Manual,Y
22335,MR.,ANTHONY,TAYLOR,11/24/1966,M,M,anthony18@adventure-works.com,"$60,000 ",0,Graduate Degree,Skilled Manual,Y
22336,MR.,FRANK,MORENO,11/4/1966,M,M,frank14@adventure-works.com,"$60,000 ",0,Graduate Degree,Skilled Manual,Y
22337,MRS.,HALEY,JENKINS,4/3/1953,M,F,haley25@adventure-works.com,"$20,000 ",2,High School,Manual,N
22338,MR.,THOMAS,RUSSELL,3/26/1953,M,M,thomas22@adventure-works.com,"$20,000 ",2,High School,Manual,N
22339,MR.,RICHARD,NELSON,11/2/1953,M,M,richard29@adventure-works.com,"$20,000 ",2,High School,Manual,N
22340,MR.,ISAAC,YOUNG,10/2/1953,M,M,isaac39@adventure-works.com,"$20,000 ",2,High School,Manual,N
22341,MR.,TRISTAN,WASHINGTON,11/16/1953,M,M,tristan14@adventure-works.com,"$20,000 ",2,High School,Manual,N
22342,MR.,JON,LAL,10/4/1954,M,M,jon4@adventure-works.com,"$20,000 ",3,Partial High School,Clerical,N
22343,MRS.,BRITTANY,POWELL,7/7/1954,M,F,brittany7@adventure-works.com,"$30,000 ",1,High School,Clerical,Y
22344,MRS.,KRYSTAL,YANG,12/24/1954,M,F,krystal5@adventure-works.com,"$30,000 ",1,High School,Clerical,Y
22345,MRS.,AMANDA,JAMES,7/18/1955,M,F,amanda17@adventure-works.com,"$30,000 ",2,High School,Skilled Manual,Y
22346,MRS.,CATHERINE,HOWARD,4/6/1955,M,F,catherine10@adventure-works.com,"$40,000 ",1,Partial College,Clerical,Y
22347,MRS.,ABIGAIL,LONG,2/17/1956,M,F,abigail34@adventure-works.com,"$30,000 ",2,High School,Skilled Manual,N
22348,MRS.,ZOE,TORRES,7/1/1956,M,F,zoe11@adventure-works.com,"$30,000 ",2,High School,Skilled Manual,Y
22349,MR.,MASON,MORRIS,10/21/1956,M,M,mason17@adventure-works.com,"$30,000 ",2,High School,Skilled Manual,Y
22350,MRS.,RILEY,POWELL,6/6/1956,M,F,riley6@adventure-works.com,"$30,000 ",2,High School,Skilled Manual,Y
22351,MRS.,SARAH,DAVIS,9/12/1956,M,F,sarah7@adventure-works.com,"$30,000 ",2,High School,Skilled Manual,N
22352,MRS.,ELIZABETH,MOORE,12/5/1957,M,F,elizabeth12@adventure-works.com,"$30,000 ",2,High School,Skilled Manual,N
22353,MRS.,AMANDA,ALLEN,3/7/1957,M,F,amanda67@adventure-works.com,"$30,000 ",2,High School,Skilled Manual,Y
22354,MRS.,SARA,KING,3/3/1957,M,F,sara46@adventure-works.com,"$30,000 ",2,High School,Skilled Manual,N
22355,MR.,LOGAN,JONES,4/27/1957,M,M,logan52@adventure-works.com,"$30,000 ",2,High School,Skilled Manual,N
22356,MR.,CHARLES,WARD,2/26/1957,M,M,charles51@adventure-works.com,"$30,000 ",2,High School,Skilled Manual,Y
22357,MR.,JUSTIN,LAL,1/20/1957,M,M,justin26@adventure-works.com,"$30,000 ",2,High School,Skilled Manual,Y
22358,MRS.,SYDNEY,BUTLER,8/8/1957,M,F,sydney36@adventure-works.com,"$40,000 ",1,Partial College,Clerical,Y
22359,MR.,ETHAN,LEE,10/26/1958,S,M,ethan50@adventure-works.com,"$40,000 ",2,Partial College,Clerical,N
22360,MR.,CALEB,COLLINS,1/13/1958,S,M,caleb31@adventure-works.com,"$40,000 ",2,Partial College,Clerical,N
22361,MR.,NATHAN,WHITE,10/21/1958,M,M,nathan70@adventure-works.com,"$40,000 ",2,Partial College,Clerical,Y
22362,MR.,AUSTIN,RUSSELL,11/13/1958,M,M,austin16@adventure-works.com,"$80,000 ",5,Graduate Degree,Skilled Manual,N
22363,MRS.,FAITH,DIAZ,4/21/1958,S,F,faith21@adventure-works.com,"$80,000 ",5,Graduate Degree,Skilled Manual,Y
22364,MRS.,KATHERINE,JENKINS,9/20/1958,M,F,katherine32@adventure-works.com,"$80,000 ",5,Graduate Degree,Skilled Manual,Y
22365,MR.,SEBASTIAN,RICHARDSON,3/2/1958,M,M,sebastian10@adventure-works.com,"$80,000 ",5,Graduate Degree,Skilled Manual,N
22366,MR.,LOGAN,HENDERSON,7/16/1958,M,M,logan7@adventure-works.com,"$80,000 ",4,Graduate Degree,Skilled Manual,N
22367,MRS.,JASMINE,GRIFFIN,10/13/1958,S,F,jasmine60@adventure-works.com,"$80,000 ",4,Graduate Degree,Skilled Manual,Y
22368,MR.,EDWARD,ROSS,3/26/1959,S,M,edward52@adventure-works.com,"$40,000 ",2,Partial College,Clerical,N
22369,MR.,LOUIS,DENG,5/5/1959,M,M,louis18@adventure-works.com,"$60,000 ",4,Graduate Degree,Skilled Manual,Y
22370,MRS.,CAROL,PATTERSON,5/11/1959,S,F,carol25@adventure-works.com,"$60,000 ",4,Graduate Degree,Skilled Manual,Y
22371,MR.,BLAKE,POWELL,10/14/1972,S,M,blake56@adventure-works.com,"$50,000 ",0,Graduate Degree,Skilled Manual,N
22372,MS.,MELANIE,PERRY,8/25/1972,S,F,melanie23@adventure-works.com,"$50,000 ",0,Graduate Degree,Skilled Manual,Y
22373,MS.,GABRIELLE,BELL,9/24/1973,S,F,gabrielle6@adventure-works.com,"$40,000 ",0,Graduate Degree,Skilled Manual,Y
22374,MR.,LUKE,PATTERSON,3/4/1973,M,M,luke29@adventure-works.com,"$40,000 ",0,Graduate Degree,Skilled Manual,Y
22375,MRS.,JASMINE,WILLIAMS,9/26/1973,S,F,jasmine2@adventure-works.com,"$40,000 ",1,Graduate Degree,Skilled Manual,Y
22376,MR.,MARCUS,MARTIN,3/18/1972,S,M,marcus15@adventure-works.com,"$50,000 ",1,Graduate Degree,Skilled Manual,Y
22377,MR.,ROGER,ZENG,3/12/1967,S,M,roger26@adventure-works.com,"$10,000 ",1,Graduate Degree,Manual,Y
22378,MRS.,REBEKAH,MALHOTRA,2/14/1962,S,F,rebekah5@adventure-works.com,"$10,000 ",1,Graduate Degree,Manual,N
22379,MR.,FERNANDO,HAYES,7/17/1962,S,M,fernando64@adventure-works.com,"$10,000 ",1,Graduate Degree,Manual,N
22380,MR.,BRENDAN,NATH,8/23/1962,S,M,brendan16@adventure-works.com,"$10,000 ",1,Graduate Degree,Manual,N
22381,MR.,HUNTER,PATTERSON,3/23/1962,M,M,hunter7@adventure-works.com,"$10,000 ",1,Graduate Degree,Manual,Y
22382,MRS.,BETHANY,XU,11/26/1962,S,F,bethany8@adventure-works.com,"$20,000 ",1,Graduate Degree,Clerical,Y
22383,MR.,DEVIN,JENKINS,2/21/1962,M,M,devin45@adventure-works.com,"$20,000 ",1,Graduate Degree,Clerical,Y
22384,MRS.,PAIGE,SANCHEZ,9/27/1961,S,F,paige42@adventure-works.com,"$10,000 ",1,Bachelors,Manual,Y
22385,MRS.,MISTY,LAL,12/15/1961,M,F,misty10@adventure-works.com,"$20,000 ",1,Graduate Degree,Clerical,Y
22386,,JEROME,GILL,3/15/1935,M,NA,jerome12@adventure-works.com,"$20,000 ",1,Graduate Degree,Clerical,Y
22387,MRS.,AUDREY,ROMERO,11/19/1936,M,F,audrey10@adventure-works.com,"$20,000 ",1,Graduate Degree,Clerical,Y
22388,MR.,BRADLEY,BECK,5/16/1936,M,M,bradley22@adventure-works.com,"$20,000 ",1,Graduate Degree,Clerical,Y
22389,MR.,EDWIN,LUO,9/15/1957,M,M,edwin28@adventure-works.com,"$20,000 ",1,Bachelors,Clerical,Y
22390,MR.,KELVIN,ZHENG,2/2/1957,M,M,kelvin38@adventure-works.com,"$20,000 ",1,Bachelors,Clerical,Y
22391,MRS.,ANGELA,WATSON,6/5/1954,M,F,angela26@adventure-works.com,"$10,000 ",2,Partial College,Manual,Y
22392,MRS.,BAILEY,GRAY,5/14/1954,M,F,bailey4@adventure-works.com,"$10,000 ",2,Partial College,Manual,Y
22394,MRS.,MEAGAN,SURI,6/6/1937,S,F,meagan0@adventure-works.com,"$20,000 ",1,Graduate Degree,Clerical,N
22395,MR.,JERMAINE,PATEL,5/25/1938,S,M,jermaine2@adventure-works.com,"$20,000 ",1,Bachelors,Clerical,Y
22396,MRS.,REBEKAH,PATEL,8/28/1941,S,F,rebekah3@adventure-works.com,"$30,000 ",1,Bachelors,Clerical,Y
22397,,MARIE,PATEL,8/5/1942,M,NA,marie7@adventure-works.com,"$10,000 ",2,Partial College,Manual,Y
22398,MRS.,SHEILA,MORENO,3/12/1942,M,F,sheila6@adventure-works.com,"$20,000 ",1,Partial College,Manual,Y
22399,MR.,ARTHUR,FERNANDEZ,1/6/1980,S,M,arthur18@adventure-works.com,"$10,000 ",0,Partial College,Manual,Y
22400,MR.,RUBEN,MARTIN,5/19/1980,M,M,ruben23@adventure-works.com,"$10,000 ",0,Partial College,Manual,N
22401,MR.,IAN,PRICE,1/8/1980,M,M,ian40@adventure-works.com,"$10,000 ",0,Partial College,Manual,Y
22402,MR.,CLARENCE,XIE,9/10/1980,M,M,clarence18@adventure-works.com,"$10,000 ",0,Partial College,Manual,Y
22403,MR.,CEDRIC,BECK,2/21/1979,M,M,cedric38@adventure-works.com,"$10,000 ",0,Partial College,Manual,Y
22404,MS.,MARGARET,XU,11/6/1980,S,F,margaret18@adventure-works.com,"$10,000 ",0,Partial College,Manual,N
22405,MR.,LEONARD,BECKER,9/21/1978,M,M,leonard22@adventure-works.com,"$10,000 ",0,Partial College,Manual,Y
22406,MR.,KELVIN,SHEN,11/12/1977,M,M,kelvin44@adventure-works.com,"$10,000 ",0,High School,Manual,Y
22407,MRS.,CAROLYN,GONZALEZ,10/19/1979,M,F,carolyn18@adventure-works.com,"$10,000 ",1,High School,Manual,Y
22408,MR.,CLARENCE,SHAN,9/6/1979,S,M,clarence25@adventure-works.com,"$10,000 ",1,High School,Manual,N
22409,MS.,CANDACE,MADAN,8/15/1979,S,F,candace7@adventure-works.com,"$20,000 ",0,Bachelors,Clerical,Y
22410,MS.,CASSANDRA,ARTHUR,8/16/1978,S,F,cassandra7@adventure-works.com,"$20,000 ",0,Bachelors,Clerical,N
22411,MS.,AMY,HE,11/5/1978,S,F,amy25@adventure-works.com,"$20,000 ",0,Bachelors,Clerical,N
22412,MR.,DREW,ANDERSEN,10/4/1977,M,M,drew14@adventure-works.com,"$20,000 ",0,Bachelors,Clerical,N
22413,MRS.,KRISTI,DIAZ,12/27/1943,M,F,kristi43@adventure-works.com,"$20,000 ",1,Partial College,Manual,Y
22414,MR.,EUGENE,WU,8/8/1943,S,M,eugene11@adventure-works.com,"$20,000 ",2,Partial College,Manual,N
22415,MRS.,NATALIE,PHILLIPS,1/16/1943,S,F,natalie49@adventure-works.com,"$30,000 ",1,Bachelors,Clerical,N
22416,MRS.,TABITHA,ROMERO,10/3/1943,M,F,tabitha29@adventure-works.com,"$30,000 ",1,Bachelors,Clerical,N
22417,MR.,SHAUN,GOEL,11/10/1961,M,M,shaun19@adventure-works.com,"$20,000 ",1,Partial College,Manual,Y
22418,MR.,JACOB,SMITH,8/26/1961,M,M,jacob1@adventure-works.com,"$30,000 ",4,Graduate Degree,Clerical,Y
22419,MR.,DAMIEN,XU,5/3/1959,S,M,damien22@adventure-works.com,"$10,000 ",1,High School,Manual,N
22420,MR.,RICHARD,MOORE,10/28/1959,S,M,richard48@adventure-works.com,"$10,000 ",1,High School,Manual,N
22421,MRS.,BARBARA,SHARMA,10/11/1959,S,F,barbara41@adventure-works.com,"$20,000 ",2,Partial College,Manual,N
22422,MRS.,NICHOLE,BLACK,12/5/1959,M,F,nichole20@adventure-works.com,"$30,000 ",3,Graduate Degree,Clerical,N
22423,MR.,BYRON,HERNANDEZ,2/15/1958,S,M,byron3@adventure-works.com,"$20,000 ",2,Partial College,Manual,N
22424,MR.,EDWIN,RAI,4/21/1958,S,M,edwin40@adventure-works.com,"$20,000 ",2,Partial College,Manual,Y
22425,MR.,ROY,SULLIVAN,10/7/1958,S,M,roy39@adventure-works.com,"$20,000 ",2,Partial College,Manual,N
22426,MRS.,HEATHER,ZHU,8/11/1960,M,F,heather13@adventure-works.com,"$30,000 ",3,Graduate Degree,Clerical,Y
22427,MR.,WILLIE,SHARMA,4/15/1960,S,M,willie28@adventure-works.com,"$30,000 ",3,Bachelors,Clerical,N
22428,MRS.,DESTINY,SMITH,9/26/1960,S,F,destiny0@adventure-works.com,"$30,000 ",3,Bachelors,Clerical,N
22429,MR.,JESSE,REED,11/14/1960,M,M,jesse21@adventure-works.com,"$30,000 ",3,Bachelors,Clerical,Y
22430,MR.,BRAD,CHANDE,3/5/1960,S,M,brad15@adventure-works.com,"$40,000 ",3,Graduate Degree,Clerical,N
22431,MRS.,MARIE,DOMINGUEZ,6/8/1970,S,F,marie36@adventure-works.com,"$10,000 ",1,High School,Manual,N
22432,MRS.,BRIDGET,XIE,8/11/1970,S,F,bridget4@adventure-works.com,"$10,000 ",2,High School,Manual,Y
22433,MR.,MIGUEL,HILL,8/15/1970,S,M,miguel29@adventure-works.com,"$20,000 ",0,Partial College,Manual,N
22434,MR.,BILLY,SCHMIDT,9/1/1970,S,M,billy20@adventure-works.com,"$20,000 ",0,Partial College,Manual,N
22435,MR.,ROSS,NAVARRO,6/22/1969,S,M,ross28@adventure-works.com,"$10,000 ",2,High School,Manual,Y
22436,MR.,ROGER,RAJI,9/23/1970,S,M,roger49@adventure-works.com,"$30,000 ",0,Bachelors,Clerical,Y
22437,MS.,TRISHA,ZHENG,1/27/1970,S,F,trisha14@adventure-works.com,"$40,000 ",0,Graduate Degree,Clerical,N
22438,MR.,CASEY,JIMÉNEZ,6/10/1969,S,M,casey29@adventure-works.com,"$20,000 ",0,Partial College,Manual,N
22439,MS.,TRACY,RAJI,1/2/1969,M,F,tracy20@adventure-works.com,"$30,000 ",0,Bachelors,Clerical,Y
22440,MS.,ROBYN,SANZ,5/20/1969,S,F,robyn16@adventure-works.com,"$30,000 ",0,Bachelors,Clerical,N
22441,MRS.,ANDREA,TORRES,2/20/1969,S,F,andrea14@adventure-works.com,"$30,000 ",1,Bachelors,Clerical,Y
22442,MRS.,TRISHA,SUN,6/14/1969,S,F,trisha8@adventure-works.com,"$30,000 ",1,Bachelors,Clerical,Y
22444,MR.,COLIN,XIE,2/27/1969,S,M,colin26@adventure-works.com,"$40,000 ",0,Graduate Degree,Clerical,N
22445,MS.,DIANE,SUAREZ,4/3/1969,S,F,diane24@adventure-works.com,"$40,000 ",0,Graduate Degree,Clerical,N
22446,MR.,JAKE,WU,10/20/1969,S,M,jake7@adventure-works.com,"$40,000 ",0,Graduate Degree,Clerical,N
22447,MS.,TARA,SHAN,4/13/1969,M,F,tara10@adventure-works.com,"$40,000 ",0,Graduate Degree,Clerical,Y
22448,MS.,CINDY,WEBER,10/10/1969,S,F,cindy4@adventure-works.com,"$40,000 ",0,Graduate Degree,Clerical,Y
22449,MS.,HEATHER,HE,4/16/1969,M,F,heather17@adventure-works.com,"$40,000 ",0,Graduate Degree,Clerical,Y
22450,MS.,AUDREY,ALVAREZ,2/24/1969,M,F,audrey6@adventure-works.com,"$50,000 ",0,Graduate Degree,Skilled Manual,Y
22452,MS.,CARLY,DENG,10/20/1969,S,F,carly0@adventure-works.com,"$50,000 ",0,Graduate Degree,Skilled Manual,Y
22453,MR.,DAKOTA,LONG,2/4/1922,M,M,dakota8@adventure-works.com,"$10,000 ",3,Bachelors,Clerical,Y
22454,MRS.,REBEKAH,RAMAN,5/10/1952,M,F,rebekah11@adventure-works.com,"$10,000 ",3,Partial College,Manual,N
22455,MR.,ROY,KAPOOR,3/9/1952,M,M,roy1@adventure-works.com,"$10,000 ",3,Partial College,Manual,Y
22456,MRS.,BRITTNEY,GUO,8/11/1951,S,F,brittney16@adventure-works.com,"$20,000 ",2,Partial College,Manual,N
22457,MRS.,KIMBERLY,COOPER,5/18/1968,M,F,kimberly12@adventure-works.com,"$10,000 ",2,High School,Manual,N
22458,MRS.,KENDRA,VAZQUEZ,6/13/1968,S,F,kendra14@adventure-works.com,"$20,000 ",1,Partial College,Manual,N
22459,MR.,JOHNNY,XU,5/3/1968,M,M,johnny5@adventure-works.com,"$20,000 ",1,Partial College,Manual,Y
22461,MR.,ARTURO,LUO,10/4/1968,S,M,arturo30@adventure-works.com,"$20,000 ",1,Partial College,Manual,Y
22462,MRS.,LYDIA,CHANDRA,1/5/1968,S,F,lydia1@adventure-works.com,"$20,000 ",1,Partial College,Manual,N
22463,MR.,RAYMOND,CHANDRA,8/28/1968,M,M,raymond4@adventure-works.com,"$30,000 ",1,Bachelors,Clerical,Y
22464,MR.,ERIK,SANZ,10/11/1968,M,M,erik20@adventure-works.com,"$40,000 ",0,Graduate Degree,Clerical,Y
22465,MR.,ARTURO,SHAN,10/10/1968,S,M,arturo35@adventure-works.com,"$40,000 ",0,Graduate Degree,Clerical,Y
22466,MR.,RAUL,TANG,9/13/1967,S,M,raul4@adventure-works.com,"$20,000 ",1,Partial College,Manual,N
22467,MR.,NEIL,ALVAREZ,2/20/1967,S,M,neil5@adventure-works.com,"$20,000 ",1,Partial College,Manual,Y
22468,MR.,RUBEN,GONZALEZ,9/18/1967,M,M,ruben19@adventure-works.com,"$20,000 ",1,Partial College,Manual,Y
22469,MRS.,SABRINA,MORENO,11/1/1967,M,F,sabrina4@adventure-works.com,"$20,000 ",1,Partial College,Manual,Y
22470,MRS.,CARLY,TANG,11/5/1967,M,F,carly3@adventure-works.com,"$30,000 ",1,Bachelors,Clerical,Y
22471,MR.,JOEL,MARTINEZ,9/5/1967,S,M,joel16@adventure-works.com,"$30,000 ",1,Bachelors,Clerical,Y
22472,MRS.,BRIDGET,SHARMA,10/6/1967,S,F,bridget11@adventure-works.com,"$30,000 ",1,Bachelors,Clerical,N
22473,MR.,CLIFFORD,PATEL,5/14/1967,S,M,clifford3@adventure-works.com,"$30,000 ",1,Bachelors,Clerical,Y
22474,MRS.,LEAH,ZHU,12/3/1966,S,F,leah11@adventure-works.com,"$10,000 ",5,Partial High School,Manual,Y
22475,MRS.,HEIDI,RANA,12/10/1966,S,F,heidi13@adventure-works.com,"$10,000 ",5,Partial High School,Manual,Y
22476,MR.,SHANE,MARTINEZ,11/25/1966,S,M,shane20@adventure-works.com,"$20,000 ",2,High School,Manual,N
22477,MR.,KEVIN,DIAZ,6/13/1966,S,M,kevin24@adventure-works.com,"$20,000 ",2,High School,Manual,Y
22478,MRS.,CAROLYN,BROWNING,6/8/1966,S,F,carolyn36@adventure-works.com,"$30,000 ",1,Bachelors,Clerical,Y
22479,MRS.,TAMMY,MALHOTRA,8/18/1966,M,F,tammy5@adventure-works.com,"$30,000 ",1,Bachelors,Skilled Manual,Y
22480,MRS.,ABBY,GONZALEZ,5/12/1966,M,F,abby16@adventure-works.com,"$30,000 ",1,Bachelors,Skilled Manual,Y
22481,MR.,ERIK,ORTEGA,5/26/1966,M,M,erik22@adventure-works.com,"$30,000 ",1,Bachelors,Skilled Manual,Y
22482,MRS.,CASSIDY,JENKINS,9/16/1965,S,F,cassidy7@adventure-works.com,"$10,000 ",4,Partial High School,Manual,Y
22483,MR.,LEE,RAMOS,10/25/1965,S,M,lee16@adventure-works.com,"$10,000 ",4,Partial High School,Manual,Y
22484,MRS.,KRISTY,RUIZ,9/27/1965,S,F,kristy2@adventure-works.com,"$20,000 ",2,High School,Manual,Y
22485,MR.,ANDY,SUAREZ,8/18/1965,S,M,andy23@adventure-works.com,"$20,000 ",2,High School,Manual,Y
22486,MR.,JIMMY,RUIZ,4/9/1965,S,M,jimmy4@adventure-works.com,"$20,000 ",2,High School,Manual,Y
22487,MR.,JONATHON,GILL,4/19/1965,S,M,jonathon10@adventure-works.com,"$20,000 ",2,High School,Manual,Y
22488,MR.,FREDERICK,PATEL,4/21/1965,M,M,frederick2@adventure-works.com,"$30,000 ",1,Bachelors,Skilled Manual,Y
22489,MR.,ROGER,XIE,6/10/1965,M,M,roger30@adventure-works.com,"$30,000 ",1,Bachelors,Skilled Manual,Y
22490,MRS.,DESIREE,VAZQUEZ,4/26/1964,S,F,desiree11@adventure-works.com,"$10,000 ",5,Partial High School,Manual,N
22491,MR.,JERRY,NARA,9/20/1964,S,M,jerry18@adventure-works.com,"$20,000 ",2,High School,Manual,Y
22492,MR.,JORGE,SHE,7/24/1964,S,M,jorge25@adventure-works.com,"$20,000 ",3,High School,Manual,N
22493,MR.,DWAYNE,SANZ,1/21/1964,S,M,dwayne18@adventure-works.com,"$20,000 ",3,High School,Manual,Y
22494,MR.,JON,ANDERSEN,2/6/1964,S,M,jon9@adventure-works.com,"$20,000 ",3,High School,Manual,N
22495,MR.,ANDY,SERRANO,4/4/1964,S,M,andy21@adventure-works.com,"$20,000 ",3,High School,Manual,Y
22496,MRS.,CHRISTINA,BROOKS,3/3/1964,M,F,christina1@adventure-works.com,"$30,000 ",1,Bachelors,Skilled Manual,Y
22497,MR.,CASEY,GOMEZ,5/12/1963,S,M,casey24@adventure-works.com,"$10,000 ",3,Partial High School,Manual,Y
22498,MR.,PEDRO,JIMENEZ,10/28/1963,S,M,pedro26@adventure-works.com,"$20,000 ",3,High School,Manual,N
22499,MRS.,DAWN,ZHOU,7/6/1933,M,F,dawn10@adventure-works.com,"$10,000 ",4,High School,Manual,N
22500,MR.,BRENT,ZHAO,8/13/1966,S,M,brent10@adventure-works.com,"$40,000 ",0,Bachelors,Professional,N
22502,MS.,GRACE,MILLER,12/18/1966,S,F,grace5@adventure-works.com,"$40,000 ",0,Bachelors,Professional,Y
22503,MS.,SANDRA,ZHAO,7/6/1966,M,F,sandra17@adventure-works.com,"$40,000 ",0,Bachelors,Professional,Y
22504,MR.,ARTURO,RAI,9/15/1966,S,M,arturo43@adventure-works.com,"$60,000 ",0,Graduate Degree,Skilled Manual,N
22505,MRS.,JULIE,SHEN,10/25/1962,M,F,julie6@adventure-works.com,"$30,000 ",1,Partial College,Clerical,N
22506,MRS.,BRENDA,PRASAD,4/2/1965,S,F,brenda13@adventure-works.com,"$30,000 ",2,Partial College,Clerical,Y
22507,MR.,LOUIS,WANG,7/13/1965,S,M,louis39@adventure-works.com,"$30,000 ",2,Partial College,Clerical,N
22508,MR.,JON,HUANG,11/4/1965,M,M,jon25@adventure-works.com,"$40,000 ",1,Bachelors,Skilled Manual,Y
22509,MRS.,LACEY,NARA,10/4/1965,M,F,lacey6@adventure-works.com,"$40,000 ",1,Bachelors,Skilled Manual,Y
22510,MRS.,LORI,GILL,2/11/1965,M,F,lori15@adventure-works.com,"$40,000 ",1,Bachelors,Skilled Manual,Y
22511,MRS.,WENDY,SUAREZ,7/18/1964,S,F,wendy18@adventure-works.com,"$30,000 ",2,Partial College,Clerical,Y
22512,MRS.,MEAGAN,MEHTA,5/15/1964,S,F,meagan14@adventure-works.com,"$30,000 ",2,Partial College,Clerical,Y
22513,MR.,KENNETH,ANAND,4/15/1963,S,M,kenneth18@adventure-works.com,"$30,000 ",2,Partial College,Clerical,Y
22514,MR.,MARVIN,JOHNSEN,9/3/1977,S,M,marvin6@adventure-works.com,"$20,000 ",0,High School,Manual,Y
22515,MRS.,ALEXA,MORRIS,6/9/1979,S,F,alexa17@adventure-works.com,"$20,000 ",4,High School,Manual,Y
22516,MRS.,ADRIENNE,ORTEGA,5/12/1979,S,F,adrienne17@adventure-works.com,"$30,000 ",3,Partial College,Clerical,N
22517,MR.,LUIS,ADAMS,8/16/1979,S,M,luis48@adventure-works.com,"$30,000 ",3,Partial College,Clerical,Y
22518,MRS.,JILLIAN,SAI,4/19/1979,S,F,jillian6@adventure-works.com,"$30,000 ",3,Partial College,Clerical,N
22519,MR.,LOGAN,HUGHES,11/11/1963,M,M,logan14@adventure-works.com,"$40,000 ",1,Bachelors,Skilled Manual,Y
22520,MR.,RODNEY,TORRES,7/10/1963,M,M,rodney8@adventure-works.com,"$40,000 ",1,Bachelors,Skilled Manual,Y
22521,MRS.,CHRISTINA,RIVERA,9/18/1962,S,F,christina15@adventure-works.com,"$30,000 ",1,Partial College,Clerical,Y
22522,MR.,BENJAMIN,HAYES,4/13/1962,S,M,benjamin24@adventure-works.com,"$30,000 ",1,Partial College,Clerical,N
22523,MR.,JON,XU,7/17/1962,M,M,jon32@adventure-works.com,"$40,000 ",1,Bachelors,Skilled Manual,Y
22524,MRS.,MICHELE,HERNANDEZ,6/26/1962,M,F,michele38@adventure-works.com,"$40,000 ",1,Bachelors,Skilled Manual,Y
22525,MR.,JULIO,GUTIERREZ,8/6/1978,S,M,julio11@adventure-works.com,"$30,000 ",4,Partial College,Clerical,Y
22526,MR.,JAMIE,MORENO,11/26/1978,S,M,jamie30@adventure-works.com,"$30,000 ",4,Partial College,Clerical,Y
22527,MS.,RACHEL,FLORES,6/15/1977,S,F,rachel60@adventure-works.com,"$20,000 ",0,High School,Manual,N
22528,MS.,JAIME,BLANCO,2/8/1976,S,F,jaime17@adventure-works.com,"$20,000 ",0,High School,Manual,Y
22529,MR.,ROSS,RAMAN,4/2/1975,S,M,ross12@adventure-works.com,"$10,000 ",0,Partial High School,Manual,N
22530,MS.,KELLI,JAI,3/28/1975,S,F,kelli34@adventure-works.com,"$20,000 ",0,High School,Manual,N
22531,MS.,TIFFANY,ZHOU,11/20/1976,S,F,tiffany8@adventure-works.com,"$20,000 ",0,High School,Manual,Y
22532,MR.,RYAN,THOMAS,8/10/1976,S,M,ryan50@adventure-works.com,"$30,000 ",0,Partial College,Clerical,N
22533,MR.,JAKE,LIU,2/3/1974,M,M,jake4@adventure-works.com,"$20,000 ",0,Partial High School,Manual,N
22534,MS.,SUZANNE,LIANG,2/13/1975,S,F,suzanne18@adventure-works.com,"$30,000 ",0,Partial College,Clerical,Y
22535,MRS.,RACHAEL,PRASAD,2/14/1975,M,F,rachael9@adventure-works.com,"$40,000 ",1,Bachelors,Skilled Manual,Y
22536,MRS.,BRIANNA,ROGERS,5/22/1975,M,F,brianna27@adventure-works.com,"$40,000 ",1,Bachelors,Skilled Manual,Y
22537,MR.,XAVIER,JENKINS,6/22/1974,S,M,xavier48@adventure-works.com,"$20,000 ",0,Partial High School,Manual,N
22538,MS.,BIANCA,WANG,1/10/1973,S,F,bianca1@adventure-works.com,"$10,000 ",0,Partial High School,Manual,Y
22539,MR.,RANDALL,SANZ,3/11/1973,S,M,randall22@adventure-works.com,"$20,000 ",0,Partial High School,Manual,N
22540,MS.,LATASHA,RAMOS,8/22/1973,S,F,latasha17@adventure-works.com,"$20,000 ",0,Partial High School,Manual,N
22541,MS.,STEFANIE,MARTINEZ,12/26/1973,S,F,stefanie15@adventure-works.com,"$30,000 ",0,Partial College,Clerical,N
22542,MS.,TERESA,ALVAREZ,10/8/1974,S,F,teresa5@adventure-works.com,"$30,000 ",0,Partial College,Clerical,Y
22543,MR.,JEREMY,CAMPBELL,8/22/1973,S,M,jeremy17@adventure-works.com,"$40,000 ",0,Graduate Degree,Skilled Manual,Y
22544,MRS.,MARIA,EVANS,10/3/1972,M,F,maria44@adventure-works.com,"$50,000 ",1,Graduate Degree,Skilled Manual,Y
22545,MRS.,BRITTANY,BRYANT,6/19/1972,M,F,brittany16@adventure-works.com,"$50,000 ",1,Graduate Degree,Skilled Manual,Y
22546,MR.,NICHOLAS,JONES,10/25/1971,M,M,nicholas5@adventure-works.com,"$40,000 ",4,High School,Skilled Manual,Y
22547,MR.,ELIJAH,FLORES,10/3/1971,S,M,elijah16@adventure-works.com,"$70,000 ",1,Graduate Degree,Skilled Manual,Y
22548,MRS.,ANGELA,BROOKS,10/2/1971,M,F,angela27@adventure-works.com,"$70,000 ",1,Graduate Degree,Skilled Manual,Y
22549,MRS.,ISABEL,RUSSELL,7/19/1971,M,F,isabel19@adventure-works.com,"$70,000 ",1,Graduate Degree,Skilled Manual,Y
22550,MR.,KRISTOPHER,RANA,3/10/1961,M,M,kristopher10@adventure-works.com,"$10,000 ",1,Bachelors,Manual,Y
22551,MR.,ANDY,RUBIO,6/26/1962,S,M,andy24@adventure-works.com,"$20,000 ",1,Graduate Degree,Clerical,Y
22552,MRS.,ANDREA,RUSKO,9/9/1962,S,F,andrea0@adventure-works.com,"$20,000 ",1,Graduate Degree,Clerical,N
22553,MRS.,MELINDA,VAZQUEZ,6/8/1935,M,F,melinda10@adventure-works.com,"$30,000 ",1,Graduate Degree,Clerical,N
22554,MR.,GILBERT,XU,5/20/1958,M,M,gilbert26@adventure-works.com,"$10,000 ",1,Bachelors,Manual,N
22555,MR.,ETHAN,TAYLOR,9/6/1958,M,M,ethan42@adventure-works.com,"$20,000 ",1,Bachelors,Manual,Y
22556,MR.,OSCAR,GRIFFIN,4/9/1958,S,M,oscar7@adventure-works.com,"$20,000 ",1,Bachelors,Manual,Y
22557,MR.,JASON,SCOTT,2/14/1957,S,M,jason41@adventure-works.com,"$10,000 ",1,Partial College,Manual,N
22558,MR.,ERNEST,YE,4/10/1957,M,M,ernest9@adventure-works.com,"$10,000 ",1,Partial College,Manual,Y
22559,MRS.,STACY,VAZQUEZ,11/12/1957,S,F,stacy15@adventure-works.com,"$10,000 ",1,Partial College,Manual,Y
22560,MRS.,CASEY,JAI,7/16/1957,S,F,casey12@adventure-works.com,"$10,000 ",1,Partial College,Manual,Y
22561,MRS.,KATIE,NARA,2/28/1957,S,F,katie19@adventure-works.com,"$10,000 ",1,Partial College,Manual,N
22562,MRS.,KELLI,LI,4/7/1956,S,F,kelli3@adventure-works.com,"$10,000 ",2,Partial College,Manual,Y
22563,MR.,DARREN,WEBER,6/22/1956,S,M,darren6@adventure-works.com,"$10,000 ",2,Partial College,Manual,N
22564,MRS.,AUTUMN,SUN,9/23/1956,M,F,autumn12@adventure-works.com,"$20,000 ",1,Bachelors,Clerical,Y
22565,MRS.,BRENDA,SUBRAM,2/12/1956,S,F,brenda16@adventure-works.com,"$20,000 ",1,Bachelors,Clerical,N
22566,MR.,DAMIEN,PAL,1/4/1955,S,M,damien28@adventure-works.com,"$10,000 ",2,Partial College,Manual,Y
22567,MR.,GLENN,ZHU,1/27/1937,M,M,glenn15@adventure-works.com,"$20,000 ",1,Graduate Degree,Clerical,Y
22568,MRS.,AUTUMN,WU,5/22/1937,S,F,autumn6@adventure-works.com,"$20,000 ",1,Graduate Degree,Clerical,Y
22569,MR.,JOHNNY,GOEL,12/2/1937,M,M,johnny21@adventure-works.com,"$30,000 ",1,Graduate Degree,Clerical,Y
22570,MR.,JACKSON,YANG,7/8/1939,S,M,jackson0@adventure-works.com,"$30,000 ",1,Bachelors,Clerical,Y
22571,MR.,ARMANDO,VAZQUEZ,2/10/1980,M,M,armando15@adventure-works.com,"$10,000 ",0,Partial College,Manual,Y
22572,MS.,KAREN,CAI,11/3/1980,M,F,karen30@adventure-works.com,"$10,000 ",0,Partial College,Manual,Y
22573,MR.,LANCE,SANZ,3/26/1980,S,M,lance20@adventure-works.com,"$10,000 ",0,Partial College,Manual,N
22574,MR.,RANDY,ZHENG,3/21/1979,M,M,randy22@adventure-works.com,"$10,000 ",0,Partial College,Manual,N
22575,MR.,ORLANDO,BLANCO,8/19/1980,S,M,orlando15@adventure-works.com,"$20,000 ",0,Bachelors,Clerical,N
22576,MR.,TONY,XU,12/24/1980,S,M,tony8@adventure-works.com,"$20,000 ",0,Bachelors,Clerical,N
22577,MR.,BRYANT,SAI,6/2/1980,M,M,bryant6@adventure-works.com,"$20,000 ",0,Bachelors,Clerical,Y
22578,MR.,JUAN,VAZQUEZ,10/12/1977,S,M,juan3@adventure-works.com,"$10,000 ",0,High School,Manual,N
22579,MRS.,KARA,LAL,4/17/1976,S,F,kara9@adventure-works.com,"$10,000 ",1,High School,Manual,N
22580,MRS.,ALEXIS,LONG,4/7/1979,S,F,alexis32@adventure-works.com,"$10,000 ",1,High School,Manual,N
22581,MS.,THERESA,VAZQUEZ,8/20/1979,M,F,theresa10@adventure-works.com,"$20,000 ",0,Bachelors,Clerical,N
22582,MS.,EVELYN,MADAN,11/17/1979,S,F,evelyn8@adventure-works.com,"$20,000 ",0,Bachelors,Clerical,N
22583,MR.,TROY,SARA,8/12/1977,S,M,troy11@adventure-works.com,"$20,000 ",0,Partial College,Manual,Y
22584,MRS.,MEAGAN,LOPEZ,4/5/1961,S,F,meagan16@adventure-works.com,"$20,000 ",1,Partial College,Manual,Y
22585,MR.,KELVIN,HE,7/20/1961,S,M,kelvin37@adventure-works.com,"$30,000 ",4,Graduate Degree,Clerical,N
22586,MR.,DEREK,SHEN,1/7/1961,M,M,derek2@adventure-works.com,"$30,000 ",3,Graduate Degree,Clerical,N
22587,MRS.,GINA,ALONSO,6/25/1960,S,F,gina8@adventure-works.com,"$20,000 ",1,Partial College,Manual,N
22588,MRS.,TERESA,MARTIN,10/17/1960,S,F,teresa1@adventure-works.com,"$20,000 ",1,Partial College,Manual,Y
22589,MRS.,CYNTHIA,SURI,4/1/1960,S,F,cynthia4@adventure-works.com,"$20,000 ",1,Partial College,Manual,Y
22590,MR.,OSCAR,HUGHES,10/4/1959,M,M,oscar19@adventure-works.com,"$20,000 ",2,Partial College,Manual,N
22591,MR.,JON,BECKER,4/10/1958,S,M,jon17@adventure-works.com,"$30,000 ",1,Graduate Degree,Clerical,N
22592,MRS.,LINDSEY,ANAND,2/2/1960,S,F,lindsey22@adventure-works.com,"$30,000 ",3,Graduate Degree,Clerical,Y
22593,MR.,THOMAS,JOHNSON,9/16/1960,S,M,thomas61@adventure-works.com,"$30,000 ",3,Bachelors,Clerical,N
22594,MRS.,GABRIELLA,JAMES,11/22/1960,M,F,gabriella5@adventure-works.com,"$30,000 ",3,Bachelors,Clerical,N
22595,MR.,NICOLAS,XIE,9/21/1960,M,M,nicolas1@adventure-works.com,"$40,000 ",3,Graduate Degree,Clerical,Y
22596,MR.,OMAR,XU,5/12/1959,M,M,omar11@adventure-works.com,"$30,000 ",0,Bachelors,Clerical,Y
22597,MS.,RACHAEL,CHANDRA,9/25/1959,M,F,rachael2@adventure-works.com,"$30,000 ",0,Bachelors,Clerical,Y
22598,MR.,DONALD,SANCHEZ,4/3/1959,S,M,donald22@adventure-works.com,"$30,000 ",0,Bachelors,Clerical,N
22599,MR.,PHILIP,GILL,9/13/1959,M,M,philip14@adventure-works.com,"$40,000 ",3,Graduate Degree,Clerical,N
22600,MR.,MAURICE,KUMAR,8/13/1958,S,M,maurice8@adventure-works.com,"$30,000 ",1,Bachelors,Clerical,Y
22601,MRS.,AIMEE,GAO,7/24/1958,M,F,aimee10@adventure-works.com,"$30,000 ",1,Bachelors,Clerical,N
22602,MRS.,KELLI,ANDERSEN,11/5/1970,S,F,kelli36@adventure-works.com,"$10,000 ",2,High School,Manual,Y
22603,MRS.,AUTUMN,HE,9/4/1970,S,F,autumn18@adventure-works.com,"$10,000 ",2,High School,Manual,Y
22604,MR.,WYATT,SIMMONS,9/8/1970,S,M,wyatt65@adventure-works.com,"$20,000 ",0,Partial College,Manual,Y
22605,MR.,DERRICK,SCHMIDT,3/5/1970,S,M,derrick18@adventure-works.com,"$20,000 ",0,Partial College,Manual,N
22606,MR.,ALFREDO,HERNANDEZ,3/17/1970,S,M,alfredo5@adventure-works.com,"$20,000 ",0,Partial College,Manual,Y
22607,MS.,WHITNEY,GONZALEZ,3/4/1970,S,F,whitney17@adventure-works.com,"$20,000 ",0,Partial College,Manual,N
22608,MR.,ARTHUR,MUNOZ,5/6/1969,S,M,arthur31@adventure-works.com,"$10,000 ",2,High School,Manual,Y
22609,MR.,CLARENCE,CAI,7/20/1970,M,M,clarence14@adventure-works.com,"$30,000 ",0,Bachelors,Clerical,Y
22610,MR.,BRENT,CHEN,10/17/1970,M,M,brent2@adventure-works.com,"$30,000 ",0,Bachelors,Clerical,Y
22611,MR.,CHAD,DENG,5/13/1970,M,M,chad2@adventure-works.com,"$40,000 ",0,Graduate Degree,Clerical,Y
22612,MR.,FRANKLIN,HUANG,6/14/1969,S,M,franklin6@adventure-works.com,"$20,000 ",0,Partial College,Manual,N
22613,MR.,DALE,LUO,6/20/1969,S,M,dale5@adventure-works.com,"$20,000 ",0,Partial College,Manual,N
22614,MR.,TOMMY,SHAN,11/11/1969,S,M,tommy7@adventure-works.com,"$30,000 ",0,Bachelors,Clerical,Y
22615,MS.,MISTY,XU,4/17/1969,S,F,misty6@adventure-works.com,"$30,000 ",0,Bachelors,Clerical,N
22616,MR.,JAKE,ZHANG,8/18/1969,S,M,jake0@adventure-works.com,"$40,000 ",0,Graduate Degree,Clerical,Y
22618,MS.,ROSA,CAI,8/1/1969,M,F,rosa21@adventure-works.com,"$40,000 ",0,Graduate Degree,Clerical,Y
22619,MS.,ROBIN,HERNANDEZ,2/11/1969,S,F,robin1@adventure-works.com,"$50,000 ",0,Graduate Degree,Skilled Manual,N
22620,MS.,STEFANIE,SURI,3/13/1969,S,F,stefanie0@adventure-works.com,"$50,000 ",0,Graduate Degree,Skilled Manual,N
22621,MR.,XAVIER,DAVIS,12/9/1969,M,M,xavier5@adventure-works.com,"$50,000 ",0,Graduate Degree,Skilled Manual,Y
22622,MR.,NEIL,SANZ,5/13/1952,M,M,neil19@adventure-works.com,"$10,000 ",3,Partial College,Manual,N
22623,MR.,JAMIE,SUAREZ,3/1/1952,S,M,jamie41@adventure-works.com,"$10,000 ",3,Partial College,Manual,N
22624,MRS.,SANDRA,WU,10/18/1951,M,F,sandra13@adventure-works.com,"$10,000 ",3,High School,Manual,N
22625,MRS.,MEAGAN,PATEL,7/24/1968,S,F,meagan3@adventure-works.com,"$10,000 ",3,High School,Manual,Y
22626,MR.,ARTURO,ANAND,3/25/1968,S,M,arturo46@adventure-works.com,"$10,000 ",3,High School,Manual,Y
22627,MRS.,SHAWNA,SHARMA,5/17/1968,S,F,shawna10@adventure-works.com,"$20,000 ",1,Partial College,Manual,N
22628,MR.,MARSHALL,LU,6/25/1968,M,M,marshall10@adventure-works.com,"$20,000 ",1,Partial College,Manual,Y
22629,MR.,MATTHEW,RODRIGUEZ,8/3/1923,M,M,matthew25@adventure-works.com,"$40,000 ",1,Graduate Degree,Clerical,Y
22630,MR.,ROGER,WU,10/8/1968,M,M,roger11@adventure-works.com,"$30,000 ",1,Bachelors,Clerical,Y
22631,MR.,THEODORE,SERRANO,9/15/1968,S,M,theodore17@adventure-works.com,"$30,000 ",1,Bachelors,Clerical,N
22632,MS.,TABITHA,PEREZ,4/12/1968,M,F,tabitha18@adventure-works.com,"$40,000 ",0,Graduate Degree,Clerical,Y
22633,MS.,CLAUDIA,ZHAO,10/5/1968,S,F,claudia9@adventure-works.com,"$40,000 ",0,Graduate Degree,Clerical,Y
22634,MS.,GIRALDO,SANDOVAL,5/27/1968,S,F,giraldo0@adventure-works.com,"$40,000 ",0,Graduate Degree,Clerical,Y
22635,MS.,KRISTI,HERNANDEZ,1/14/1968,S,F,kristi0@adventure-works.com,"$40,000 ",0,Graduate Degree,Clerical,N
22636,MS.,STACEY,ZHU,5/14/1968,S,F,stacey15@adventure-works.com,"$40,000 ",0,Bachelors,Clerical,N
22637,MS.,ANA,ALEXANDER,12/16/1968,M,F,ana17@adventure-works.com,"$40,000 ",0,Bachelors,Clerical,Y
22638,MRS.,KRISTI,GUTIERREZ,10/19/1967,S,F,kristi6@adventure-works.com,"$10,000 ",3,Partial High School,Manual,Y
22639,MRS.,LORI,MUNOZ,4/10/1967,S,F,lori10@adventure-works.com,"$20,000 ",1,Partial College,Manual,Y
22640,MR.,CALEB,LI,6/17/1967,M,M,caleb22@adventure-works.com,"$20,000 ",1,Partial College,Manual,Y
22641,MRS.,ABIGAIL,DIAZ,3/24/1967,S,F,abigail70@adventure-works.com,"$20,000 ",1,Partial College,Manual,Y
22642,MR.,GARRETT,RIVERA,4/24/1967,S,M,garrett21@adventure-works.com,"$20,000 ",1,Partial College,Manual,N
22643,MRS.,BRENDA,SURI,11/13/1967,S,F,brenda4@adventure-works.com,"$20,000 ",1,High School,Manual,Y
22644,MR.,MARC,ORTEGA,3/16/1967,S,M,marc26@adventure-works.com,"$30,000 ",1,Bachelors,Clerical,Y
22645,MRS.,ISABELLA,MURPHY,2/8/1967,S,F,isabella89@adventure-works.com,"$30,000 ",1,Bachelors,Clerical,N
22646,MRS.,CARA,SHE,7/25/1966,S,F,cara19@adventure-works.com,"$20,000 ",1,High School,Manual,N
22647,MS.,TAYLOR,MARTINEZ,11/27/1967,S,F,taylor64@adventure-works.com,"$40,000 ",0,Bachelors,Clerical,N
22648,MS.,KAITLIN,SRINI,10/3/1967,S,F,kaitlin8@adventure-works.com,"$40,000 ",0,Bachelors,Clerical,N
22649,MR.,COREY,TANG,8/20/1966,S,M,corey4@adventure-works.com,"$30,000 ",1,Bachelors,Clerical,N
22650,MRS.,KRISTINA,SURI,4/20/1966,S,F,kristina0@adventure-works.com,"$30,000 ",1,Bachelors,Clerical,N
22651,MR.,FREDERICK,SARA,11/15/1966,S,M,frederick9@adventure-works.com,"$30,000 ",1,Bachelors,Clerical,N
22652,MR.,GILBERT,SHAN,12/2/1965,S,M,gilbert31@adventure-works.com,"$20,000 ",2,High School,Manual,Y
22653,MRS.,CAROLYN,DOMINGUEZ,6/17/1965,S,F,carolyn33@adventure-works.com,"$20,000 ",2,High School,Manual,Y
22654,MR.,ORLANDO,ROMERO,9/22/1965,S,M,orlando9@adventure-works.com,"$20,000 ",2,High School,Manual,Y
22655,MR.,LUCAS,YOUNG,4/16/1965,S,M,lucas40@adventure-works.com,"$20,000 ",2,High School,Manual,Y
22656,MR.,WILLIE,GOEL,4/25/1964,S,M,willie38@adventure-works.com,"$10,000 ",5,Partial High School,Manual,Y
22657,MR.,CLINTON,SUAREZ,2/19/1964,S,M,clinton15@adventure-works.com,"$10,000 ",3,Partial High School,Manual,Y
22658,MR.,DEVIN,RODRIGUEZ,11/17/1964,S,M,devin19@adventure-works.com,"$20,000 ",2,High School,Manual,Y
22659,MRS.,SHAWNA,LUO,2/23/1964,S,F,shawna6@adventure-works.com,"$20,000 ",2,High School,Manual,Y
22660,MRS.,MONICA,LOPEZ,7/16/1964,S,F,monica16@adventure-works.com,"$20,000 ",2,High School,Manual,N
22661,MRS.,TRACY,SHAN,8/6/1964,M,F,tracy9@adventure-works.com,"$30,000 ",1,Bachelors,Skilled Manual,Y
22662,MR.,TYRONE,CARLSON,2/15/1964,M,M,tyrone17@adventure-works.com,"$30,000 ",1,Bachelors,Skilled Manual,Y
22663,MR.,TERRENCE,DENG,2/18/1966,S,M,terrence2@adventure-works.com,"$30,000 ",2,Partial College,Manual,Y
22664,MS.,DAWN,YANG,6/22/1966,M,F,dawn6@adventure-works.com,"$40,000 ",0,Bachelors,Professional,N
22665,MR.,ORLANDO,DIAZ,12/13/1966,S,M,orlando3@adventure-works.com,"$40,000 ",0,Bachelors,Professional,N
22666,MS.,MAYRA,SRINI,11/16/1966,M,F,mayra8@adventure-works.com,"$40,000 ",0,Bachelors,Professional,N
22667,MR.,ROY,RANA,4/14/1966,S,M,roy11@adventure-works.com,"$40,000 ",0,Bachelors,Professional,Y
22668,MS.,ADRIENNE,HERNANDEZ,5/28/1966,M,F,adrienne3@adventure-works.com,"$40,000 ",0,Bachelors,Professional,N
22669,MS.,LINDSAY,RAJI,8/20/1966,S,F,lindsay21@adventure-works.com,"$40,000 ",0,Bachelors,Professional,Y
22671,MR.,WYATT,KING,4/8/1963,S,M,wyatt29@adventure-works.com,"$30,000 ",2,Partial College,Manual,Y
22672,MRS.,CRYSTAL,WU,7/8/1963,S,F,crystal9@adventure-works.com,"$30,000 ",2,Partial College,Clerical,Y
22673,MR.,ANDY,GILL,11/12/1963,S,M,andy18@adventure-works.com,"$30,000 ",2,Partial College,Clerical,Y
22674,MR.,TROY,PRASAD,6/23/1963,S,M,troy10@adventure-works.com,"$30,000 ",2,Partial College,Clerical,Y
22675,MRS.,ALEXANDRA,WINSTON,7/23/1965,S,F,alexandra65@adventure-works.com,"$30,000 ",2,Partial College,Clerical,Y
22676,MRS.,STEFANIE,JORDAN,4/15/1965,S,F,stefanie1@adventure-works.com,"$30,000 ",2,Partial College,Clerical,Y
22677,MR.,REGINALD,CARLSON,10/12/1965,S,M,reginald4@adventure-works.com,"$30,000 ",2,Partial College,Clerical,Y
22678,MRS.,SYDNEY,LEE,3/20/1964,M,F,sydney84@adventure-works.com,"$40,000 ",1,Bachelors,Skilled Manual,Y
22679,MR.,DERRICK,DOMINGUEZ,5/3/1964,M,M,derrick12@adventure-works.com,"$40,000 ",1,Bachelors,Skilled Manual,Y
22680,MR.,LEE,SUAREZ,4/12/1964,M,M,lee18@adventure-works.com,"$40,000 ",1,Bachelors,Skilled Manual,Y
22681,MR.,TRISTAN,BARNES,11/20/1963,S,M,tristan3@adventure-works.com,"$30,000 ",2,Partial College,Clerical,Y
22682,MR.,WILLIE,LUO,11/26/1963,S,M,willie25@adventure-works.com,"$30,000 ",2,Partial College,Clerical,N
22683,MR.,DAVID,GARCIA,9/3/1963,S,M,david79@adventure-works.com,"$30,000 ",3,Partial College,Clerical,Y
22684,MRS.,LAUREN,COOPER,5/16/1963,M,F,lauren9@adventure-works.com,"$40,000 ",1,Bachelors,Skilled Manual,Y
22685,,BARBARA,MA,5/5/1979,S,NA,barbara25@adventure-works.com,"$30,000 ",3,Partial College,Clerical,Y
22686,MR.,WAYNE,ANAND,3/12/1979,S,M,wayne24@adventure-works.com,"$30,000 ",3,Partial College,Clerical,Y
22688,MR.,SETH,PEREZ,9/19/1962,S,M,seth39@adventure-works.com,"$30,000 ",1,Partial College,Clerical,N
22689,MR.,GILBERT,ZHENG,4/15/1962,S,M,gilbert17@adventure-works.com,"$30,000 ",1,Partial College,Clerical,N
22690,MR.,KURT,LUO,4/13/1962,M,M,kurt5@adventure-works.com,"$40,000 ",1,Bachelors,Skilled Manual,Y
22691,MR.,GERALD,RAMAN,6/20/1962,M,M,gerald42@adventure-works.com,"$40,000 ",1,Bachelors,Skilled Manual,Y
22692,MRS.,PAULA,ALONSO,12/11/1962,M,F,paula11@adventure-works.com,"$40,000 ",1,Bachelors,Skilled Manual,Y
22693,MR.,DARRYL,GAO,6/16/1962,M,M,darryl14@adventure-works.com,"$40,000 ",1,Bachelors,Skilled Manual,Y
22695,MR.,DARREN,MARTIN,8/17/1978,S,M,darren22@adventure-works.com,"$30,000 ",4,Partial College,Clerical,Y
22696,MS.,KARI,VAZQUEZ,7/8/1977,S,F,kari35@adventure-works.com,"$20,000 ",0,High School,Manual,Y
22697,MR.,HAROLD,SARA,6/5/1977,S,M,harold7@adventure-works.com,"$20,000 ",0,High School,Manual,N
22698,MR.,BRADLEY,ANDERSEN,1/9/1975,M,M,bradley15@adventure-works.com,"$10,000 ",0,Partial High School,Manual,N
22699,MR.,CLARENCE,CHANDE,8/25/1975,M,M,clarence29@adventure-works.com,"$10,000 ",0,Partial High School,Manual,Y
22700,MS.,GINA,SERRANO,6/7/1975,M,F,gina17@adventure-works.com,"$10,000 ",0,Partial High School,Manual,N
22701,MS.,ANNE,NAVARRO,4/6/1975,S,F,anne11@adventure-works.com,"$20,000 ",0,High School,Manual,N
22702,MS.,PATRICIA,GONZALEZ,2/6/1975,S,F,patricia20@adventure-works.com,"$20,000 ",0,High School,Manual,N
22703,MR.,MELVIN,RAJI,7/8/1976,S,M,melvin20@adventure-works.com,"$20,000 ",0,High School,Manual,N
22704,MS.,BETHANY,RAJE,2/12/1976,S,F,bethany17@adventure-works.com,"$20,000 ",0,High School,Manual,N
22705,MS.,ADRIANA,KAPOOR,3/25/1976,S,F,adriana1@adventure-works.com,"$20,000 ",0,Partial High School,Manual,N
22706,MS.,ANDY,RUTH,4/26/1976,S,F,andy2@adventure-works.com,"$30,000 ",0,Partial College,Clerical,Y
22707,MS.,HALEY,RUSSELL,1/19/1976,S,F,haley39@adventure-works.com,"$30,000 ",0,Partial College,Clerical,N
22708,MS.,ANNE,RUIZ,6/1/1974,S,F,anne3@adventure-works.com,"$10,000 ",0,Partial High School,Manual,Y
22709,MS.,TAMARA,GAO,3/18/1974,S,F,tamara4@adventure-works.com,"$20,000 ",0,Partial High School,Manual,N
22710,MS.,TRISHA,ZHAO,10/10/1974,M,F,trisha5@adventure-works.com,"$20,000 ",0,Partial High School,Manual,N
22711,MR.,ISAIAH,HERNANDEZ,4/9/1973,S,M,isaiah44@adventure-works.com,"$30,000 ",0,Partial College,Clerical,N
22712,MS.,MONIQUE,ROMERO,2/6/1974,S,F,monique5@adventure-works.com,"$30,000 ",0,Partial College,Clerical,N
22713,MR.,JOSEPH,MILLER,3/5/1956,S,M,joseph12@adventure-works.com,"$70,000 ",3,Partial College,Professional,N
22714,MRS.,ANGELICA,ALEXANDER,4/8/1965,M,F,angelica18@adventure-works.com,"$90,000 ",4,Partial College,Professional,Y
22715,,MARCUS,WATSON,11/18/1965,M,NA,marcus74@adventure-works.com,"$90,000 ",4,Partial College,Professional,Y
22716,MR.,CALEB,NELSON,7/6/1965,S,M,caleb39@adventure-works.com,"$100,000 ",3,Bachelors,Management,Y
22717,MRS.,NICOLE,WATSON,5/10/1965,M,F,nicole44@adventure-works.com,"$100,000 ",4,Partial College,Professional,Y
22718,MR.,ZACHARY,SIMMONS,6/11/1965,M,M,zachary14@adventure-works.com,"$110,000 ",2,Bachelors,Management,Y
22719,MR.,JESSE,BROOKS,10/12/1965,S,M,jesse1@adventure-works.com,"$110,000 ",3,Bachelors,Management,Y
22720,MR.,JONATHAN,ALEXANDER,10/28/1965,M,M,jonathan18@adventure-works.com,"$130,000 ",1,Graduate Degree,Management,Y
22721,MRS.,COLLEEN,LIN,7/24/1962,M,F,colleen8@adventure-works.com,"$40,000 ",4,High School,Skilled Manual,Y
22722,MRS.,TINA,FERNANDEZ,7/19/1962,S,F,tina17@adventure-works.com,"$70,000 ",1,Bachelors,Professional,N
22723,MR.,ALEXANDER,ANDERSON,12/5/1942,M,M,alexander14@adventure-works.com,"$60,000 ",3,Graduate Degree,Management,Y
22724,MR.,NOAH,EVANS,2/26/1942,M,M,noah27@adventure-works.com,"$70,000 ",5,Bachelors,Management,Y
22725,MR.,RICHARD,GONZALES,7/23/1943,M,M,richard72@adventure-works.com,"$60,000 ",3,Graduate Degree,Management,Y
22726,MRS.,ANNA,MORRIS,11/15/1943,M,F,anna4@adventure-works.com,"$60,000 ",3,Graduate Degree,Management,Y
22727,MRS.,JODI,SHE,10/23/1943,M,F,jodi0@adventure-works.com,"$60,000 ",3,Graduate Degree,Management,Y
22728,MRS.,ARIANNA,RUSSELL,3/25/1943,M,F,arianna18@adventure-works.com,"$70,000 ",5,Bachelors,Management,Y
22729,MR.,SETH,NELSON,5/7/1943,M,M,seth36@adventure-works.com,"$70,000 ",5,Bachelors,Management,Y
22730,MR.,TIMOTHY,PEREZ,2/14/1943,M,M,timothy29@adventure-works.com,"$70,000 ",5,Bachelors,Management,Y
22731,MR.,BRANDON,HENDERSON,8/11/1943,M,M,brandon2@adventure-works.com,"$70,000 ",5,Bachelors,Management,Y
22732,MR.,SEAN,TURNER,8/15/1943,M,M,sean37@adventure-works.com,"$80,000 ",5,Bachelors,Management,Y
22733,MRS.,ALEXANDRIA,POWELL,2/19/1943,M,F,alexandria8@adventure-works.com,"$80,000 ",5,Bachelors,Management,N
22735,MRS.,KATHERINE,JONES,6/25/1944,M,F,katherine74@adventure-works.com,"$40,000 ",4,High School,Professional,Y
22736,MRS.,KATHERINE,MORGAN,7/11/1944,M,F,katherine8@adventure-works.com,"$40,000 ",4,High School,Professional,N
22737,MRS.,HEIDI,SAI,5/8/1944,M,F,heidi8@adventure-works.com,"$70,000 ",4,Bachelors,Management,Y
22738,MRS.,HALEY,DIAZ,7/10/1944,M,F,haley41@adventure-works.com,"$70,000 ",4,Bachelors,Management,Y
22739,MRS.,DESTINY,RODRIGUEZ,4/10/1944,M,F,destiny18@adventure-works.com,"$70,000 ",4,Bachelors,Management,Y
22740,MRS.,KIMBERLY,ROGERS,6/12/1945,S,F,kimberly20@adventure-works.com,"$40,000 ",4,High School,Professional,N
22741,MR.,DARRYL,HE,12/21/1945,M,M,darryl18@adventure-works.com,"$40,000 ",4,High School,Professional,Y
22742,MR.,NATHAN,NELSON,6/7/1945,S,M,nathan37@adventure-works.com,"$40,000 ",4,High School,Professional,N
22743,MRS.,KAYLEE,MURPHY,9/8/1945,M,F,kaylee11@adventure-works.com,"$40,000 ",5,High School,Professional,Y
22744,MR.,EDWARD,WRIGHT,9/12/1945,S,M,edward3@adventure-works.com,"$40,000 ",5,High School,Professional,N
22745,MRS.,ALEXANDRIA,PATTERSON,2/16/1945,M,F,alexandria10@adventure-works.com,"$40,000 ",5,High School,Professional,Y
22746,MRS.,ERICA,ZHANG,9/6/1945,M,F,erica0@adventure-works.com,"$70,000 ",5,Bachelors,Management,Y
22747,MRS.,BRIANNA,MARTINEZ,3/10/1945,M,F,brianna16@adventure-works.com,"$70,000 ",5,Bachelors,Management,Y
22748,MR.,ADAM,PHILLIPS,9/13/1946,S,M,adam36@adventure-works.com,"$70,000 ",5,Bachelors,Management,Y
22749,MRS.,MIRANDA,PATTERSON,7/10/1946,M,F,miranda10@adventure-works.com,"$70,000 ",5,Bachelors,Management,Y
22750,MR.,JESSE,GONZALEZ,6/4/1946,M,M,jesse33@adventure-works.com,"$70,000 ",5,Bachelors,Management,Y
22751,MR.,SAMUEL,RODRIGUEZ,7/18/1946,M,M,samuel64@adventure-works.com,"$60,000 ",4,Bachelors,Management,N
22752,MR.,DANIEL,BROWN,4/11/1946,M,M,daniel22@adventure-works.com,"$60,000 ",4,Bachelors,Management,N
22753,MRS.,HAILEY,MORGAN,8/22/1947,S,F,hailey5@adventure-works.com,"$70,000 ",2,Partial College,Professional,N
22754,MR.,ROBERT,FOSTER,2/25/1947,M,M,robert28@adventure-works.com,"$70,000 ",2,Partial College,Professional,Y
22755,MR.,CHRISTIAN,BROWN,5/11/1947,M,M,christian35@adventure-works.com,"$70,000 ",2,Partial College,Professional,Y
22756,MR.,JON,NATH,11/7/1947,M,M,jon15@adventure-works.com,"$70,000 ",2,Partial College,Professional,Y
22757,MRS.,SAVANNAH,PETERSON,5/4/1947,M,F,savannah3@adventure-works.com,"$70,000 ",2,Partial College,Professional,Y
22758,MRS.,KATHERINE,JACKSON,5/20/1948,S,F,katherine82@adventure-works.com,"$60,000 ",2,Partial College,Professional,N
22759,MRS.,JULIA,RAMIREZ,11/21/1948,M,F,julia60@adventure-works.com,"$60,000 ",2,Partial College,Professional,Y
22760,MR.,HUNTER,CHEN,10/4/1948,M,M,hunter20@adventure-works.com,"$60,000 ",2,Partial College,Professional,N
22761,MR.,EDUARDO,PRICE,9/9/1948,S,M,eduardo44@adventure-works.com,"$60,000 ",2,Partial College,Professional,Y
22762,MRS.,MELISSA,DIAZ,4/13/1948,M,F,melissa17@adventure-works.com,"$60,000 ",2,Partial College,Professional,Y
22763,MRS.,REBECCA,GONZALEZ,8/10/1948,S,F,rebecca11@adventure-works.com,"$60,000 ",2,Partial College,Professional,Y
22764,MR.,CHASE,BROOKS,6/4/1948,M,M,chase2@adventure-works.com,"$60,000 ",2,Partial College,Professional,Y
22765,MR.,LUIS,COLLINS,9/21/1949,M,M,luis35@adventure-works.com,"$60,000 ",2,Partial College,Professional,Y
22766,MRS.,CASSIDY,HAYES,11/5/1949,M,F,cassidy24@adventure-works.com,"$60,000 ",2,Partial College,Professional,Y
22767,MR.,LUIS,HERNANDEZ,5/21/1949,M,M,luis50@adventure-works.com,"$60,000 ",2,Partial College,Professional,Y
22768,MR.,AARON,ZHANG,7/22/1949,M,M,aaron23@adventure-works.com,"$60,000 ",2,Bachelors,Management,Y
22769,MR.,BENJAMIN,MARTIN,10/22/1949,M,M,benjamin51@adventure-works.com,"$60,000 ",2,Partial College,Professional,Y
22770,MRS.,CHLOE,MORGAN,11/25/1949,M,F,chloe51@adventure-works.com,"$70,000 ",4,Partial College,Professional,Y
22771,MR.,MASON,KING,11/27/1950,M,M,mason40@adventure-works.com,"$40,000 ",2,Partial High School,Skilled Manual,N
22772,MRS.,ERIN,WATSON,12/13/1950,M,F,erin4@adventure-works.com,"$40,000 ",2,Partial High School,Skilled Manual,Y
22773,MRS.,AUTUMN,ZHANG,4/23/1950,M,F,autumn0@adventure-works.com,"$60,000 ",2,Partial College,Professional,Y
22774,MR.,CALEB,ALEXANDER,10/19/1950,M,M,caleb15@adventure-works.com,"$60,000 ",2,Partial College,Professional,Y
22775,MRS.,MADISON,MARTINEZ,8/20/1950,M,F,madison18@adventure-works.com,"$60,000 ",2,Partial College,Professional,Y
22776,MRS.,JULIA,PERRY,5/6/1950,M,F,julia74@adventure-works.com,"$70,000 ",4,Partial College,Professional,Y
22777,MR.,TYLER,GARCIA,4/12/1951,M,M,tyler12@adventure-works.com,"$60,000 ",2,High School,Professional,Y
22778,MRS.,MONIQUE,DOMINGUEZ,11/13/1951,M,F,monique9@adventure-works.com,"$60,000 ",2,Partial College,Professional,Y
22779,MR.,LANCE,RUIZ,12/12/1951,M,M,lance2@adventure-works.com,"$60,000 ",2,Partial College,Professional,Y
22780,MRS.,JENNIFER,ROGERS,5/17/1951,M,F,jennifer55@adventure-works.com,"$60,000 ",2,Partial College,Professional,Y
22781,MR.,HUNTER,POWELL,6/22/1951,M,M,hunter5@adventure-works.com,"$70,000 ",4,Partial College,Professional,Y
22782,MR.,DAKOTA,WOOD,4/3/1951,S,M,dakota1@adventure-works.com,"$70,000 ",4,Partial College,Professional,Y
22783,MR.,ISAAC,GREEN,10/4/1952,M,M,isaac38@adventure-works.com,"$70,000 ",2,Partial High School,Skilled Manual,Y
22784,MR.,NICHOLAS,JACKSON,6/17/1952,M,M,nicholas12@adventure-works.com,"$70,000 ",2,Partial High School,Skilled Manual,Y
22785,MR.,OSCAR,PERRY,1/13/1952,M,M,oscar16@adventure-works.com,"$70,000 ",2,Partial High School,Skilled Manual,Y
22786,MR.,WYATT,GOLDSTEIN,7/16/1952,M,M,wyatt67@adventure-works.com,"$70,000 ",2,Partial High School,Skilled Manual,Y
22787,MRS.,ANDREA,SANCHEZ,3/11/1952,M,F,andrea28@adventure-works.com,"$70,000 ",2,Partial High School,Skilled Manual,Y
22788,MR.,JORDAN,JENKINS,12/14/1952,M,M,jordan3@adventure-works.com,"$70,000 ",2,Partial High School,Skilled Manual,N
22789,MR.,RICHARD,TAYLOR,7/11/1952,M,M,richard49@adventure-works.com,"$70,000 ",2,Partial High School,Skilled Manual,Y
22790,MR.,LUKE,PHILLIPS,2/5/1952,S,M,luke37@adventure-works.com,"$70,000 ",2,Partial High School,Skilled Manual,Y
22791,MRS.,TAYLOR,JENKINS,3/10/1952,M,F,taylor32@adventure-works.com,"$60,000 ",2,High School,Professional,Y
22792,MR.,THOMAS,CARTER,2/5/1953,M,M,thomas47@adventure-works.com,"$70,000 ",4,Partial College,Professional,Y
22793,MR.,ANTONIO,JENKINS,6/18/1953,S,M,antonio6@adventure-works.com,"$70,000 ",4,Partial College,Professional,Y
22794,MRS.,KELLI,DENG,5/8/1958,M,F,kelli24@adventure-works.com,"$130,000 ",2,Partial College,Professional,Y
22795,MRS.,TARA,YUAN,2/18/1957,M,F,tara7@adventure-works.com,"$110,000 ",2,Partial College,Professional,Y
22796,MR.,BRAD,NATH,5/17/1957,M,M,brad19@adventure-works.com,"$110,000 ",2,Partial College,Professional,N
22797,MR.,LEONARD,SHE,2/26/1957,M,M,leonard1@adventure-works.com,"$130,000 ",2,Partial College,Professional,Y
22799,MRS.,RILEY,ALEXANDER,4/4/1956,M,F,riley16@adventure-works.com,"$120,000 ",3,Partial High School,Professional,N
22800,MR.,DWAYNE,ALVAREZ,6/13/1955,M,M,dwayne4@adventure-works.com,"$90,000 ",2,High School,Professional,N
22801,MRS.,ALICIA,RAJE,11/10/1955,M,F,alicia12@adventure-works.com,"$110,000 ",3,Partial College,Professional,Y
22802,MRS.,ANN,VAN,3/24/1955,S,F,ann9@adventure-works.com,"$120,000 ",3,Partial High School,Professional,Y
22803,MR.,MARSHALL,SHAN,2/5/1955,S,M,marshall31@adventure-works.com,"$130,000 ",3,Partial College,Professional,N
22805,MRS.,CRISTINA,GOEL,10/25/1944,M,F,cristina16@adventure-works.com,"$80,000 ",5,Bachelors,Management,Y
22806,MRS.,CRYSTAL,SUN,4/26/1944,M,F,crystal14@adventure-works.com,"$90,000 ",5,Partial College,Professional,Y
22807,MRS.,CINDY,GARCIA,4/9/1944,M,F,cindy15@adventure-works.com,"$130,000 ",3,Bachelors,Management,Y
22808,MRS.,EBONY,SURI,4/20/1944,S,F,ebony0@adventure-works.com,"$170,000 ",3,Bachelors,Management,N
22809,MR.,MARTIN,SARA,6/15/1945,M,M,martin15@adventure-works.com,"$80,000 ",5,Partial College,Professional,Y
22810,MR.,NATHANIEL,SANCHEZ,4/7/1945,M,M,nathaniel19@adventure-works.com,"$90,000 ",5,Partial College,Professional,N
22812,MRS.,DESTINY,WASHINGTON,9/24/1945,M,F,destiny61@adventure-works.com,"$120,000 ",4,Bachelors,Management,Y
22813,MR.,JERRY,DENG,9/12/1945,M,M,jerry1@adventure-works.com,"$130,000 ",4,Bachelors,Management,Y
22814,MR.,EDWIN,KUMAR,2/10/1946,M,M,edwin30@adventure-works.com,"$100,000 ",2,Bachelors,Management,Y
22815,MRS.,MARGARET,WANG,8/10/1946,M,F,margaret8@adventure-works.com,"$100,000 ",3,Bachelors,Management,Y
22816,MRS.,ERICA,CAI,6/7/1946,M,F,erica20@adventure-works.com,"$120,000 ",4,Bachelors,Management,Y
22817,MR.,CALVIN,NATH,3/18/1946,S,M,calvin17@adventure-works.com,"$120,000 ",4,Bachelors,Management,Y
22818,MRS.,JANET,RUIZ,4/1/1946,M,F,janet7@adventure-works.com,"$150,000 ",3,Graduate Degree,Management,Y
22819,MRS.,DAISY,ALVAREZ,5/20/1953,M,F,daisy1@adventure-works.com,"$80,000 ",4,Partial College,Professional,Y
22820,MR.,ALEX,NELSON,11/13/1954,M,M,alex38@adventure-works.com,"$100,000 ",3,High School,Professional,Y
22821,MRS.,WENDY,MUNOZ,6/1/1954,M,F,wendy7@adventure-works.com,"$130,000 ",3,Partial College,Professional,Y
22822,MR.,DEVIN,ANDERSON,2/22/1954,M,M,devin8@adventure-works.com,"$170,000 ",5,High School,Professional,Y
22823,MRS.,ISABEL,ALEXANDER,7/12/1953,M,F,isabel18@adventure-works.com,"$160,000 ",2,Bachelors,Management,Y
22824,MRS.,APRIL,NATH,11/21/1952,M,F,april14@adventure-works.com,"$80,000 ",4,Partial College,Professional,N
22825,MRS.,KELLI,ZENG,5/12/1952,S,F,kelli22@adventure-works.com,"$120,000 ",4,Partial College,Professional,Y
22826,MR.,CHRISTIAN,RUSSELL,10/19/1952,M,M,christian7@adventure-works.com,"$130,000 ",4,High School,Professional,Y
22827,MR.,CLAYTON,GAO,12/18/1951,M,M,clayton14@adventure-works.com,"$80,000 ",5,High School,Professional,Y
22828,MR.,FRANCISCO,SURI,1/2/1950,M,M,francisco1@adventure-works.com,"$160,000 ",4,Partial College,Management,Y
22829,MRS.,CHELSEA,CHANDRA,8/27/1949,M,F,chelsea2@adventure-works.com,"$80,000 ",5,High School,Management,Y
22830,MR.,LEE,TRAVERS,11/5/1949,M,M,lee10@adventure-works.com,"$120,000 ",4,Partial College,Management,Y
22831,MR.,VICTOR,RUIZ,12/6/1948,S,M,victor3@adventure-works.com,"$70,000 ",5,Partial High School,Skilled Manual,Y
22832,MR.,MARTIN,GONZALEZ,6/9/1948,M,M,martin23@adventure-works.com,"$70,000 ",5,Partial High School,Skilled Manual,Y
22833,MR.,BRUCE,PRASAD,3/22/1948,M,M,bruce8@adventure-works.com,"$80,000 ",5,High School,Management,Y
22834,MR.,DARRYL,ZHOU,4/18/1947,M,M,darryl8@adventure-works.com,"$100,000 ",3,Partial High School,Professional,Y
22835,MR.,ALAN,ZHANG,11/13/1947,M,M,alan28@adventure-works.com,"$100,000 ",4,Partial High School,Professional,Y
22836,MRS.,MICHELE,SAI,4/4/1947,S,F,michele61@adventure-works.com,"$110,000 ",4,Partial High School,Professional,Y
22837,MR.,SERGIO,CHANDRA,2/10/1947,M,M,sergio2@adventure-works.com,"$120,000 ",5,High School,Management,Y
22838,MR.,CEDRIC,RAI,8/2/1947,M,M,cedric36@adventure-works.com,"$130,000 ",5,Partial High School,Professional,Y
22839,MS.,BRANDY,MEHTA,5/19/1975,S,F,brandy10@adventure-works.com,"$60,000 ",0,Bachelors,Professional,N
22840,MR.,DOMINIC,SULLIVAN,4/10/1976,S,M,dominic13@adventure-works.com,"$70,000 ",0,Bachelors,Professional,Y
22841,MR.,DOUGLAS,MARTINEZ,8/19/1976,S,M,douglas21@adventure-works.com,"$70,000 ",0,Bachelors,Professional,Y
22842,MS.,MICHELE,NARA,4/20/1976,S,F,michele17@adventure-works.com,"$70,000 ",0,Bachelors,Professional,N
22843,MS.,TIFFANY,LU,10/7/1976,S,F,tiffany11@adventure-works.com,"$70,000 ",0,Bachelors,Professional,N
22844,MS.,MARIE,ARUN,8/18/1976,M,F,marie11@adventure-works.com,"$70,000 ",0,Bachelors,Professional,N
22845,MR.,JAKE,CHEN,3/13/1976,M,M,jake2@adventure-works.com,"$80,000 ",0,Bachelors,Professional,N
22846,MR.,FRANK,GUTIERREZ,5/18/1975,S,M,frank18@adventure-works.com,"$80,000 ",0,Bachelors,Professional,N
22847,MS.,JACLYN,CHEN,11/20/1974,S,F,jaclyn2@adventure-works.com,"$80,000 ",0,Bachelors,Professional,N
22848,MR.,PETER,PAL,10/9/1974,S,M,peter18@adventure-works.com,"$80,000 ",0,Bachelors,Professional,N
22849,MR.,KRISTOPHER,SURI,5/17/1973,M,M,kristopher0@adventure-works.com,"$80,000 ",0,Bachelors,Professional,Y
22850,MR.,DEVON,LUO,2/5/1974,M,M,devon4@adventure-works.com,"$130,000 ",4,High School,Management,N
22851,MS.,KAYLEE,EDWARDS,7/16/1973,S,F,kaylee21@adventure-works.com,"$90,000 ",0,Bachelors,Professional,N
22852,MR.,BILLY,ALONSO,8/22/1972,M,M,billy10@adventure-works.com,"$80,000 ",0,Bachelors,Professional,Y
22853,MS.,TASHA,PAL,5/5/1972,S,F,tasha13@adventure-works.com,"$80,000 ",0,Bachelors,Professional,Y
22854,MS.,EBONY,MEHTA,8/20/1973,S,F,ebony14@adventure-works.com,"$100,000 ",0,High School,Management,Y
22855,MS.,SUMMER,SAI,2/12/1973,M,F,summer4@adventure-works.com,"$110,000 ",0,Partial College,Management,N
22856,MR.,LANCE,CARLSON,10/14/1971,M,M,lance18@adventure-works.com,"$80,000 ",0,Bachelors,Professional,N
22857,MR.,JULIO,ROMERO,1/15/1972,M,M,julio9@adventure-works.com,"$110,000 ",0,High School,Management,Y
22858,MRS.,DEBORAH,TANG,8/16/1972,M,F,deborah8@adventure-works.com,"$130,000 ",4,High School,Management,Y
22859,MS.,ARIANNA,SANDERS,7/24/1971,M,F,arianna24@adventure-works.com,"$90,000 ",0,Bachelors,Professional,N
22860,MR.,CEDRIC,KUMAR,5/27/1970,M,M,cedric29@adventure-works.com,"$100,000 ",0,High School,Management,Y
22862,MR.,DERRICK,NAVARRO,1/23/1964,M,M,derrick10@adventure-works.com,"$110,000 ",3,Bachelors,Management,Y
22863,MR.,HUNTER,THOMAS,5/11/1956,M,M,hunter69@adventure-works.com,"$70,000 ",4,Partial College,Professional,Y
22864,MR.,MASON,HALL,12/25/1956,M,M,mason43@adventure-works.com,"$90,000 ",2,Partial College,Professional,N
22865,MRS.,STEPHANIE,HALL,2/3/1934,M,F,stephanie67@adventure-works.com,"$80,000 ",4,Graduate Degree,Management,Y
22866,MR.,WILLIAM,THOMPSON,6/14/1974,S,M,william11@adventure-works.com,"$30,000 ",0,Partial College,Clerical,Y
22867,MR.,MAX,RUIZ,12/6/1980,S,M,max3@adventure-works.com,"$20,000 ",0,Partial High School,Manual,N
22868,MR.,ERNEST,SUN,2/23/1980,S,M,ernest13@adventure-works.com,"$20,000 ",0,Partial High School,Manual,N
22869,MR.,RAFAEL,LU,10/13/1980,S,M,rafael12@adventure-works.com,"$20,000 ",0,Partial High School,Manual,N
22870,MS.,BARBARA,CHEN,11/15/1978,S,F,barbara12@adventure-works.com,"$30,000 ",0,High School,Manual,Y
22871,MR.,DAVID,COLEMAN,10/7/1962,M,M,david38@adventure-works.com,"$70,000 ",1,Partial College,Skilled Manual,Y
22872,MRS.,SARA,BAILEY,6/26/1962,M,F,sara17@adventure-works.com,"$70,000 ",1,Partial College,Skilled Manual,Y
22873,MR.,ROBERT,WILLIAMS,1/26/1962,M,M,robert86@adventure-works.com,"$70,000 ",1,Partial College,Skilled Manual,Y
22874,MR.,DREW,ANAND,10/10/1961,S,M,drew23@adventure-works.com,"$40,000 ",4,High School,Skilled Manual,Y
22875,MR.,ROBERT,RUSSELL,3/16/1961,S,M,robert31@adventure-works.com,"$40,000 ",4,High School,Skilled Manual,Y
22876,MRS.,JENNA,CAMPBELL,11/16/1961,M,F,jenna6@adventure-works.com,"$40,000 ",4,High School,Skilled Manual,Y
22877,MR.,XAVIER,GRIFFIN,11/10/1961,M,M,xavier61@adventure-works.com,"$60,000 ",1,Partial College,Skilled Manual,Y
22878,MRS.,ANGELICA,ROSS,7/11/1961,M,F,angelica3@adventure-works.com,"$60,000 ",1,Partial College,Skilled Manual,Y
22879,MRS.,JOCELYN,RUSSELL,11/20/1961,M,F,jocelyn19@adventure-works.com,"$60,000 ",1,Partial College,Skilled Manual,Y
22880,MRS.,ASHLEY,HARRIS,7/1/1960,M,F,ashley14@adventure-works.com,"$40,000 ",4,High School,Skilled Manual,Y
22881,MR.,WYATT,MARTINEZ,10/19/1960,M,M,wyatt18@adventure-works.com,"$40,000 ",4,High School,Skilled Manual,Y
22882,MR.,CHARLES,JONES,3/5/1967,S,M,charles6@adventure-works.com,"$50,000 ",0,Partial College,Skilled Manual,N
22883,MR.,XAVIER,MORGAN,5/14/1967,S,M,xavier80@adventure-works.com,"$50,000 ",0,Partial College,Skilled Manual,N
22884,MS.,DANIELLE,RICHARDSON,11/23/1967,S,F,danielle11@adventure-works.com,"$50,000 ",0,Partial College,Skilled Manual,N
22885,MR.,CALEB,HENDERSON,2/28/1967,S,M,caleb1@adventure-works.com,"$60,000 ",0,Graduate Degree,Professional,Y
22886,MS.,ANDREA,KING,9/8/1967,S,F,andrea41@adventure-works.com,"$60,000 ",0,Graduate Degree,Professional,Y
22887,MR.,MASON,RICHARDSON,3/4/1960,M,M,mason10@adventure-works.com,"$60,000 ",1,Partial College,Skilled Manual,Y
22888,MRS.,ABIGAIL,LONG,3/4/1960,M,F,abigail64@adventure-works.com,"$60,000 ",1,Partial College,Skilled Manual,Y
22889,MRS.,JULIA,LONG,5/26/1959,M,F,julia75@adventure-works.com,"$60,000 ",1,Partial College,Skilled Manual,Y
22890,MRS.,ALEXIS,HALL,9/25/1959,M,F,alexis21@adventure-works.com,"$60,000 ",4,Bachelors,Professional,Y
22891,MRS.,ANDREA,GONZALEZ,2/1/1959,M,F,andrea33@adventure-works.com,"$60,000 ",4,Bachelors,Professional,Y
22892,MR.,TIMOTHY,MITCHELL,4/17/1959,S,M,timothy36@adventure-works.com,"$70,000 ",1,Graduate Degree,Professional,N
22893,MRS.,CHLOE,MILLER,7/17/1959,S,F,chloe39@adventure-works.com,"$70,000 ",2,Graduate Degree,Professional,N
22894,MRS.,DANIELLE,RAMIREZ,5/2/1959,M,F,danielle9@adventure-works.com,"$70,000 ",5,Graduate Degree,Professional,Y
22895,MR.,EDUARDO,PEREZ,11/20/1959,S,M,eduardo36@adventure-works.com,"$70,000 ",5,Graduate Degree,Professional,Y
22896,MR.,LOGAN,MILLER,3/19/1958,M,M,logan57@adventure-works.com,"$60,000 ",3,Bachelors,Professional,Y
22897,MRS.,ARIANNA,RAMIREZ,5/27/1958,M,F,arianna28@adventure-works.com,"$60,000 ",1,Bachelors,Professional,Y
22898,MRS.,MELANIE,WASHINGTON,3/2/1958,M,F,melanie0@adventure-works.com,"$60,000 ",1,Bachelors,Professional,Y
22899,MR.,CHARLES,CARTER,5/21/1958,M,M,charles38@adventure-works.com,"$60,000 ",1,Bachelors,Professional,Y
22900,MR.,HUNTER,LI,12/6/1958,S,M,hunter21@adventure-works.com,"$60,000 ",1,Bachelors,Professional,Y
22901,MRS.,KATHERINE,STEWART,10/26/1958,S,F,katherine2@adventure-works.com,"$60,000 ",1,Bachelors,Professional,N
22902,MR.,PEDRO,MADAN,5/25/1958,M,M,pedro8@adventure-works.com,"$70,000 ",5,Graduate Degree,Professional,Y
22903,MRS.,HAILEY,STEWART,6/11/1958,S,F,hailey0@adventure-works.com,"$80,000 ",5,Graduate Degree,Professional,Y
22904,MR.,MITCHELL,SHEN,7/15/1969,S,M,mitchell2@adventure-works.com,"$90,000 ",1,Graduate Degree,Management,N
22905,MR.,JOE,SCHMIDT,7/18/1969,M,M,joe13@adventure-works.com,"$90,000 ",1,Graduate Degree,Management,Y
22906,MRS.,JESSIE,MORENO,10/25/1969,M,F,jessie4@adventure-works.com,"$90,000 ",1,Graduate Degree,Management,N
22907,MR.,BARRY,SAI,2/22/1968,M,M,barry6@adventure-works.com,"$60,000 ",2,Bachelors,Professional,Y
22908,MR.,EDDIE,ORTEGA,3/22/1970,M,M,eddie22@adventure-works.com,"$90,000 ",2,Bachelors,Professional,Y
22909,MR.,TOMMY,GOEL,11/25/1968,S,M,tommy16@adventure-works.com,"$60,000 ",2,Bachelors,Professional,N
22910,MRS.,LATOYA,TANG,4/17/1968,M,F,latoya3@adventure-works.com,"$60,000 ",2,Bachelors,Professional,Y
22911,MR.,GREGORY,RAJE,10/4/1968,M,M,gregory17@adventure-works.com,"$70,000 ",5,Bachelors,Professional,Y
22912,MRS.,MALLORY,MORENO,12/7/1969,S,F,mallory14@adventure-works.com,"$110,000 ",1,Graduate Degree,Management,Y
22913,MRS.,VALERIE,LU,12/25/1969,S,F,valerie13@adventure-works.com,"$120,000 ",1,Graduate Degree,Management,Y
22914,MRS.,FAITH,GRAY,2/9/1967,S,F,faith27@adventure-works.com,"$70,000 ",5,Bachelors,Professional,Y
22915,MRS.,CARLY,SHEN,2/8/1967,M,F,carly1@adventure-works.com,"$70,000 ",5,Bachelors,Professional,Y
22916,MRS.,RAQUEL,ROMERO,5/21/1967,M,F,raquel6@adventure-works.com,"$70,000 ",5,Bachelors,Professional,Y
22917,MR.,MAURICE,SHE,4/11/1966,S,M,maurice0@adventure-works.com,"$80,000 ",5,Graduate Degree,Management,Y
22918,MR.,CALVIN,JAI,3/20/1966,S,M,calvin11@adventure-works.com,"$80,000 ",5,Graduate Degree,Management,Y
22919,MR.,STANLEY,RANA,9/12/1966,M,M,stanley12@adventure-works.com,"$80,000 ",5,Bachelors,Professional,Y
22920,MR.,CALVIN,ANDERSEN,2/25/1965,M,M,calvin12@adventure-works.com,"$60,000 ",3,Bachelors,Professional,Y
22921,MS.,KELSEY,SHEN,2/18/1968,S,F,kelsey1@adventure-works.com,"$70,000 ",0,Bachelors,Professional,Y
22922,MS.,HEIDI,MARTINEZ,7/9/1968,S,F,heidi20@adventure-works.com,"$70,000 ",0,Bachelors,Professional,N
22923,MR.,MASON,LOPEZ,1/26/1964,M,M,mason33@adventure-works.com,"$60,000 ",3,Bachelors,Professional,Y
22924,MRS.,MARIE,SANCHEZ,2/1/1964,S,F,marie22@adventure-works.com,"$60,000 ",4,Bachelors,Professional,Y
22925,MRS.,KARLA,SHEN,5/17/1964,M,F,karla2@adventure-works.com,"$60,000 ",4,Bachelors,Professional,Y
22926,MR.,KEITH,YUAN,2/8/1963,S,M,keith9@adventure-works.com,"$60,000 ",3,Bachelors,Professional,Y
22927,MR.,JON,GUO,2/3/1963,S,M,jon38@adventure-works.com,"$60,000 ",3,Bachelors,Professional,N
22928,MS.,NATALIE,NELSON,4/11/1963,S,F,natalie52@adventure-works.com,"$70,000 ",0,Bachelors,Professional,N
22929,MRS.,ISABELLA,DAVIS,10/28/1967,S,F,isabella62@adventure-works.com,"$90,000 ",2,Bachelors,Professional,N
22930,MR.,BRETT,RAMAN,11/22/1967,M,M,brett11@adventure-works.com,"$90,000 ",4,Bachelors,Professional,Y
22931,MR.,LOGAN,JOHNSON,3/2/1928,M,M,logan50@adventure-works.com,"$100,000 ",5,Graduate Degree,Management,N
22932,MR.,MAURICE,JAI,5/11/1962,S,M,maurice12@adventure-works.com,"$70,000 ",1,Partial College,Skilled Manual,N
22933,MRS.,KELLI,CHANDE,9/14/1962,S,F,kelli38@adventure-works.com,"$60,000 ",1,Bachelors,Professional,N
22934,MRS.,TONYA,KUMAR,11/16/1962,M,F,tonya7@adventure-works.com,"$60,000 ",1,Bachelors,Professional,Y
22935,MRS.,TAMARA,SHEN,5/23/1961,S,F,tamara13@adventure-works.com,"$60,000 ",1,Partial College,Skilled Manual,N
22936,MRS.,JILL,DIAZ,8/1/1961,S,F,jill10@adventure-works.com,"$60,000 ",1,Partial College,Skilled Manual,N
22937,MR.,JOSE,BAKER,6/14/1961,S,M,jose52@adventure-works.com,"$60,000 ",1,Bachelors,Professional,N
22938,MR.,HECTOR,BLANCO,8/1/1961,M,M,hector13@adventure-works.com,"$60,000 ",1,Partial College,Skilled Manual,Y
22939,MRS.,REBEKAH,ARTHUR,6/12/1961,S,F,rebekah7@adventure-works.com,"$60,000 ",1,Partial College,Skilled Manual,Y
22940,MS.,BRIANA,ASHE,11/17/1966,S,F,briana4@adventure-works.com,"$100,000 ",0,Graduate Degree,Management,N
22941,MS.,DESTINY,BAILEY,12/15/1966,S,F,destiny32@adventure-works.com,"$100,000 ",0,Bachelors,Professional,N
22942,MRS.,BRITTNEY,SHE,6/26/1960,M,F,brittney22@adventure-works.com,"$60,000 ",1,Partial College,Skilled Manual,Y
22943,MR.,TIMOTHY,PARKER,10/7/1960,S,M,timothy24@adventure-works.com,"$60,000 ",1,Partial College,Skilled Manual,N
22944,MRS.,JODI,LAL,4/12/1959,M,F,jodi8@adventure-works.com,"$90,000 ",1,Bachelors,Professional,Y
22945,MRS.,LINDA,SANZ,11/18/1959,M,F,linda35@adventure-works.com,"$90,000 ",1,Bachelors,Professional,N
22946,MR.,BRYANT,KAPOOR,5/18/1959,S,M,bryant1@adventure-works.com,"$90,000 ",1,Bachelors,Professional,Y
22947,MRS.,DANIELLE,TORRES,10/10/1933,S,F,danielle15@adventure-works.com,"$40,000 ",2,Bachelors,Professional,N
22948,MR.,LUCAS,TURNER,7/4/1964,S,M,lucas6@adventure-works.com,"$70,000 ",0,Bachelors,Professional,N
22949,MR.,GAVIN,BUTLER,3/20/1934,S,M,gavin13@adventure-works.com,"$50,000 ",1,Graduate Degree,Management,Y
22950,MS.,NICOLE,COX,11/12/1963,S,F,nicole37@adventure-works.com,"$70,000 ",0,Bachelors,Professional,N
22951,MS.,CHELSEA,MEHTA,7/5/1963,S,F,chelsea15@adventure-works.com,"$70,000 ",0,Bachelors,Professional,Y
22952,MR.,LUKE,BAKER,5/9/1963,M,M,luke39@adventure-works.com,"$70,000 ",0,Bachelors,Professional,N
22953,MS.,BARBARA,LIANG,11/15/1963,S,F,barbara26@adventure-works.com,"$70,000 ",0,Bachelors,Professional,Y
22954,MR.,JUSTIN,THOMPSON,3/4/1963,S,M,justin43@adventure-works.com,"$70,000 ",0,Bachelors,Professional,N
22955,MRS.,LESLIE,SUAREZ,6/24/1962,M,F,leslie19@adventure-works.com,"$70,000 ",5,Bachelors,Professional,N
22957,MRS.,NICOLE,DAVIS,4/12/1962,M,F,nicole5@adventure-works.com,"$70,000 ",5,Partial College,Skilled Manual,Y
22958,MRS.,BRANDY,FERNANDEZ,2/1/1961,S,F,brandy12@adventure-works.com,"$60,000 ",1,Partial College,Skilled Manual,N
22960,MR.,DOUGLAS,MALHOTRA,8/10/1961,M,M,douglas8@adventure-works.com,"$70,000 ",5,Partial College,Skilled Manual,Y
22961,MRS.,NINA,SHE,7/7/1961,M,F,nina0@adventure-works.com,"$70,000 ",5,Partial College,Skilled Manual,Y
22962,MR.,CASEY,MARTIN,7/6/1957,M,M,casey23@adventure-works.com,"$70,000 ",1,Partial College,Skilled Manual,Y
22963,MR.,WILLIE,YE,12/22/1957,M,M,willie7@adventure-works.com,"$70,000 ",1,Partial College,Skilled Manual,Y
22964,MR.,ERIC,HAYES,5/1/1935,S,M,eric30@adventure-works.com,"$30,000 ",2,Partial College,Clerical,N
22965,MRS.,CARRIE,GOMEZ,7/2/1936,S,F,carrie0@adventure-works.com,"$30,000 ",2,Partial College,Clerical,N
22966,MRS.,JODI,CHAPMAN,12/2/1956,S,F,jodi16@adventure-works.com,"$80,000 ",2,Partial College,Skilled Manual,N
22967,MS.,RACHEL,SMITH,11/23/1976,M,F,rachel2@adventure-works.com,"$30,000 ",0,High School,Skilled Manual,N
22968,MR.,LOGAN,PEREZ,4/16/1975,S,M,logan38@adventure-works.com,"$40,000 ",0,High School,Skilled Manual,N
22969,MS.,TAYLOR,MARTIN,9/27/1975,S,F,taylor62@adventure-works.com,"$40,000 ",0,High School,Skilled Manual,N
22970,MS.,MARY,PHILLIPS,10/6/1976,S,F,mary19@adventure-works.com,"$40,000 ",0,High School,Skilled Manual,N
22971,MS.,MORGAN,HOWARD,11/6/1980,S,F,morgan59@adventure-works.com,"$30,000 ",0,High School,Skilled Manual,N
22972,MS.,BAILEY,JAMES,2/24/1980,S,F,bailey6@adventure-works.com,"$40,000 ",0,High School,Skilled Manual,N
22973,MR.,ALAN,LIN,9/24/1946,S,M,alan11@adventure-works.com,"$10,000 ",5,High School,Skilled Manual,N
22974,MRS.,ERIKA,VAZQUEZ,5/17/1937,M,F,erika12@adventure-works.com,"$30,000 ",2,Partial College,Clerical,Y
22975,MS.,COURTNEY,TURNER,9/12/1978,S,F,courtney2@adventure-works.com,"$30,000 ",0,Partial High School,Clerical,N
22976,MR.,ERIC,FOSTER,4/9/1978,S,M,eric23@adventure-works.com,"$40,000 ",0,High School,Skilled Manual,N
22977,MR.,IAN,PATTERSON,4/21/1978,M,M,ian51@adventure-works.com,"$40,000 ",0,High School,Skilled Manual,N
22978,MR.,DEVON,JAI,10/26/1938,M,M,devon9@adventure-works.com,"$40,000 ",2,Bachelors,Management,Y
22979,MR.,THEODORE,HERNANDEZ,7/22/1977,S,M,theodore4@adventure-works.com,"$30,000 ",0,Partial High School,Clerical,N
22980,MR.,OSCAR,WASHINGTON,2/23/1977,M,M,oscar21@adventure-works.com,"$40,000 ",0,High School,Skilled Manual,Y
22981,MS.,AMANDA,FLORES,5/26/1977,S,F,amanda33@adventure-works.com,"$40,000 ",0,High School,Skilled Manual,N
22983,MS.,MARIA,BENNETT,6/15/1979,S,F,maria24@adventure-works.com,"$30,000 ",0,Partial High School,Clerical,Y
22984,MR.,CAMERON,ROBINSON,10/11/1979,M,M,cameron36@adventure-works.com,"$40,000 ",0,High School,Skilled Manual,Y
22985,MS.,HAILEY,PHILLIPS,9/6/1979,M,F,hailey48@adventure-works.com,"$40,000 ",0,High School,Skilled Manual,N
22986,MRS.,CARLY,JAI,7/27/1940,S,F,carly11@adventure-works.com,"$30,000 ",2,Partial College,Clerical,N
22987,MR.,JEROME,DOMINGUEZ,10/19/1940,M,M,jerome11@adventure-works.com,"$40,000 ",2,Bachelors,Management,Y
22988,MRS.,PATRICIA,MADAN,3/20/1940,M,F,patricia11@adventure-works.com,"$40,000 ",2,Bachelors,Management,Y
22989,MS.,MEGAN,BUTLER,7/8/1976,M,F,megan63@adventure-works.com,"$40,000 ",0,Partial College,Skilled Manual,Y
22990,MS.,ALYSSA,STEWART,12/3/1976,S,F,alyssa24@adventure-works.com,"$40,000 ",0,Partial College,Skilled Manual,N
22991,MS.,MORGAN,JENKINS,7/25/1974,S,F,morgan76@adventure-works.com,"$50,000 ",0,Partial College,Skilled Manual,Y
22993,MR.,XAVIER,SANCHEZ,2/20/1972,S,M,xavier85@adventure-works.com,"$70,000 ",0,Partial College,Skilled Manual,N
22994,MS.,CHLOE,ALLEN,5/27/1972,M,F,chloe22@adventure-works.com,"$80,000 ",0,Bachelors,Management,Y
22995,MS.,ISABELLA,BRYANT,6/1/1972,S,F,isabella28@adventure-works.com,"$80,000 ",0,Bachelors,Management,Y
22996,MR.,JORDAN,HENDERSON,12/3/1972,M,M,jordan1@adventure-works.com,"$80,000 ",0,Bachelors,Management,Y
22997,MR.,LUCAS,WILLIAMS,9/22/1968,M,M,lucas15@adventure-works.com,"$80,000 ",0,Bachelors,Management,Y
22998,MS.,LAUREN,WASHINGTON,11/26/1968,M,F,lauren60@adventure-works.com,"$80,000 ",0,Bachelors,Management,Y
22999,MR.,JACKSON,HILL,10/6/1968,M,M,jackson43@adventure-works.com,"$80,000 ",0,Bachelors,Management,Y
23000,MS.,VICTORIA,HENDERSON,6/12/1967,M,F,victoria52@adventure-works.com,"$110,000 ",0,Graduate Degree,Management,Y
23001,MR.,JULIO,MUNOZ,1/24/1967,S,M,julio7@adventure-works.com,"$120,000 ",0,Bachelors,Management,N
23002,MR.,ARTHUR,HERNANDEZ,3/3/1968,S,M,arthur27@adventure-works.com,"$90,000 ",4,Partial College,Skilled Manual,N
23003,MRS.,ASHLEY,ROBINSON,5/27/1968,S,F,ashley19@adventure-works.com,"$100,000 ",2,Bachelors,Management,N
23004,MR.,RAYMOND,FERNANDEZ,8/9/1968,M,M,raymond16@adventure-works.com,"$130,000 ",1,Graduate Degree,Management,Y
23005,MR.,LUKE,SHARMA,11/21/1979,M,M,luke19@adventure-works.com,"$40,000 ",0,High School,Skilled Manual,N
23006,MR.,SETH,LEE,3/26/1979,M,M,seth21@adventure-works.com,"$30,000 ",0,Partial College,Skilled Manual,Y
23007,MR.,ISAAC,SANCHEZ,11/4/1979,S,M,isaac17@adventure-works.com,"$30,000 ",0,Partial College,Skilled Manual,Y
23008,MRS.,SHEENA,SHE,12/7/1944,M,F,sheena0@adventure-works.com,"$20,000 ",4,High School,Skilled Manual,Y
23009,MR.,DALTON,THOMAS,3/16/1978,M,M,dalton10@adventure-works.com,"$40,000 ",0,High School,Skilled Manual,Y
23010,MR.,SETH,COOK,3/16/1978,S,M,seth83@adventure-works.com,"$40,000 ",0,Partial High School,Clerical,Y
23011,MR.,ISAIAH,RIVERA,4/1/1978,M,M,isaiah16@adventure-works.com,"$30,000 ",0,Partial College,Skilled Manual,Y
23012,MR.,MATHEW,CARLSON,9/24/1946,M,M,mathew14@adventure-works.com,"$20,000 ",4,High School,Skilled Manual,Y
23013,MR.,LOUIS,YANG,4/11/1946,M,M,louis43@adventure-works.com,"$20,000 ",4,High School,Skilled Manual,N
23014,MRS.,CASSANDRA,MEHTA,6/2/1946,M,F,cassandra15@adventure-works.com,"$20,000 ",4,High School,Skilled Manual,Y
23015,MR.,JUAN,RIVERA,2/8/1971,M,M,juan27@adventure-works.com,"$70,000 ",1,Graduate Degree,Skilled Manual,Y
23016,MRS.,VICTORIA,POWELL,2/2/1971,M,F,victoria56@adventure-works.com,"$70,000 ",1,Graduate Degree,Skilled Manual,Y
23017,MRS.,ALISON,RAI,3/5/1971,M,F,alison18@adventure-works.com,"$70,000 ",1,Graduate Degree,Skilled Manual,Y
23018,MR.,RICHARD,WHITE,3/3/1971,M,M,richard53@adventure-works.com,"$70,000 ",1,Graduate Degree,Skilled Manual,Y
23019,MRS.,EMMA,GARCIA,4/14/1971,M,F,emma15@adventure-works.com,"$60,000 ",1,Graduate Degree,Skilled Manual,Y
23020,MS.,HANNAH,JONES,4/22/1963,M,F,hannah4@adventure-works.com,"$90,000 ",0,Partial College,Professional,Y
23021,MS.,STEFANIE,MEHTA,7/18/1963,M,F,stefanie11@adventure-works.com,"$100,000 ",0,Partial College,Professional,Y
23022,MRS.,JOCELYN,BRADLEY,8/22/1962,S,F,jocelyn1@adventure-works.com,"$80,000 ",5,Partial College,Professional,Y
23023,MRS.,NAOMI,VAZQUEZ,11/12/1962,M,F,naomi15@adventure-works.com,"$90,000 ",5,Partial College,Professional,Y
23024,MRS.,EMMA,DAVIS,2/14/1962,M,F,emma4@adventure-works.com,"$100,000 ",1,Partial College,Professional,Y
23025,MR.,RICHARD,RICHARDSON,4/2/1962,M,M,richard91@adventure-works.com,"$100,000 ",1,Partial College,Professional,Y
23026,MRS.,JESSICA,ROGERS,8/12/1962,S,F,jessica3@adventure-works.com,"$120,000 ",1,Partial College,Professional,Y
23027,MR.,FERNANDO,GRIFFIN,4/2/1962,S,M,fernando62@adventure-works.com,"$130,000 ",1,Bachelors,Management,N
23028,MRS.,ANNA,TAYLOR,2/12/1962,M,F,anna69@adventure-works.com,"$130,000 ",1,Bachelors,Management,Y
23029,MR.,IAN,ROSS,4/16/1961,M,M,ian44@adventure-works.com,"$80,000 ",5,Partial College,Professional,Y
23030,MR.,AIDAN,JENKINS,6/10/1961,M,M,aidan7@adventure-works.com,"$90,000 ",4,High School,Professional,Y
23031,MRS.,BROOKE,MORGAN,11/2/1961,S,F,brooke20@adventure-works.com,"$90,000 ",4,High School,Professional,Y
23032,MR.,JESSE,PARKER,3/12/1961,M,M,jesse23@adventure-works.com,"$130,000 ",1,Bachelors,Management,Y
23033,MR.,ALEX,TURNER,4/21/1961,M,M,alex33@adventure-works.com,"$130,000 ",1,Bachelors,Management,Y
23034,MRS.,MELANIE,COOPER,8/11/1961,S,F,melanie34@adventure-works.com,"$130,000 ",1,Bachelors,Management,N
23035,MRS.,MARIA,HOWARD,9/11/1961,M,F,maria14@adventure-works.com,"$130,000 ",1,Bachelors,Management,Y
23036,MR.,CALEB,GREEN,3/3/1961,S,M,caleb44@adventure-works.com,"$130,000 ",1,Bachelors,Management,N
23037,MR.,LUCAS,WOOD,6/21/1955,S,M,lucas51@adventure-works.com,"$80,000 ",2,Partial High School,Skilled Manual,Y
23038,MRS.,SYDNEY,REED,11/27/1955,S,F,sydney4@adventure-works.com,"$60,000 ",2,High School,Professional,N
23039,MR.,WYATT,SCOTT,7/3/1955,M,M,wyatt33@adventure-works.com,"$60,000 ",2,High School,Professional,N
23040,MR.,SETH,MORGAN,3/15/1955,M,M,seth84@adventure-works.com,"$60,000 ",2,High School,Professional,N
23041,MRS.,NATALIE,GARCIA,10/27/1955,S,F,natalie84@adventure-works.com,"$70,000 ",4,High School,Professional,Y
23042,MRS.,RILEY,BLUE,6/26/1955,S,F,riley3@adventure-works.com,"$70,000 ",4,High School,Professional,Y
23043,MRS.,KATHERINE,MOORE,8/5/1955,M,F,katherine78@adventure-works.com,"$70,000 ",4,High School,Professional,Y
23044,MR.,AIDAN,PATTERSON,8/4/1954,M,M,aidan11@adventure-works.com,"$70,000 ",2,Partial High School,Skilled Manual,Y
23045,MR.,GABRIEL,PATTERSON,1/16/1954,M,M,gabriel7@adventure-works.com,"$70,000 ",2,Partial High School,Skilled Manual,N
23046,MRS.,PAMELA,MALHOTRA,8/7/1935,M,F,pamela8@adventure-works.com,"$40,000 ",3,Partial College,Professional,Y
23048,MRS.,ISABELLA,HUGHES,10/26/1936,M,F,isabella21@adventure-works.com,"$40,000 ",3,Partial College,Professional,Y
23049,MRS.,GINA,MORENO,6/17/1936,S,F,gina7@adventure-works.com,"$50,000 ",2,Graduate Degree,Management,N
23050,MR.,JACK,HALL,8/12/1936,M,M,jack57@adventure-works.com,"$50,000 ",2,Graduate Degree,Management,Y
23052,MR.,STEVEN,STEWART,5/16/1936,M,M,steven32@adventure-works.com,"$130,000 ",2,Graduate Degree,Management,Y
23054,MR.,DAVID,MOORE,9/13/1960,M,M,david66@adventure-works.com,"$90,000 ",4,High School,Professional,Y
23055,MR.,SETH,DIAZ,8/8/1960,M,M,seth70@adventure-works.com,"$100,000 ",0,Partial College,Professional,Y
23056,MRS.,ALYSSA,PERRY,5/14/1960,M,F,alyssa54@adventure-works.com,"$120,000 ",1,High School,Professional,Y
23057,MRS.,CAITLIN,RICHARDSON,2/25/1954,M,F,caitlin7@adventure-works.com,"$60,000 ",2,Partial High School,Skilled Manual,N
23058,MRS.,MICHELLE,RIVERA,9/15/1953,S,F,michelle17@adventure-works.com,"$70,000 ",3,Graduate Degree,Management,Y
23059,MR.,SPENCER,PRICE,8/11/1953,M,M,spencer1@adventure-works.com,"$70,000 ",3,Graduate Degree,Management,Y
23060,MRS.,ISABELLA,LONG,6/6/1952,M,F,isabella20@adventure-works.com,"$40,000 ",3,Partial College,Professional,Y
23061,MR.,JEREMIAH,SANDERS,12/26/1952,M,M,jeremiah40@adventure-works.com,"$40,000 ",3,Partial College,Professional,Y
23062,MRS.,NATALIE,REED,9/10/1937,M,F,natalie4@adventure-works.com,"$60,000 ",3,Graduate Degree,Management,Y
23063,MRS.,JENNIFER,THOMPSON,4/16/1937,M,F,jennifer43@adventure-works.com,"$60,000 ",3,Graduate Degree,Management,Y
23064,MR.,ALEXANDER,RODRIGUEZ,5/17/1937,S,M,alexander8@adventure-works.com,"$60,000 ",3,Graduate Degree,Management,Y
23065,MR.,DEREK,NATH,5/21/1937,M,M,derek16@adventure-works.com,"$60,000 ",3,Graduate Degree,Management,Y
23066,MR.,AUSTIN,LAL,2/14/1937,M,M,austin26@adventure-works.com,"$60,000 ",3,Graduate Degree,Management,Y
23067,MRS.,KELLI,PAL,2/4/1938,M,F,kelli35@adventure-works.com,"$60,000 ",3,Graduate Degree,Management,Y
23068,MR.,RYAN,SHAN,8/12/1939,M,M,ryan34@adventure-works.com,"$60,000 ",3,Graduate Degree,Management,Y
23069,MRS.,ANNA,GRAY,10/28/1940,M,F,anna19@adventure-works.com,"$70,000 ",5,Graduate Degree,Management,Y
23070,MRS.,NATALIE,HALL,11/4/1940,M,F,natalie90@adventure-works.com,"$70,000 ",5,Graduate Degree,Management,N
23071,MRS.,HALEY,GONZALES,6/8/1940,M,F,haley36@adventure-works.com,"$70,000 ",5,Graduate Degree,Management,N
23072,MRS.,TONI,SRINI,4/19/1940,M,F,toni8@adventure-works.com,"$80,000 ",4,Bachelors,Management,Y
23073,MR.,CHRISTIAN,GRIFFIN,10/18/1940,M,M,christian8@adventure-works.com,"$80,000 ",4,Bachelors,Management,Y
23074,MRS.,MEGAN,FLORES,6/15/1941,S,F,megan61@adventure-works.com,"$50,000 ",4,Bachelors,Management,N
23075,MRS.,REBEKAH,SANDBERG,4/19/1941,M,F,rebekah40@adventure-works.com,"$60,000 ",3,Graduate Degree,Management,Y
23076,MR.,ADRIAN,BROOKS,3/9/1941,M,M,adrian3@adventure-works.com,"$60,000 ",3,Graduate Degree,Management,Y
23077,MR.,MARVIN,HERNANDEZ,10/20/1946,M,M,marvin4@adventure-works.com,"$20,000 ",4,High School,Skilled Manual,Y
23078,MR.,JULIO,HERNANDEZ,6/17/1947,M,M,julio3@adventure-works.com,"$10,000 ",2,Partial High School,Clerical,Y
23079,MRS.,JUSTINE,RYAN,11/11/1947,S,F,justine0@adventure-works.com,"$30,000 ",2,Partial College,Clerical,N
23080,MS.,JOCELYN,BARNES,3/9/1978,S,F,jocelyn3@adventure-works.com,"$60,000 ",0,Partial College,Skilled Manual,Y
23081,MR.,BRANDON,POWELL,4/3/1978,M,M,brandon6@adventure-works.com,"$70,000 ",0,Partial College,Skilled Manual,Y
23082,MR.,JONATHAN,WILLIAMS,6/4/1978,M,M,jonathan63@adventure-works.com,"$70,000 ",0,Partial College,Skilled Manual,Y
23083,MR.,SAMUEL,SMITH,4/7/1977,S,M,samuel57@adventure-works.com,"$40,000 ",0,Partial High School,Clerical,N
23084,MR.,CHRISTIAN,SHAN,10/28/1977,S,M,christian17@adventure-works.com,"$40,000 ",0,Partial High School,Clerical,N
23085,MR.,ROSS,SUBRAM,6/20/1948,M,M,ross13@adventure-works.com,"$20,000 ",2,High School,Skilled Manual,Y
23086,MRS.,TRACY,LAL,9/9/1948,M,F,tracy7@adventure-works.com,"$20,000 ",2,Partial High School,Clerical,Y
23087,MR.,CLIFFORD,MARTINEZ,12/8/1948,M,M,clifford16@adventure-works.com,"$20,000 ",2,Partial High School,Clerical,Y
23088,MR.,WESLEY,HU,6/15/1977,S,M,wesley20@adventure-works.com,"$40,000 ",0,Partial High School,Clerical,N
23089,MR.,LUCAS,WALKER,11/22/1977,M,M,lucas37@adventure-works.com,"$40,000 ",0,Partial College,Skilled Manual,Y
23090,MR.,CHRISTOPHER,LEE,10/10/1977,S,M,christopher22@adventure-works.com,"$40,000 ",0,Partial College,Skilled Manual,N
23091,MR.,RICHARD,PETERSON,2/6/1977,S,M,richard86@adventure-works.com,"$60,000 ",0,Partial College,Skilled Manual,N
23092,MS.,GABRIELLE,BROOKS,10/24/1977,S,F,gabrielle19@adventure-works.com,"$70,000 ",0,Partial College,Skilled Manual,N
23093,MR.,NATHAN,PARKER,3/7/1977,M,M,nathan30@adventure-works.com,"$70,000 ",0,Partial College,Skilled Manual,Y
23094,MRS.,CAROLYN,GILL,12/26/1949,M,F,carolyn34@adventure-works.com,"$20,000 ",2,Partial High School,Clerical,Y
23095,MR.,GERALD,PATEL,11/22/1950,M,M,gerald32@adventure-works.com,"$20,000 ",2,Partial High School,Clerical,Y
23096,MRS.,ASHLEE,CHANDE,5/26/1950,M,F,ashlee0@adventure-works.com,"$20,000 ",2,Partial High School,Clerical,Y
23097,MR.,TONY,NATSUHARA,9/7/1950,S,M,tony21@adventure-works.com,"$30,000 ",3,Partial College,Clerical,N
23098,MR.,PEDRO,RUBIO,1/16/1950,S,M,pedro41@adventure-works.com,"$30,000 ",3,Partial College,Clerical,N
23099,MRS.,KRISTI,SUAREZ,11/5/1951,S,F,kristi15@adventure-works.com,"$30,000 ",3,High School,Skilled Manual,N
23100,MRS.,CHRISTY,RAJE,5/18/1952,M,F,christy31@adventure-works.com,"$30,000 ",3,High School,Skilled Manual,Y
23101,MRS.,BARBARA,LAL,12/18/1952,M,F,barbara40@adventure-works.com,"$30,000 ",3,High School,Skilled Manual,Y
23102,MRS.,BARBARA,ZENG,7/6/1952,M,F,barbara31@adventure-works.com,"$30,000 ",3,High School,Skilled Manual,Y
23103,MR.,DWAYNE,MORENO,2/12/1953,M,M,dwayne5@adventure-works.com,"$40,000 ",2,Partial College,Skilled Manual,N
23104,MRS.,ISABELLE,LONG,12/7/1953,M,F,isabelle8@adventure-works.com,"$40,000 ",3,Partial College,Skilled Manual,Y
23105,MR.,KARL,ANDERSEN,2/14/1954,S,M,karl14@adventure-works.com,"$40,000 ",3,Partial High School,Clerical,N
23106,MRS.,KATHRYN,YUAN,9/17/1954,M,F,kathryn6@adventure-works.com,"$70,000 ",2,Partial College,Skilled Manual,Y
23107,MRS.,MICHELE,KUMAR,11/9/1954,M,F,michele8@adventure-works.com,"$70,000 ",2,Partial College,Skilled Manual,Y
23108,MS.,SAVANNAH,WRIGHT,12/19/1975,S,F,savannah43@adventure-works.com,"$40,000 ",0,Partial College,Skilled Manual,Y
23109,MS.,LAUREN,HUGHES,12/1/1975,S,F,lauren59@adventure-works.com,"$40,000 ",0,High School,Skilled Manual,Y
23110,MS.,MACKENZIE,GONZALEZ,9/26/1975,S,F,mackenzie30@adventure-works.com,"$60,000 ",0,Partial College,Skilled Manual,N
23111,MS.,SARA,WRIGHT,1/17/1975,S,F,sara47@adventure-works.com,"$60,000 ",0,Partial College,Skilled Manual,N
23112,MR.,JAMES,BUTLER,12/1/1974,S,M,james30@adventure-works.com,"$50,000 ",0,High School,Skilled Manual,N
23113,MR.,ELIJAH,POWELL,10/9/1973,S,M,elijah12@adventure-works.com,"$60,000 ",0,Partial College,Skilled Manual,Y
23115,MS.,STEPHANIE,NICHOLLS,7/17/1976,S,F,stephanie56@adventure-works.com,"$60,000 ",0,Partial College,Professional,Y
23116,MR.,JEROME,VAZQUEZ,3/22/1955,S,M,jerome13@adventure-works.com,"$80,000 ",2,High School,Skilled Manual,N
23117,MR.,BRUCE,SANZ,2/25/1955,M,M,bruce41@adventure-works.com,"$80,000 ",2,High School,Skilled Manual,Y
23118,MRS.,MONIQUE,MORENO,2/10/1956,M,F,monique2@adventure-works.com,"$80,000 ",2,High School,Skilled Manual,Y
23119,MR.,GILBERT,ZHAO,3/11/1957,S,M,gilbert8@adventure-works.com,"$70,000 ",2,High School,Professional,N
23120,MR.,JAVIER,BROWNING,12/15/1957,S,M,javier10@adventure-works.com,"$70,000 ",2,High School,Professional,N
23121,MR.,DANNY,RAMOS,3/7/1957,M,M,danny18@adventure-works.com,"$70,000 ",2,High School,Professional,Y
23122,MRS.,COLLEEN,ZHOU,7/24/1959,S,F,colleen9@adventure-works.com,"$110,000 ",4,Bachelors,Management,N
23123,MRS.,ZOE,KELLY,9/2/1959,S,F,zoe2@adventure-works.com,"$110,000 ",4,Bachelors,Management,N
23124,MR.,CAMERON,WANG,1/15/1973,S,M,cameron20@adventure-works.com,"$80,000 ",0,Bachelors,Management,N
23125,MS.,MADELINE,SCOTT,11/21/1973,S,F,madeline13@adventure-works.com,"$80,000 ",0,Bachelors,Management,N
23126,MS.,CAROLYN,VAN,6/7/1974,M,F,carolyn4@adventure-works.com,"$60,000 ",0,Partial College,Professional,N
23127,MS.,HALEY,HUGHES,9/9/1974,M,F,haley30@adventure-works.com,"$60,000 ",0,High School,Professional,N
23128,MR.,DYLAN,JAI,11/27/1959,M,M,dylan31@adventure-works.com,"$110,000 ",1,Bachelors,Management,Y
23129,MRS.,MISTY,ASHE,10/4/1959,M,F,misty24@adventure-works.com,"$120,000 ",4,Bachelors,Management,Y
23130,MRS.,LAUREN,RUSSELL,7/8/1966,S,F,lauren66@adventure-works.com,"$120,000 ",2,Bachelors,Management,N
23131,MRS.,CAITLIN,PETERSON,2/2/1957,M,F,caitlin4@adventure-works.com,"$70,000 ",2,Partial High School,Skilled Manual,Y
23132,MR.,ANTHONY,LEE,9/11/1957,M,M,anthony8@adventure-works.com,"$70,000 ",2,Partial High School,Skilled Manual,N
23133,MRS.,ALEXIS,WHITE,12/11/1957,M,F,alexis11@adventure-works.com,"$60,000 ",2,High School,Professional,Y
23134,MRS.,ALYSSA,ROBINSON,4/1/1957,M,F,alyssa18@adventure-works.com,"$60,000 ",2,High School,Professional,Y
23135,MR.,DYLAN,CLARK,3/3/1957,M,M,dylan49@adventure-works.com,"$70,000 ",3,Partial College,Professional,Y
23136,MRS.,STEPHANIE,PETERSON,4/21/1957,S,F,stephanie20@adventure-works.com,"$80,000 ",2,Bachelors,Management,N
23137,MRS.,CHLOE,SANDERS,10/23/1957,M,F,chloe65@adventure-works.com,"$80,000 ",2,Bachelors,Management,N
23138,MRS.,ANGELA,PETERSON,8/26/1957,S,F,angela31@adventure-works.com,"$90,000 ",2,Partial College,Professional,N
23139,MR.,CHRISTIAN,YANG,6/16/1956,S,M,christian13@adventure-works.com,"$60,000 ",2,High School,Professional,N
23140,MR.,TYLER,LEE,8/21/1956,M,M,tyler22@adventure-works.com,"$60,000 ",2,High School,Professional,Y
23141,MRS.,KATHERINE,LONG,10/5/1956,M,F,katherine35@adventure-works.com,"$70,000 ",3,Partial College,Professional,Y
23142,MRS.,CARA,WU,7/1/1956,S,F,cara3@adventure-works.com,"$70,000 ",3,Partial College,Professional,N
23143,MRS.,JADA,PHILLIPS,3/25/1972,M,F,jada18@adventure-works.com,"$50,000 ",1,Bachelors,Skilled Manual,Y
23144,MR.,ZACHARY,ALEXANDER,5/2/1972,M,M,zachary17@adventure-works.com,"$50,000 ",1,Bachelors,Skilled Manual,Y
23145,MRS.,NICHOLE,XIE,9/24/1972,M,F,nichole3@adventure-works.com,"$60,000 ",1,Graduate Degree,Professional,Y
23146,MRS.,SARAH,CLARK,8/18/1972,S,F,sarah21@adventure-works.com,"$70,000 ",2,Graduate Degree,Professional,Y
23147,MR.,WYATT,SMITH,1/9/1970,M,M,wyatt0@adventure-works.com,"$40,000 ",1,Bachelors,Skilled Manual,Y
23148,MR.,NATHAN,ROSS,7/27/1970,M,M,nathan0@adventure-works.com,"$40,000 ",1,Bachelors,Skilled Manual,Y
23149,MRS.,BRANDI,RUBIO,12/27/1970,M,F,brandi20@adventure-works.com,"$40,000 ",1,Bachelors,Skilled Manual,Y
23150,MRS.,GABRIELLA,ALLEN,6/21/1970,M,F,gabriella46@adventure-works.com,"$40,000 ",1,Bachelors,Skilled Manual,Y
23151,MR.,MICHAEL,BROWN,7/8/1970,M,M,michael36@adventure-works.com,"$40,000 ",1,Bachelors,Skilled Manual,Y
23152,MRS.,MICHELLE,HOWARD,3/5/1970,M,F,michelle12@adventure-works.com,"$40,000 ",1,Bachelors,Skilled Manual,Y
23153,MRS.,JENNA,HILL,2/15/1969,M,F,jenna12@adventure-works.com,"$50,000 ",1,Bachelors,Skilled Manual,Y
23154,MR.,CONNOR,PHILLIPS,9/27/1969,M,M,connor35@adventure-works.com,"$50,000 ",2,Bachelors,Skilled Manual,Y
23155,MRS.,VICTORIA,HALL,5/4/1969,M,F,victoria23@adventure-works.com,"$50,000 ",2,Bachelors,Skilled Manual,Y
23156,MRS.,SAMANTHA,BARNES,6/7/1969,M,F,samantha28@adventure-works.com,"$60,000 ",1,Graduate Degree,Professional,Y
23157,MRS.,VALERIE,GAO,5/11/1971,M,F,valerie17@adventure-works.com,"$60,000 ",1,Graduate Degree,Professional,Y
23158,MRS.,ANA,PATTERSON,8/11/1971,M,F,ana10@adventure-works.com,"$60,000 ",1,Graduate Degree,Professional,N
23159,MR.,DALTON,PHILLIPS,1/2/1971,M,M,dalton40@adventure-works.com,"$70,000 ",2,Graduate Degree,Professional,Y
23160,MRS.,AIMEE,HUANG,1/13/1971,M,F,aimee5@adventure-works.com,"$70,000 ",2,Graduate Degree,Professional,Y
23161,MR.,SAMUEL,SCOTT,5/11/1971,M,M,samuel46@adventure-works.com,"$70,000 ",3,Graduate Degree,Professional,Y
23162,MRS.,SARAH,FLORES,9/6/1971,S,F,sarah37@adventure-works.com,"$70,000 ",3,Graduate Degree,Professional,Y
23163,MRS.,MADISON,ROSS,7/23/1971,M,F,madison39@adventure-works.com,"$80,000 ",1,Graduate Degree,Professional,Y
23164,MR.,KYLE,BRYANT,12/4/1969,S,M,kyle13@adventure-works.com,"$60,000 ",1,Graduate Degree,Professional,N
23165,MRS.,NATALIE,MITCHELL,4/4/1969,M,F,natalie54@adventure-works.com,"$60,000 ",1,Graduate Degree,Professional,Y
23166,MR.,CODY,WARD,1/9/1968,S,M,cody4@adventure-works.com,"$40,000 ",4,High School,Skilled Manual,Y
23167,MRS.,HAILEY,JENKINS,7/6/1968,S,F,hailey28@adventure-works.com,"$70,000 ",2,Bachelors,Skilled Manual,Y
23168,MRS.,MYA,HAYES,3/16/1968,M,F,mya1@adventure-works.com,"$70,000 ",2,Bachelors,Skilled Manual,Y
23169,MR.,COREY,ANDERSEN,5/7/1968,S,M,corey11@adventure-works.com,"$70,000 ",2,Bachelors,Skilled Manual,Y
23170,MR.,AARON,JAI,9/14/1968,S,M,aaron32@adventure-works.com,"$70,000 ",2,Bachelors,Skilled Manual,N
23171,MR.,ETHAN,GRIFFIN,12/28/1967,M,M,ethan17@adventure-works.com,"$40,000 ",0,Bachelors,Professional,N
23172,MRS.,ALEXANDRA,THOMAS,9/3/1970,M,F,alexandra74@adventure-works.com,"$60,000 ",1,Graduate Degree,Professional,Y
23173,MR.,NATHAN,RODRIGUEZ,9/11/1970,S,M,nathan56@adventure-works.com,"$60,000 ",2,Graduate Degree,Professional,N
23174,MRS.,GLORIA,GONZALES,4/13/1970,S,F,gloria24@adventure-works.com,"$70,000 ",4,Graduate Degree,Professional,N
23175,MRS.,MELANIE,FLORES,12/13/1970,M,F,melanie28@adventure-works.com,"$80,000 ",1,Graduate Degree,Professional,Y
23176,MR.,JESSE,WARD,5/2/1967,M,M,jesse12@adventure-works.com,"$50,000 ",2,Bachelors,Skilled Manual,Y
23177,MRS.,SAVANNAH,RICHARDSON,6/8/1967,S,F,savannah8@adventure-works.com,"$50,000 ",2,Bachelors,Skilled Manual,N
23178,MR.,DALTON,MORRIS,6/23/1967,S,M,dalton90@adventure-works.com,"$50,000 ",2,Bachelors,Skilled Manual,N
23179,MR.,JORDAN,PHILLIPS,2/22/1966,M,M,jordan60@adventure-works.com,"$60,000 ",2,Bachelors,Skilled Manual,Y
23180,MS.,OLIVIA,COOK,6/4/1966,S,F,olivia29@adventure-works.com,"$60,000 ",0,Graduate Degree,Professional,N
23181,MR.,EVAN,EVANS,9/13/1966,S,M,evan24@adventure-works.com,"$60,000 ",0,Graduate Degree,Professional,Y
23182,MS.,SAVANNAH,RIVERA,8/26/1966,M,F,savannah16@adventure-works.com,"$60,000 ",0,Graduate Degree,Professional,N
23183,MS.,MEGAN,DAVIS,10/16/1966,S,F,megan8@adventure-works.com,"$60,000 ",0,Graduate Degree,Professional,Y
23184,MS.,HAILEY,CARTER,9/13/1966,S,F,hailey51@adventure-works.com,"$60,000 ",0,Graduate Degree,Professional,N
23185,MR.,FERNANDO,EDWARDS,8/1/1966,M,M,fernando42@adventure-works.com,"$70,000 ",4,Graduate Degree,Professional,Y
23186,MR.,JORDAN,YOUNG,12/5/1966,M,M,jordan72@adventure-works.com,"$70,000 ",4,Graduate Degree,Professional,Y
23187,MR.,ANDY,MUNOZ,11/10/1969,M,M,andy11@adventure-works.com,"$70,000 ",5,Graduate Degree,Professional,N
23188,MR.,AUSTIN,JAI,2/19/1969,S,M,austin29@adventure-works.com,"$70,000 ",5,Graduate Degree,Professional,Y
23189,MRS.,MEGAN,MOORE,2/25/1969,M,F,megan11@adventure-works.com,"$80,000 ",3,Graduate Degree,Professional,N
23190,MR.,NATHANIEL,RAMIREZ,3/10/1921,S,M,nathaniel8@adventure-works.com,"$20,000 ",3,Partial High School,Clerical,N
23191,MR.,GILBERT,RAJI,11/11/1965,S,M,gilbert41@adventure-works.com,"$40,000 ",0,Bachelors,Professional,N
23192,MS.,EMILY,GARCIA,4/8/1965,M,F,emily17@adventure-works.com,"$40,000 ",0,Bachelors,Professional,N
23193,MRS.,ALEXIS,FLORES,9/6/1965,M,F,alexis35@adventure-works.com,"$50,000 ",3,Bachelors,Skilled Manual,Y
23194,MRS.,SHELBY,COOK,5/14/1965,M,F,shelby21@adventure-works.com,"$50,000 ",3,Bachelors,Skilled Manual,Y
23195,MR.,XAVIER,MOHAMED,8/11/1965,S,M,xavier86@adventure-works.com,"$50,000 ",3,Bachelors,Skilled Manual,Y
23196,MR.,CARLOS,ROBERTS,11/26/1965,S,M,carlos31@adventure-works.com,"$50,000 ",3,Bachelors,Skilled Manual,N
23197,MR.,COLE,COOK,11/26/1965,M,M,cole22@adventure-works.com,"$50,000 ",3,Bachelors,Skilled Manual,Y
23198,MRS.,JACQUELINE,SANDERS,9/9/1965,S,F,jacqueline27@adventure-works.com,"$50,000 ",3,Bachelors,Skilled Manual,N
23199,MR.,BRANDON,HAYES,11/25/1965,M,M,brandon19@adventure-works.com,"$50,000 ",3,Bachelors,Skilled Manual,Y
23200,MRS.,GRACE,RODRIGUEZ,8/11/1965,M,F,grace19@adventure-works.com,"$50,000 ",3,Bachelors,Skilled Manual,Y
23201,MRS.,ALYSSA,BUTLER,7/9/1965,S,F,alyssa60@adventure-works.com,"$50,000 ",3,Bachelors,Skilled Manual,N
23202,MR.,TERRANCE,CHANDRA,11/17/1965,M,M,terrance2@adventure-works.com,"$50,000 ",3,Bachelors,Skilled Manual,Y
23203,MR.,DALTON,JENKINS,4/2/1965,S,M,dalton52@adventure-works.com,"$50,000 ",4,Bachelors,Skilled Manual,N
23204,MS.,KATHERINE,MITCHELL,7/22/1964,S,F,katherine59@adventure-works.com,"$40,000 ",0,Bachelors,Professional,N
23205,MS.,KATHERINE,SANDERS,8/25/1964,S,F,katherine24@adventure-works.com,"$40,000 ",0,Bachelors,Professional,N
23206,MR.,JACKSON,LAL,4/16/1964,S,M,jackson2@adventure-works.com,"$40,000 ",0,Bachelors,Professional,N
23207,MR.,DALTON,BAKER,7/13/1964,M,M,dalton32@adventure-works.com,"$60,000 ",4,Bachelors,Skilled Manual,Y
23208,MRS.,JANET,WATSON,7/6/1924,S,F,janet28@adventure-works.com,"$50,000 ",1,Graduate Degree,Professional,Y
23209,MR.,LUCAS,LEWIS,6/4/1964,S,M,lucas35@adventure-works.com,"$60,000 ",4,Bachelors,Skilled Manual,Y
23210,MR.,TIMOTHY,GRAY,11/23/1963,M,M,timothy7@adventure-works.com,"$70,000 ",4,Bachelors,Professional,Y
23211,MRS.,REBEKAH,KOVÁR,5/14/1963,M,F,rebekah4@adventure-works.com,"$70,000 ",4,Bachelors,Professional,Y
23212,MR.,JAMES,JONES,4/16/1968,S,M,james78@adventure-works.com,"$70,000 ",0,Bachelors,Professional,N
23213,MR.,NOAH,GREEN,2/15/1968,S,M,noah40@adventure-works.com,"$70,000 ",0,Bachelors,Professional,N
23214,MRS.,KAYLEE,JAMES,11/21/1963,M,F,kaylee5@adventure-works.com,"$70,000 ",4,Bachelors,Professional,Y
23215,MR.,JUAN,RICHARDSON,10/17/1963,M,M,juan19@adventure-works.com,"$70,000 ",4,Bachelors,Professional,N
23216,MR.,KEVIN,HALL,3/7/1963,S,M,kevin59@adventure-works.com,"$60,000 ",3,Graduate Degree,Professional,N
23217,MRS.,MICHELLE,MORGAN,2/20/1963,S,F,michelle22@adventure-works.com,"$60,000 ",3,Graduate Degree,Professional,Y
23218,MS.,ALISHA,GAO,5/25/1978,S,F,alisha15@adventure-works.com,"$30,000 ",0,High School,Manual,Y
23219,MS.,ALYSSA,WEST,1/26/1974,S,F,alyssa59@adventure-works.com,"$30,000 ",0,High School,Manual,N
23220,MR.,ROY,MALHOTRA,6/26/1973,S,M,roy5@adventure-works.com,"$30,000 ",0,High School,Manual,N
23221,MR.,LEONARD,RAI,5/28/1972,S,M,leonard19@adventure-works.com,"$20,000 ",0,Partial High School,Manual,Y
23222,MS.,KRISTEN,WU,3/24/1973,S,F,kristen6@adventure-works.com,"$30,000 ",0,High School,Manual,Y
23223,MR.,ANGEL,HOWARD,3/24/1973,M,M,angel11@adventure-works.com,"$40,000 ",1,Bachelors,Skilled Manual,Y
23224,MR.,JONATHAN,SCOTT,1/22/1973,M,M,jonathan44@adventure-works.com,"$40,000 ",1,Bachelors,Skilled Manual,Y
23225,MS.,HEIDI,PATEL,9/2/1973,S,F,heidi5@adventure-works.com,"$40,000 ",0,Graduate Degree,Skilled Manual,Y
23226,MR.,LEONARD,XIE,9/16/1972,S,M,leonard4@adventure-works.com,"$30,000 ",0,High School,Manual,N
23227,MS.,ANNE,ALONSO,12/23/1972,S,F,anne9@adventure-works.com,"$30,000 ",0,High School,Manual,N
23228,MS.,CANDICE,GUO,9/26/1971,S,F,candice1@adventure-works.com,"$20,000 ",0,Partial High School,Manual,N
23229,MS.,DEBORAH,RAJE,10/11/1971,S,F,deborah18@adventure-works.com,"$20,000 ",0,Partial High School,Manual,N
23230,MS.,MYA,FOSTER,3/3/1971,S,F,mya16@adventure-works.com,"$30,000 ",0,High School,Manual,N
23231,MR.,DYLAN,MOORE,3/5/1971,S,M,dylan35@adventure-works.com,"$30,000 ",0,High School,Manual,N
23232,MR.,FRANK,SERRANO,2/16/1971,S,M,frank24@adventure-works.com,"$30,000 ",0,High School,Manual,N
23233,MR.,BRADLEY,SHARMA,11/15/1971,S,M,bradley12@adventure-works.com,"$40,000 ",2,Partial College,Clerical,Y
23234,MR.,BRENT,LU,10/2/1971,S,M,brent11@adventure-works.com,"$40,000 ",2,Partial College,Clerical,Y
23235,MR.,CEDRIC,PAL,6/18/1971,S,M,cedric32@adventure-works.com,"$40,000 ",2,Partial College,Clerical,Y
23236,MRS.,NICHOLE,KUMAR,1/2/1971,S,F,nichole7@adventure-works.com,"$40,000 ",2,Partial College,Clerical,Y
23237,MR.,CALEB,YOUNG,12/27/1970,S,M,caleb46@adventure-works.com,"$40,000 ",2,Partial College,Clerical,Y
23238,MR.,THOMAS,LEE,8/24/1975,S,M,thomas80@adventure-works.com,"$40,000 ",3,Partial College,Clerical,Y
23239,MR.,CURTIS,WU,5/19/1974,S,M,curtis6@adventure-works.com,"$40,000 ",3,Partial College,Clerical,Y
23240,MR.,PHILLIP,CHAPMAN,6/25/1974,S,M,phillip3@adventure-works.com,"$40,000 ",3,Partial College,Clerical,Y
23241,MR.,ARMANDO,TORRES,10/20/1974,S,M,armando12@adventure-works.com,"$40,000 ",3,Partial College,Clerical,Y
23242,MR.,ANDREW,GARCIA,10/4/1974,S,M,andrew23@adventure-works.com,"$50,000 ",0,Graduate Degree,Skilled Manual,Y
23243,MRS.,JASMINE,ROGERS,10/20/1930,M,F,jasmine23@adventure-works.com,"$40,000 ",1,Graduate Degree,Skilled Manual,Y
23244,MS.,ALEXANDRA,WAGNER,6/7/1966,S,F,alexandra16@adventure-works.com,"$60,000 ",0,Graduate Degree,Skilled Manual,N
23245,MS.,MORGAN,JAMES,9/17/1966,S,F,morgan65@adventure-works.com,"$60,000 ",0,Graduate Degree,Skilled Manual,N
23246,MS.,RENEE,GILL,8/4/1966,S,F,renee13@adventure-works.com,"$60,000 ",0,Graduate Degree,Skilled Manual,N
23247,MR.,ALEXANDER,GARCIA,5/21/1966,S,M,alexander20@adventure-works.com,"$60,000 ",0,Graduate Degree,Skilled Manual,N
23248,MRS.,BAILEY,PETERSON,4/25/1953,M,F,bailey3@adventure-works.com,"$10,000 ",2,High School,Manual,Y
23249,MRS.,TASHA,NARA,8/17/1953,S,F,tasha17@adventure-works.com,"$20,000 ",2,High School,Manual,N
23250,MRS.,ASHLEY,LEE,4/14/1953,M,F,ashley23@adventure-works.com,"$20,000 ",2,High School,Manual,Y
23251,MR.,EVAN,SCOTT,8/6/1953,M,M,evan40@adventure-works.com,"$20,000 ",2,High School,Manual,N
23252,MRS.,ALEXIA,WOOD,6/20/1953,S,F,alexia2@adventure-works.com,"$20,000 ",2,High School,Manual,N
23253,MRS.,BROOKE,BELL,7/21/1953,S,F,brooke12@adventure-works.com,"$20,000 ",2,High School,Manual,N
23254,MR.,JACK,GONZALEZ,9/24/1953,S,M,jack44@adventure-works.com,"$20,000 ",2,High School,Manual,N
23255,MR.,XAVIER,JOHNSON,11/7/1954,S,M,xavier1@adventure-works.com,"$20,000 ",2,Partial High School,Manual,N
23256,MR.,MARIO,CHANDE,8/4/1954,S,M,mario13@adventure-works.com,"$30,000 ",1,High School,Clerical,N
23257,MR.,CHARLES,STEWART,5/26/1954,M,M,charles70@adventure-works.com,"$40,000 ",1,Partial College,Clerical,Y
23258,MRS.,MEGAN,WATSON,1/16/1955,S,F,megan46@adventure-works.com,"$30,000 ",1,High School,Clerical,N
23259,MR.,JOHN,TAYLOR,10/12/1955,M,M,john46@adventure-works.com,"$30,000 ",2,High School,Clerical,Y
23260,MR.,EDWIN,GOEL,2/8/1955,M,M,edwin42@adventure-works.com,"$30,000 ",2,High School,Clerical,Y
23261,MRS.,JADA,PETERSON,4/19/1955,S,F,jada2@adventure-works.com,"$30,000 ",2,High School,Clerical,N
23262,MRS.,SYDNEY,KELLY,3/22/1955,S,F,sydney21@adventure-works.com,"$30,000 ",2,High School,Clerical,N
23263,MR.,ANGEL,LOPEZ,12/27/1955,S,M,angel35@adventure-works.com,"$30,000 ",2,High School,Skilled Manual,N
23264,MR.,WARREN,HU,10/4/1955,M,M,warren33@adventure-works.com,"$40,000 ",1,Partial College,Clerical,Y
23265,MRS.,SAVANNAH,JAMES,6/6/1955,M,F,savannah6@adventure-works.com,"$40,000 ",1,Partial College,Clerical,Y
23266,MRS.,JESSICA,WATSON,11/27/1955,M,F,jessica21@adventure-works.com,"$40,000 ",1,Partial College,Clerical,Y
23267,MR.,JUAN,JAMES,4/13/1955,M,M,juan9@adventure-works.com,"$40,000 ",1,Partial College,Clerical,Y
23268,MRS.,KATELYN,MORRIS,12/25/1955,M,F,katelyn18@adventure-works.com,"$40,000 ",1,Partial College,Clerical,N
23269,MRS.,TAYLOR,GRIFFIN,6/23/1956,M,F,taylor45@adventure-works.com,"$40,000 ",1,Partial College,Clerical,Y
23270,MRS.,ANNA,ANDERSON,9/16/1956,M,F,anna70@adventure-works.com,"$40,000 ",1,Partial College,Clerical,Y
23271,MRS.,ALEXANDRA,CLARK,8/26/1957,M,F,alexandra83@adventure-works.com,"$30,000 ",2,High School,Skilled Manual,N
23272,MR.,TRISTAN,HAYES,5/12/1957,M,M,tristan22@adventure-works.com,"$30,000 ",2,High School,Skilled Manual,Y
23273,MR.,BENJAMIN,LONG,6/6/1957,M,M,benjamin10@adventure-works.com,"$30,000 ",2,High School,Skilled Manual,Y
23274,MR.,ETHAN,JACKSON,10/16/1957,M,M,ethan45@adventure-works.com,"$30,000 ",2,High School,Skilled Manual,Y
23275,MR.,MIGUEL,JACKSON,6/5/1957,M,M,miguel11@adventure-works.com,"$30,000 ",2,High School,Skilled Manual,Y
23276,MR.,VINCENT,ZHOU,10/8/1957,M,M,vincent8@adventure-works.com,"$30,000 ",2,High School,Skilled Manual,Y
23277,MR.,ISAIAH,TORRES,2/24/1957,M,M,isaiah3@adventure-works.com,"$30,000 ",2,High School,Skilled Manual,Y
23278,MRS.,CHLOE,FLORES,4/12/1957,S,F,chloe79@adventure-works.com,"$30,000 ",2,High School,Skilled Manual,N
23279,MR.,EDWARD,JOHNSON,6/19/1957,S,M,edward23@adventure-works.com,"$30,000 ",2,High School,Skilled Manual,N
23280,MRS.,HANNAH,ALEXANDER,11/9/1957,M,F,hannah40@adventure-works.com,"$30,000 ",2,High School,Skilled Manual,Y
23281,MRS.,MEGAN,HARRIS,8/25/1957,M,F,megan16@adventure-works.com,"$40,000 ",1,Partial College,Clerical,Y
23282,MRS.,ARIANA,JAMES,12/2/1957,M,F,ariana7@adventure-works.com,"$40,000 ",1,Partial College,Clerical,N
23283,MRS.,HALEY,TORRES,12/24/1958,S,F,haley14@adventure-works.com,"$40,000 ",2,Partial College,Clerical,Y
23284,MR.,WYATT,COLEMAN,10/22/1958,S,M,wyatt57@adventure-works.com,"$80,000 ",5,Graduate Degree,Skilled Manual,N
23285,MRS.,LATOYA,LUO,9/5/1958,S,F,latoya5@adventure-works.com,"$80,000 ",4,Graduate Degree,Skilled Manual,N
23286,MRS.,TAYLOR,BELL,1/10/1958,M,F,taylor7@adventure-works.com,"$80,000 ",4,Graduate Degree,Skilled Manual,Y
23287,MR.,JUAN,KELLY,9/4/1959,S,M,juan12@adventure-works.com,"$40,000 ",2,Partial College,Clerical,N
23288,MR.,EDUARDO,EVANS,3/11/1959,S,M,eduardo42@adventure-works.com,"$60,000 ",4,Graduate Degree,Skilled Manual,Y
23289,MR.,JUSTIN,ROBINSON,11/16/1959,M,M,justin46@adventure-works.com,"$60,000 ",4,Graduate Degree,Skilled Manual,Y
23290,MRS.,ANGELICA,BENNETT,5/6/1959,M,F,angelica0@adventure-works.com,"$60,000 ",4,Graduate Degree,Skilled Manual,Y
23291,MR.,TIMOTHY,EVANS,12/20/1959,M,M,timothy25@adventure-works.com,"$60,000 ",4,Graduate Degree,Skilled Manual,Y
23292,MR.,JOSE,RUSSELL,11/13/1959,S,M,jose14@adventure-works.com,"$60,000 ",4,Graduate Degree,Skilled Manual,N
23293,MRS.,KAYLEE,PETERSON,3/16/1959,S,F,kaylee3@adventure-works.com,"$60,000 ",4,Graduate Degree,Skilled Manual,N
23294,MRS.,SUZANNE,CHEN,4/17/1959,M,F,suzanne3@adventure-works.com,"$60,000 ",4,Graduate Degree,Skilled Manual,Y
23295,MRS.,JAIME,TORRES,8/16/1959,S,F,jaime13@adventure-works.com,"$60,000 ",4,Graduate Degree,Skilled Manual,N
23296,MRS.,MOLLY,MEHTA,12/15/1972,S,F,molly13@adventure-works.com,"$40,000 ",4,Partial College,Clerical,Y
23297,MR.,TYRONE,GOMEZ,1/7/1972,S,M,tyrone0@adventure-works.com,"$40,000 ",4,Partial College,Clerical,N
23298,MR.,ROBERT,MARTINEZ,10/14/1973,S,M,robert77@adventure-works.com,"$40,000 ",0,Graduate Degree,Skilled Manual,N
23299,MRS.,KRISTY,JIMENEZ,5/20/1968,M,F,kristy6@adventure-works.com,"$90,000 ",4,Partial College,Skilled Manual,Y
23300,MRS.,JULIA,HENDERSON,8/4/1968,S,F,julia71@adventure-works.com,"$100,000 ",3,Bachelors,Management,N
23301,MR.,NOAH,ANDERSON,7/26/1968,M,M,noah50@adventure-works.com,"$120,000 ",2,Bachelors,Management,Y
23302,MR.,FERNANDO,WALKER,6/16/1979,S,M,fernando21@adventure-works.com,"$40,000 ",0,High School,Skilled Manual,N
23303,MR.,CONNOR,LAL,1/11/1979,M,M,connor24@adventure-works.com,"$40,000 ",0,High School,Skilled Manual,Y
23304,MR.,JORDAN,SIMMONS,3/19/1979,S,M,jordan12@adventure-works.com,"$40,000 ",0,Partial College,Skilled Manual,Y
23305,MRS.,ROBYN,DOMINGUEZ,9/10/1944,M,F,robyn10@adventure-works.com,"$10,000 ",5,High School,Skilled Manual,Y
23306,MR.,BYRON,ORTEGA,10/26/1978,S,M,byron16@adventure-works.com,"$40,000 ",0,High School,Skilled Manual,N
23307,MRS.,MEREDITH,RAMOS,6/2/1947,M,F,meredith41@adventure-works.com,"$10,000 ",2,High School,Skilled Manual,Y
23308,MRS.,MADISON,PERRY,11/8/1945,M,F,madison43@adventure-works.com,"$20,000 ",4,High School,Skilled Manual,N
23309,MRS.,LATOYA,CHANDE,7/17/1946,M,F,latoya13@adventure-works.com,"$20,000 ",4,High School,Skilled Manual,Y
23310,MRS.,SYDNEY,WOOD,8/15/1946,M,F,sydney24@adventure-works.com,"$40,000 ",2,Bachelors,Management,N
23311,MRS.,VERONICA,GONZALEZ,7/12/1946,M,F,veronica20@adventure-works.com,"$40,000 ",2,Bachelors,Management,Y
23312,MRS.,SHEENA,LAL,5/4/1947,S,F,sheena7@adventure-works.com,"$20,000 ",4,High School,Skilled Manual,N
23313,MR.,COREY,LAL,12/13/1947,M,M,corey8@adventure-works.com,"$20,000 ",4,High School,Skilled Manual,Y
23314,MR.,ALFREDO,MUNOZ,12/26/1947,M,M,alfredo8@adventure-works.com,"$30,000 ",2,Partial College,Clerical,N
23315,MRS.,CARMEN,CHANDRA,6/23/1947,M,F,carmen6@adventure-works.com,"$30,000 ",2,Partial College,Clerical,Y
23316,MR.,BILLY,BLANCO,8/6/1947,S,M,billy16@adventure-works.com,"$30,000 ",3,Partial College,Clerical,N
23317,MRS.,BETH,MARTIN,11/14/1948,M,F,beth2@adventure-works.com,"$10,000 ",2,Partial High School,Clerical,Y
23318,MR.,PATRICK,MORGAN,10/3/1978,S,M,patrick18@adventure-works.com,"$60,000 ",0,Partial College,Skilled Manual,Y
23319,MR.,LUIS,GREEN,10/12/1978,M,M,luis47@adventure-works.com,"$70,000 ",0,Partial College,Skilled Manual,Y
23320,MRS.,KENDRA,GOMEZ,6/17/1949,M,F,kendra1@adventure-works.com,"$20,000 ",2,Partial High School,Clerical,Y
23321,MR.,KARL,XU,6/26/1950,M,M,karl5@adventure-works.com,"$20,000 ",2,Partial High School,Clerical,Y
23322,MR.,WESLEY,LI,6/21/1950,M,M,wesley3@adventure-works.com,"$20,000 ",2,Partial High School,Clerical,Y
23323,MR.,ALFREDO,ALONSO,9/27/1950,M,M,alfredo9@adventure-works.com,"$20,000 ",2,Partial High School,Clerical,Y
23324,MRS.,DEBORAH,DENG,7/10/1951,M,F,deborah5@adventure-works.com,"$20,000 ",2,Partial High School,Clerical,Y
23325,MRS.,TIFFANY,ZIMMERMAN,2/22/1951,M,F,tiffany20@adventure-works.com,"$20,000 ",2,Partial High School,Clerical,Y
23326,MS.,TIFFANY,YE,7/22/1980,S,F,tiffany9@adventure-works.com,"$40,000 ",0,Partial High School,Clerical,N
23327,MS.,MADISON,MOORE,6/3/1980,S,F,madison8@adventure-works.com,"$30,000 ",0,Partial College,Skilled Manual,N
23328,MR.,JULIAN,BUTLER,4/4/1980,M,M,julian16@adventure-works.com,"$30,000 ",0,Partial College,Skilled Manual,Y
23330,MR.,JULIAN,WASHINGTON,11/2/1953,S,M,julian15@adventure-works.com,"$40,000 ",2,Partial College,Skilled Manual,N
23331,MR.,JEREMIAH,GRAY,8/13/1955,M,M,jeremiah42@adventure-works.com,"$80,000 ",2,Partial College,Skilled Manual,Y
23332,MR.,MARTIN,GARCIA,2/25/1955,S,M,martin19@adventure-works.com,"$80,000 ",2,Partial College,Skilled Manual,Y
23333,MR.,STEVE,SUN,9/13/1975,M,M,steve16@adventure-works.com,"$40,000 ",0,Partial College,Skilled Manual,N
23334,MR.,BRANDON,WILSON,6/20/1975,S,M,brandon46@adventure-works.com,"$40,000 ",0,High School,Skilled Manual,N
23335,MR.,JAMES,ROBINSON,2/21/1975,S,M,james91@adventure-works.com,"$40,000 ",0,High School,Skilled Manual,Y
23336,MS.,JOCELYN,BRYANT,11/19/1975,M,F,jocelyn17@adventure-works.com,"$40,000 ",0,High School,Skilled Manual,Y
23337,MR.,ISAIAH,GREEN,11/7/1975,M,M,isaiah40@adventure-works.com,"$60,000 ",0,Partial College,Skilled Manual,Y
23338,MR.,LUCAS,JENKINS,12/13/1973,M,M,lucas56@adventure-works.com,"$60,000 ",0,Partial College,Skilled Manual,Y
23339,MS.,ZOE,REED,9/25/1973,S,F,zoe19@adventure-works.com,"$60,000 ",0,Partial College,Skilled Manual,Y
23340,MS.,MACKENZIE,COLLINS,8/3/1973,M,F,mackenzie24@adventure-works.com,"$70,000 ",0,Partial College,Professional,Y
23341,MR.,KELVIN,CHEN,7/8/1973,S,M,kelvin22@adventure-works.com,"$70,000 ",0,Partial College,Professional,N
23342,MS.,CRISTINA,SHE,4/11/1973,S,F,cristina0@adventure-works.com,"$70,000 ",0,Partial College,Professional,Y
23343,MR.,BRUCE,RUBIO,4/22/1957,S,M,bruce42@adventure-works.com,"$70,000 ",2,High School,Skilled Manual,Y
23344,MRS.,SHARON,XU,12/1/1957,S,F,sharon11@adventure-works.com,"$70,000 ",2,High School,Skilled Manual,N
23345,MR.,MARIO,LAL,6/21/1958,S,M,mario6@adventure-works.com,"$100,000 ",1,Bachelors,Management,N
23346,MRS.,CARLY,RAJI,8/23/1959,S,F,carly19@adventure-works.com,"$100,000 ",1,Bachelors,Management,Y
23347,MR.,EDDIE,CARLSON,11/22/1959,M,M,eddie18@adventure-works.com,"$100,000 ",1,Bachelors,Management,Y
23348,MRS.,TIFFANY,CHEN,1/23/1959,S,F,tiffany2@adventure-works.com,"$100,000 ",1,Bachelors,Management,N
23349,MS.,LAUREN,JOHNSON,6/20/1973,S,F,lauren19@adventure-works.com,"$80,000 ",0,Bachelors,Management,N
23350,MS.,NATALIE,THOMAS,10/20/1973,S,F,natalie78@adventure-works.com,"$80,000 ",0,Bachelors,Management,Y
23351,MR.,LUCAS,SANCHEZ,5/2/1974,S,M,lucas88@adventure-works.com,"$50,000 ",0,High School,Professional,N
23352,MR.,KEVIN,MITCHELL,11/1/1974,S,M,kevin49@adventure-works.com,"$60,000 ",0,Partial College,Professional,N
23353,MS.,SOPHIA,SCOTT,2/6/1974,M,F,sophia13@adventure-works.com,"$60,000 ",0,Partial College,Professional,Y
23354,MR.,EDDIE,GOMEZ,7/22/1974,S,M,eddie2@adventure-works.com,"$60,000 ",0,Partial College,Professional,Y
23355,MR.,LANCE,SERRANO,7/18/1974,S,M,lance16@adventure-works.com,"$60,000 ",0,Partial College,Professional,N
23356,MS.,GRACE,WARD,9/10/1974,S,F,grace38@adventure-works.com,"$60,000 ",0,Partial College,Professional,N
23357,MR.,MICAH,YANG,5/5/1974,S,M,micah15@adventure-works.com,"$60,000 ",0,Partial College,Professional,Y
23358,MR.,ALBERTO,ALVAREZ,4/11/1974,M,M,alberto6@adventure-works.com,"$60,000 ",0,High School,Professional,Y
23359,MR.,DALTON,ALEXANDER,6/9/1966,S,M,dalton65@adventure-works.com,"$130,000 ",0,Graduate Degree,Management,N
23360,MR.,MARCUS,MOORE,7/2/1966,S,M,marcus8@adventure-works.com,"$130,000 ",1,Graduate Degree,Management,N
23361,MRS.,CHLOE,LOPEZ,7/18/1958,S,F,chloe19@adventure-works.com,"$130,000 ",1,Graduate Degree,Management,N
23362,MR.,NICHOLAS,MARTIN,9/20/1957,S,M,nicholas15@adventure-works.com,"$70,000 ",2,Partial High School,Skilled Manual,Y
23363,MR.,DAVID,RUSSELL,11/17/1957,M,M,david53@adventure-works.com,"$70,000 ",2,Partial High School,Skilled Manual,Y
23364,MS.,NATALIE,YOUNG,6/28/1964,S,F,natalie67@adventure-works.com,"$40,000 ",0,Bachelors,Professional,N
23365,MS.,VANESSA,FLORES,10/23/1964,S,F,vanessa13@adventure-works.com,"$40,000 ",0,Bachelors,Professional,Y
23366,MR.,FERNANDO,CAMPBELL,2/24/1964,S,M,fernando40@adventure-works.com,"$60,000 ",4,Bachelors,Skilled Manual,N
23367,MRS.,HALEY,RAMIREZ,9/26/1964,M,F,haley16@adventure-works.com,"$60,000 ",4,Bachelors,Skilled Manual,Y
23368,MRS.,CASSIDY,FLORES,11/22/1964,M,F,cassidy13@adventure-works.com,"$60,000 ",5,Bachelors,Skilled Manual,Y
23369,MRS.,MORGAN,WASHINGTON,4/19/1964,S,F,morgan83@adventure-works.com,"$60,000 ",4,Bachelors,Skilled Manual,N
23370,MRS.,MYA,ALEXANDER,7/19/1963,S,F,mya19@adventure-works.com,"$70,000 ",4,Bachelors,Professional,N
23371,MRS.,KATHERINE,ROBERTS,2/16/1963,S,F,katherine52@adventure-works.com,"$60,000 ",3,Graduate Degree,Professional,Y
23372,MR.,JACK,DIAZ,3/9/1963,M,M,jack22@adventure-works.com,"$60,000 ",3,Graduate Degree,Professional,Y
23373,MRS.,GABRIELLE,MURPHY,6/15/1963,S,F,gabrielle7@adventure-works.com,"$60,000 ",3,Graduate Degree,Professional,Y
23374,MRS.,EMMA,GRAY,11/13/1962,M,F,emma42@adventure-works.com,"$70,000 ",1,Bachelors,Professional,Y
23375,MR.,CHRISTIAN,ZHANG,5/7/1962,M,M,christian10@adventure-works.com,"$70,000 ",1,Bachelors,Professional,N
23376,MR.,ZACHARY,FLORES,6/18/1962,M,M,zachary11@adventure-works.com,"$70,000 ",1,Bachelors,Professional,Y
23377,MRS.,SAMANTHA,HAYES,5/7/1962,M,F,samantha45@adventure-works.com,"$70,000 ",1,Partial College,Skilled Manual,Y
23378,MR.,JACKSON,PHILLIPS,3/4/1962,M,M,jackson36@adventure-works.com,"$70,000 ",1,Partial College,Skilled Manual,Y
23379,MS.,RILEY,RICHARDSON,10/28/1961,S,F,riley29@adventure-works.com,"$30,000 ",0,Bachelors,Professional,N
23380,MR.,GABRIEL,CAMPBELL,6/7/1961,M,M,gabriel37@adventure-works.com,"$40,000 ",4,High School,Skilled Manual,Y
23381,MRS.,BIANCA,HU,7/11/1961,M,F,bianca17@adventure-works.com,"$40,000 ",4,High School,Skilled Manual,Y
23382,MR.,XAVIER,BARNES,8/8/1961,M,M,xavier44@adventure-works.com,"$60,000 ",1,Partial College,Skilled Manual,Y
23383,MR.,CALEB,ALLEN,6/17/1961,M,M,caleb51@adventure-works.com,"$60,000 ",1,Partial College,Skilled Manual,Y
23384,MRS.,TAYLOR,WILSON,2/9/1961,M,F,taylor54@adventure-works.com,"$60,000 ",1,Partial College,Skilled Manual,Y
23385,MR.,ISAAC,BROOKS,1/7/1961,M,M,isaac1@adventure-works.com,"$60,000 ",1,Partial College,Skilled Manual,Y
23386,MR.,JOSE,SMITH,7/24/1960,S,M,jose70@adventure-works.com,"$40,000 ",4,High School,Skilled Manual,Y
23387,MR.,XAVIER,PERRY,2/9/1960,S,M,xavier49@adventure-works.com,"$40,000 ",0,Bachelors,Professional,N
23388,MS.,ANA,HENDERSON,9/27/1960,S,F,ana5@adventure-works.com,"$40,000 ",0,Bachelors,Professional,N
23389,MR.,JACK,PERRY,9/25/1960,M,M,jack8@adventure-works.com,"$40,000 ",0,Bachelors,Professional,N
23390,MR.,DAKOTA,FLORES,11/25/1967,S,M,dakota10@adventure-works.com,"$60,000 ",0,Graduate Degree,Professional,N
23391,MS.,JOANNA,MORENO,6/24/1967,S,F,joanna5@adventure-works.com,"$60,000 ",0,Graduate Degree,Professional,Y
23392,MS.,ADRIENNE,DOMINGUEZ,4/21/1967,S,F,adrienne9@adventure-works.com,"$60,000 ",0,Graduate Degree,Professional,Y
23393,MS.,JENNIFER,ANDERSON,4/21/1967,S,F,jennifer38@adventure-works.com,"$60,000 ",0,Graduate Degree,Professional,Y
23394,MS.,ANNA,BELL,12/22/1967,S,F,anna9@adventure-works.com,"$60,000 ",0,Graduate Degree,Professional,N
23395,MR.,RYAN,MARTINEZ,2/8/1967,S,M,ryan53@adventure-works.com,"$60,000 ",0,Graduate Degree,Professional,Y
23396,MRS.,KAITLYN,LONG,10/5/1960,M,F,kaitlyn76@adventure-works.com,"$60,000 ",1,Partial College,Skilled Manual,Y
23397,MRS.,ISABELLE,BRYANT,4/18/1960,M,F,isabelle16@adventure-works.com,"$60,000 ",1,Partial College,Skilled Manual,Y
23398,MR.,KARL,CHANDER,3/3/1960,M,M,karl16@adventure-works.com,"$60,000 ",1,Partial College,Skilled Manual,Y
23399,MR.,KEITH,PAL,5/26/1960,M,M,keith15@adventure-works.com,"$60,000 ",1,Partial College,Skilled Manual,Y
23400,MR.,ANDREW,LEE,9/7/1959,M,M,andrew29@adventure-works.com,"$60,000 ",4,Bachelors,Professional,Y
23401,MR.,EVAN,BROOKS,3/17/1959,M,M,evan1@adventure-works.com,"$60,000 ",4,Bachelors,Professional,Y
23402,MRS.,MELISSA,COX,5/27/1959,M,F,melissa32@adventure-works.com,"$60,000 ",4,Bachelors,Professional,Y
23403,MR.,JUSTIN,POWELL,2/7/1958,S,M,justin5@adventure-works.com,"$60,000 ",1,Bachelors,Professional,N
23404,MRS.,AMANDA,PETERSON,10/2/1958,S,F,amanda14@adventure-works.com,"$60,000 ",1,Bachelors,Professional,Y
23405,MRS.,KARI,MADAN,9/10/1958,S,F,kari8@adventure-works.com,"$70,000 ",5,Graduate Degree,Professional,Y
23406,MR.,FREDERICK,SANCHEZ,3/2/1958,M,M,frederick17@adventure-works.com,"$70,000 ",5,Graduate Degree,Professional,Y
23407,MRS.,LAUREN,GARCIA,9/24/1958,S,F,lauren34@adventure-works.com,"$80,000 ",5,Graduate Degree,Professional,N
23408,MR.,IVAN,PEREZ,3/22/1969,S,M,ivan17@adventure-works.com,"$90,000 ",1,Graduate Degree,Management,Y
23409,MR.,BRAD,RAJI,7/10/1969,S,M,brad22@adventure-works.com,"$90,000 ",1,Graduate Degree,Management,Y
23410,MRS.,CARRIE,ALVAREZ,5/22/1969,M,F,carrie4@adventure-works.com,"$100,000 ",1,Graduate Degree,Management,Y
23411,MR.,CESAR,PRASAD,2/24/1968,S,M,cesar8@adventure-works.com,"$60,000 ",2,Bachelors,Professional,N
23412,MR.,DALTON,COLEMAN,11/13/1968,S,M,dalton51@adventure-works.com,"$60,000 ",2,Bachelors,Professional,Y
23413,MR.,MAX,ORTEGA,7/5/1968,M,M,max20@adventure-works.com,"$60,000 ",2,Bachelors,Professional,Y
23414,MR.,DAMIEN,LIN,5/26/1968,S,M,damien5@adventure-works.com,"$60,000 ",2,Bachelors,Professional,Y
23415,MRS.,KRISTI,MORENO,5/11/1968,S,F,kristi2@adventure-works.com,"$60,000 ",2,Bachelors,Professional,Y
23416,MRS.,KRISTIN,SHAN,4/24/1968,M,F,kristin11@adventure-works.com,"$60,000 ",2,Bachelors,Professional,Y
23417,MR.,EMMANUEL,SAI,7/23/1968,S,M,emmanuel5@adventure-works.com,"$60,000 ",2,Bachelors,Professional,N
23418,MRS.,BRITTNEY,WU,2/14/1967,M,F,brittney5@adventure-works.com,"$60,000 ",2,Bachelors,Professional,Y
23419,MRS.,SHAWNA,XU,5/5/1967,S,F,shawna5@adventure-works.com,"$70,000 ",5,Bachelors,Professional,Y
23420,MR.,MARIO,MOYER,11/27/1969,S,M,mario15@adventure-works.com,"$110,000 ",1,Graduate Degree,Management,Y
23421,MR.,WILLIE,YUAN,11/5/1969,S,M,willie26@adventure-works.com,"$110,000 ",1,Graduate Degree,Management,Y
23422,MR.,CASEY,ALONSO,1/14/1969,S,M,casey32@adventure-works.com,"$120,000 ",1,Graduate Degree,Management,N
23423,MR.,ADAM,POWELL,12/16/1967,M,M,adam6@adventure-works.com,"$70,000 ",5,Bachelors,Professional,Y
23424,MRS.,ADRIANA,SUBRAM,4/24/1967,M,F,adriana14@adventure-works.com,"$70,000 ",5,Bachelors,Professional,N
23425,MRS.,RACHAEL,LOPEZ,10/10/1966,M,F,rachael15@adventure-works.com,"$80,000 ",5,Graduate Degree,Management,N
23426,MR.,MATHEW,FERRIER,8/20/1966,S,M,mathew4@adventure-works.com,"$80,000 ",5,Graduate Degree,Management,Y
23427,MR.,JAY,SAI,7/5/1966,M,M,jay12@adventure-works.com,"$80,000 ",5,Bachelors,Professional,Y
23428,MRS.,SAVANNAH,BAILEY,11/25/1966,M,F,savannah15@adventure-works.com,"$80,000 ",5,Bachelors,Professional,N
23429,MS.,JENNY,KUMAR,10/5/1966,S,F,jenny31@adventure-works.com,"$90,000 ",0,Bachelors,Professional,Y
23430,MRS.,SAVANNAH,TURNER,2/28/1968,S,F,savannah27@adventure-works.com,"$70,000 ",5,Bachelors,Professional,Y
23431,MRS.,MARGARET,GUO,5/11/1968,M,F,margaret24@adventure-works.com,"$70,000 ",5,Bachelors,Professional,Y
23432,MR.,JORDAN,ROBERTS,10/10/1968,S,M,jordan58@adventure-works.com,"$70,000 ",0,Bachelors,Professional,Y
23433,,PEDRO,MUÑOZ,4/9/1968,S,NA,pedro28@adventure-works.com,"$70,000 ",0,Bachelors,Professional,N
23434,MS.,KATIE,NATH,2/25/1968,S,F,katie21@adventure-works.com,"$70,000 ",0,Bachelors,Professional,Y
23435,MS.,ROSA,CHEN,6/27/1968,S,F,rosa2@adventure-works.com,"$70,000 ",0,Bachelors,Professional,N
23436,MS.,TANYA,MUNOZ,1/17/1968,S,F,tanya3@adventure-works.com,"$70,000 ",0,Bachelors,Professional,Y
23437,MS.,BRIANA,MUNOZ,10/26/1965,S,F,briana7@adventure-works.com,"$70,000 ",0,Bachelors,Professional,N
23438,MS.,TONI,VANCE,10/24/1965,S,F,toni3@adventure-works.com,"$70,000 ",0,Bachelors,Professional,N
23439,MR.,RAMON,HU,7/19/1965,S,M,ramon18@adventure-works.com,"$70,000 ",0,Bachelors,Professional,N
23440,MS.,NANCY,SAI,2/3/1973,S,F,nancy9@adventure-works.com,"$10,000 ",0,Partial High School,Manual,N
23441,MR.,RAFAEL,ZHANG,5/1/1973,S,M,rafael0@adventure-works.com,"$20,000 ",0,Partial High School,Manual,N
23443,MR.,ELIJAH,JAI,5/15/1973,S,M,elijah6@adventure-works.com,"$30,000 ",0,Partial College,Clerical,Y
23444,MR.,AIDAN,WASHINGTON,11/13/1973,S,M,aidan14@adventure-works.com,"$30,000 ",0,Partial College,Clerical,N
23445,MR.,ANDY,CARLSON,11/8/1974,S,M,andy22@adventure-works.com,"$30,000 ",0,Partial College,Clerical,Y
23446,MS.,NINA,CHANDER,10/4/1974,S,F,nina16@adventure-works.com,"$30,000 ",0,Partial College,Clerical,N
23447,MR.,JERMAINE,WEBER,4/14/1974,S,M,jermaine3@adventure-works.com,"$30,000 ",0,Partial College,Clerical,N
23448,MRS.,ABIGAIL,PETERSON,2/16/1957,M,F,abigail19@adventure-works.com,"$70,000 ",2,Partial High School,Skilled Manual,Y
23449,MR.,STEVEN,PETERSON,9/24/1957,M,M,steven15@adventure-works.com,"$60,000 ",2,High School,Professional,Y
23450,MR.,ALEX,ROGERS,12/13/1957,S,M,alex23@adventure-works.com,"$60,000 ",2,High School,Professional,N
23451,MRS.,TAYLOR,JAMES,7/2/1957,M,F,taylor20@adventure-works.com,"$60,000 ",2,High School,Professional,Y
23452,MR.,EDUARDO,WATSON,4/23/1957,M,M,eduardo67@adventure-works.com,"$60,000 ",2,High School,Professional,Y
23453,MR.,MAURICE,DENG,3/3/1957,M,M,maurice1@adventure-works.com,"$70,000 ",3,Partial College,Professional,Y
23454,MR.,RYAN,WANG,10/3/1957,S,M,ryan28@adventure-works.com,"$90,000 ",2,Partial College,Professional,N
23455,MR.,JONATHAN,PEREZ,3/14/1956,S,M,jonathan41@adventure-works.com,"$80,000 ",2,Partial High School,Skilled Manual,N
23456,MR.,AIDAN,SIMMONS,9/7/1956,M,M,aidan16@adventure-works.com,"$80,000 ",2,Partial High School,Skilled Manual,Y
23457,MRS.,NICOLE,RIVERA,3/15/1956,S,F,nicole34@adventure-works.com,"$80,000 ",2,Partial High School,Skilled Manual,N
23458,MRS.,MACKENZIE,EDWARDS,2/14/1956,S,F,mackenzie23@adventure-works.com,"$80,000 ",2,Partial High School,Skilled Manual,N
23459,MR.,MASON,SANDERS,3/3/1956,M,M,mason5@adventure-works.com,"$60,000 ",2,High School,Professional,Y
23461,MRS.,RACHAEL,SMITH,10/23/1965,M,F,rachael8@adventure-works.com,"$90,000 ",5,Partial College,Professional,Y
23462,MR.,SETH,JONES,9/3/1965,M,M,seth3@adventure-works.com,"$100,000 ",4,Bachelors,Management,Y
23463,MR.,SEAN,HILL,4/15/1965,S,M,sean46@adventure-works.com,"$120,000 ",3,Bachelors,Management,N
23464,MR.,DEVIN,TURNER,7/2/1965,M,M,devin37@adventure-works.com,"$130,000 ",1,Graduate Degree,Management,Y
23465,MRS.,GRACE,RUSSELL,2/6/1964,S,F,grace66@adventure-works.com,"$80,000 ",4,Partial College,Professional,Y
23466,MS.,ALYSSA,MILLER,5/15/1964,S,F,alyssa5@adventure-works.com,"$90,000 ",0,Partial College,Professional,Y
23467,MS.,NICOLE,BENNETT,3/6/1964,S,F,nicole49@adventure-works.com,"$90,000 ",0,Partial College,Professional,N
23468,MR.,SEAN,ROBERTS,8/27/1964,S,M,sean36@adventure-works.com,"$130,000 ",2,Graduate Degree,Management,N
23469,MRS.,CHRISTINA,GRAY,5/21/1964,S,F,christina4@adventure-works.com,"$130,000 ",2,Graduate Degree,Management,N
23470,MR.,SAMUEL,YOUNG,11/10/1964,S,M,samuel47@adventure-works.com,"$130,000 ",2,Graduate Degree,Management,N
23471,MR.,JEREMY,BAKER,4/27/1956,M,M,jeremy11@adventure-works.com,"$70,000 ",3,Partial College,Professional,Y
23472,MRS.,ALYSSA,RODRIGUEZ,11/15/1956,M,F,alyssa20@adventure-works.com,"$70,000 ",3,Partial College,Professional,Y
23473,MR.,JESSE,JAMES,9/14/1956,M,M,jesse8@adventure-works.com,"$70,000 ",3,Partial College,Professional,Y
23474,MRS.,JULIA,WILLIAMS,8/27/1956,M,F,julia24@adventure-works.com,"$80,000 ",3,Partial College,Professional,Y
23475,MR.,RICHARD,MARTIN,7/15/1934,M,M,richard55@adventure-works.com,"$50,000 ",2,Graduate Degree,Management,Y
23476,MR.,CHARLES,HALL,11/23/1963,S,M,charles28@adventure-works.com,"$80,000 ",4,Partial College,Professional,N
23477,MR.,MARCUS,PHILLIPS,9/14/1963,M,M,marcus43@adventure-works.com,"$90,000 ",0,Partial College,Professional,Y
23478,MS.,HAILEY,COOPER,1/1/1963,S,F,hailey9@adventure-works.com,"$90,000 ",0,Partial College,Professional,Y
23479,MR.,FERNANDO,ROBINSON,8/16/1963,S,M,fernando16@adventure-works.com,"$90,000 ",0,Partial College,Professional,N
23480,MS.,SYDNEY,COLEMAN,3/26/1963,S,F,sydney28@adventure-works.com,"$90,000 ",0,Partial College,Professional,N
23481,MR.,DUSTIN,XU,6/15/1963,S,M,dustin4@adventure-works.com,"$100,000 ",0,Partial College,Professional,Y
23483,MR.,DAVID,JAI,2/15/1963,M,M,david63@adventure-works.com,"$110,000 ",5,Bachelors,Management,Y
23484,MRS.,JENNA,ALLEN,7/18/1963,M,F,jenna22@adventure-works.com,"$120,000 ",4,Partial College,Professional,Y
23485,MRS.,ISABELLA,LEE,2/9/1962,M,F,isabella78@adventure-works.com,"$80,000 ",5,Partial College,Professional,Y
23486,MR.,BENJAMIN,COLEMAN,11/26/1962,S,M,benjamin7@adventure-works.com,"$80,000 ",5,Partial College,Professional,Y
23487,MR.,GABRIEL,EVANS,8/7/1961,M,M,gabriel31@adventure-works.com,"$70,000 ",5,Partial College,Professional,Y
23488,MR.,LUIS,NELSON,2/11/1961,M,M,luis42@adventure-works.com,"$70,000 ",5,Partial College,Professional,Y
23489,MRS.,AUTUMN,HUANG,10/10/1961,M,F,autumn5@adventure-works.com,"$80,000 ",5,Partial College,Professional,Y
23490,MR.,NICHOLAS,WILSON,12/19/1961,M,M,nicholas8@adventure-works.com,"$90,000 ",4,High School,Professional,Y
23491,MR.,MIGUEL,TAYLOR,5/26/1961,S,M,miguel8@adventure-works.com,"$100,000 ",3,Partial College,Professional,N
23492,MR.,JAMIE,BLANCO,7/17/1961,S,M,jamie37@adventure-works.com,"$110,000 ",1,Partial College,Professional,Y
23493,MR.,THOMAS,TAYLOR,8/9/1961,M,M,thomas70@adventure-works.com,"$130,000 ",1,Bachelors,Management,Y
23494,MRS.,NICOLE,FOSTER,11/23/1955,M,F,nicole65@adventure-works.com,"$70,000 ",4,High School,Professional,Y
23495,MR.,JAMES,SHAN,5/12/1955,M,M,james47@adventure-works.com,"$70,000 ",4,High School,Professional,Y
23496,MR.,NICHOLAS,HARRIS,8/17/1955,S,M,nicholas14@adventure-works.com,"$70,000 ",4,High School,Professional,Y
23497,MRS.,OLIVIA,BRYANT,3/14/1955,M,F,olivia63@adventure-works.com,"$70,000 ",4,High School,Professional,Y
23498,MR.,JAMES,JOHNSON,10/7/1954,M,M,james76@adventure-works.com,"$70,000 ",2,Partial High School,Skilled Manual,Y
23499,MR.,SPENCER,WASHINGTON,4/24/1936,M,M,spencer15@adventure-works.com,"$70,000 ",4,Graduate Degree,Management,Y
23500,MRS.,ADRIANA,GARCIA,6/6/1936,M,F,adriana16@adventure-works.com,"$80,000 ",4,Graduate Degree,Management,Y
23501,MRS.,ISABELLE,PERRY,7/2/1936,M,F,isabelle7@adventure-works.com,"$90,000 ",4,Bachelors,Management,Y
23502,MR.,LOGAN,LOPEZ,9/7/1936,M,M,logan46@adventure-works.com,"$110,000 ",2,Graduate Degree,Management,Y
23503,MR.,DALTON,TORRES,2/4/1960,M,M,dalton75@adventure-works.com,"$80,000 ",5,Partial College,Professional,Y
23504,MR.,GEORGE,RANA,12/17/1960,M,M,george17@adventure-works.com,"$80,000 ",5,Partial College,Professional,Y
23505,MR.,CONNOR,SHARMA,9/15/1960,S,M,connor25@adventure-works.com,"$110,000 ",3,Partial College,Professional,N
23506,MR.,JESSE,CAMPBELL,9/11/1960,S,M,jesse31@adventure-works.com,"$150,000 ",1,Partial College,Professional,N
23507,MRS.,RACHEL,HENDERSON,2/1/1954,M,F,rachel52@adventure-works.com,"$70,000 ",3,High School,Professional,Y
23508,MR.,BLAKE,JONES,4/18/1954,M,M,blake2@adventure-works.com,"$70,000 ",3,High School,Professional,Y
23509,MRS.,FAITH,POWELL,2/7/1953,S,F,faith8@adventure-works.com,"$70,000 ",3,Graduate Degree,Management,N
23510,MRS.,MORGAN,COOPER,5/15/1953,M,F,morgan56@adventure-works.com,"$60,000 ",3,Graduate Degree,Management,Y
23511,MR.,JOSHUA,RODRIGUEZ,9/17/1953,M,M,joshua22@adventure-works.com,"$60,000 ",3,Graduate Degree,Management,Y
23512,MR.,ZACHARY,HENDERSON,5/19/1952,M,M,zachary3@adventure-works.com,"$40,000 ",3,Partial College,Professional,Y
23513,MRS.,ERIN,KELLY,11/7/1951,M,F,erin6@adventure-works.com,"$40,000 ",3,Partial College,Professional,Y
23514,MRS.,CHLOE,BELL,4/17/1951,M,F,chloe52@adventure-works.com,"$40,000 ",3,Partial College,Professional,Y
23515,MR.,ZACHARY,WALKER,6/8/1951,S,M,zachary30@adventure-works.com,"$40,000 ",4,Partial College,Professional,N
23516,MRS.,ASHLEY,MILLER,6/2/1951,S,F,ashley6@adventure-works.com,"$40,000 ",4,Partial College,Professional,N
23517,MR.,RONALD,MARTINEZ,7/25/1949,M,M,ronald20@adventure-works.com,"$30,000 ",4,High School,Professional,N
23518,MRS.,KATHERINE,ADAMS,4/15/1949,S,F,katherine63@adventure-works.com,"$30,000 ",4,High School,Professional,N
23519,MRS.,JACQUELINE,LONG,1/9/1949,S,F,jacqueline10@adventure-works.com,"$30,000 ",4,High School,Professional,N
23520,MR.,RICHARD,WILSON,4/19/1949,M,M,richard47@adventure-works.com,"$40,000 ",4,Partial College,Professional,Y
23521,MRS.,ALEXIS,GONZALES,4/28/1963,M,F,alexis40@adventure-works.com,"$60,000 ",5,Bachelors,Professional,Y
23522,MRS.,SYDNEY,GREEN,10/24/1963,M,F,sydney55@adventure-works.com,"$60,000 ",5,Bachelors,Professional,Y
23523,MR.,STEVE,LIU,8/19/1963,S,M,steve8@adventure-works.com,"$60,000 ",3,Bachelors,Professional,Y
23524,MR.,RONNIE,YANG,7/11/1962,S,M,ronnie4@adventure-works.com,"$60,000 ",1,Bachelors,Professional,Y
23525,MR.,DERRICK,RUBIO,4/21/1962,M,M,derrick19@adventure-works.com,"$60,000 ",1,Bachelors,Professional,Y
23526,MRS.,CARA,XU,10/4/1962,S,F,cara8@adventure-works.com,"$60,000 ",1,Bachelors,Professional,N
23527,MRS.,ALISON,LUO,10/14/1961,S,F,alison5@adventure-works.com,"$60,000 ",1,Partial College,Skilled Manual,Y
23528,MR.,JAIME,FERRIER,8/22/1961,M,M,jaime45@adventure-works.com,"$60,000 ",1,Partial College,Skilled Manual,Y
23529,MRS.,KENDRA,MUNOZ,8/4/1961,S,F,kendra7@adventure-works.com,"$60,000 ",1,Partial College,Skilled Manual,N
23530,MR.,IVAN,PRASAD,2/6/1966,S,M,ivan5@adventure-works.com,"$100,000 ",0,Bachelors,Professional,N
23531,MRS.,ALEXIS,POWELL,10/19/1960,S,F,alexis31@adventure-works.com,"$60,000 ",1,Partial College,Skilled Manual,N
23532,MR.,BRETT,MARTINEZ,3/15/1960,M,M,brett17@adventure-works.com,"$60,000 ",1,Partial College,Skilled Manual,Y
23533,MR.,RAFAEL,NATH,11/15/1959,S,M,rafael42@adventure-works.com,"$90,000 ",1,Bachelors,Professional,Y
23534,MS.,ASHLEE,LUO,3/28/1965,S,F,ashlee13@adventure-works.com,"$70,000 ",0,Bachelors,Professional,N
23535,MRS.,DAWN,GOEL,8/20/1965,S,F,dawn43@adventure-works.com,"$80,000 ",5,Bachelors,Professional,Y
23537,MR.,VICTOR,HERNANDEZ,11/7/1959,M,M,victor5@adventure-works.com,"$90,000 ",2,Bachelors,Professional,Y
23538,MR.,CARLOS,EVANS,7/17/1963,S,M,carlos26@adventure-works.com,"$70,000 ",0,Bachelors,Professional,N
23539,MR.,DARREN,MUNOZ,1/4/1963,S,M,darren29@adventure-works.com,"$70,000 ",0,Bachelors,Professional,Y
23540,MR.,BRUCE,LOPEZ,2/5/1962,S,M,bruce16@adventure-works.com,"$60,000 ",1,Partial College,Skilled Manual,N
23541,MRS.,DANA,SUAREZ,12/4/1961,S,F,dana12@adventure-works.com,"$60,000 ",1,Partial College,Skilled Manual,N
23542,MR.,JUSTIN,MARTIN,3/10/1961,S,M,justin42@adventure-works.com,"$60,000 ",1,Partial College,Skilled Manual,N
23543,MRS.,MICHELE,SANCHEZ,2/23/1961,M,F,michele33@adventure-works.com,"$70,000 ",5,Partial College,Skilled Manual,Y
23544,MRS.,MISTY,RAJE,2/16/1958,S,F,misty15@adventure-works.com,"$90,000 ",2,Bachelors,Professional,Y
23545,MRS.,LACEY,LIU,11/18/1957,S,F,lacey16@adventure-works.com,"$70,000 ",1,Partial College,Skilled Manual,N
23546,MRS.,KATHRYN,JAI,6/10/1960,M,F,kathryn10@adventure-works.com,"$60,000 ",3,Partial College,Skilled Manual,Y
23547,MR.,FRANCIS,SERRANO,5/19/1953,S,M,francis14@adventure-works.com,"$40,000 ",2,Bachelors,Management,Y
23548,MS.,HALEY,MORRIS,8/25/1976,S,F,haley2@adventure-works.com,"$30,000 ",0,High School,Skilled Manual,N
23549,MR.,GEORGE,SAI,7/26/1976,S,M,george11@adventure-works.com,"$30,000 ",0,High School,Skilled Manual,Y
23550,MS.,JENNIFER,COOK,8/13/1975,M,F,jennifer57@adventure-works.com,"$40,000 ",0,High School,Skilled Manual,Y
23551,MR.,MASON,SCOTT,5/25/1976,S,M,mason36@adventure-works.com,"$40,000 ",0,High School,Skilled Manual,N
23552,MR.,CALEB,RUSSELL,3/21/1976,S,M,caleb16@adventure-works.com,"$40,000 ",0,High School,Skilled Manual,Y
23553,MS.,JASMINE,ANDERSON,3/25/1976,M,F,jasmine8@adventure-works.com,"$40,000 ",0,High School,Skilled Manual,N
23554,MS.,JOAN,COOK,2/15/1976,M,F,joan2@adventure-works.com,"$40,000 ",0,High School,Skilled Manual,N
23555,MR.,ANDRES,CHAVEZ,8/21/1976,S,M,andres12@adventure-works.com,"$40,000 ",0,High School,Skilled Manual,Y
23556,MS.,KRISTI,MUNOZ,2/21/1976,S,F,kristi3@adventure-works.com,"$40,000 ",0,High School,Skilled Manual,Y
23557,MS.,VICTORIA,WASHINGTON,10/6/1980,M,F,victoria60@adventure-works.com,"$30,000 ",0,High School,Skilled Manual,Y
23558,MR.,DAKOTA,BARNES,8/26/1979,M,M,dakota2@adventure-works.com,"$30,000 ",0,High School,Skilled Manual,Y
23559,MS.,JOCELYN,PATTERSON,8/8/1979,S,F,jocelyn11@adventure-works.com,"$30,000 ",0,Partial High School,Clerical,N
23560,MS.,JACQUELINE,FLORES,7/15/1978,S,F,jacqueline13@adventure-works.com,"$40,000 ",0,High School,Skilled Manual,N
23561,MR.,JOSE,WILLIAMS,5/21/1978,S,M,jose58@adventure-works.com,"$40,000 ",0,High School,Skilled Manual,Y
23562,MR.,WARREN,LUO,8/12/1938,S,M,warren14@adventure-works.com,"$30,000 ",2,Partial College,Clerical,N
23563,MR.,KURT,CHAVEZ,8/11/1938,M,M,kurt15@adventure-works.com,"$40,000 ",2,Bachelors,Management,Y
23564,MS.,JESSICA,HOWARD,3/18/1977,S,F,jessica14@adventure-works.com,"$30,000 ",0,Partial High School,Clerical,N
23565,MS.,JULIA,TORRES,11/2/1976,S,F,julia58@adventure-works.com,"$40,000 ",0,High School,Skilled Manual,N
23566,MR.,BENJAMIN,SHAN,3/27/1979,S,M,benjamin33@adventure-works.com,"$30,000 ",0,Partial High School,Clerical,N
23567,MR.,XAVIER,GREEN,1/23/1979,S,M,xavier28@adventure-works.com,"$30,000 ",0,Partial High School,Clerical,Y
23569,MRS.,VANESSA,PRICE,5/7/1939,S,F,vanessa1@adventure-works.com,"$30,000 ",2,Partial College,Clerical,N
23570,MRS.,DEANNA,ROMERO,8/3/1939,M,F,deanna35@adventure-works.com,"$40,000 ",2,Bachelors,Management,N
23571,MRS.,ALISHA,GUO,1/23/1940,M,F,alisha18@adventure-works.com,"$40,000 ",2,Bachelors,Management,Y
23572,MRS.,DONNA,PAL,8/26/1942,M,F,donna11@adventure-works.com,"$40,000 ",2,Bachelors,Management,Y
23573,MR.,JORGE,GAO,5/20/1942,M,M,jorge17@adventure-works.com,"$40,000 ",2,Bachelors,Management,Y
23574,MRS.,EBONY,HERNANDEZ,9/12/1943,M,F,ebony26@adventure-works.com,"$40,000 ",2,Bachelors,Management,Y
23575,MR.,BOBBY,RAY,11/24/1943,M,M,bobby7@adventure-works.com,"$40,000 ",2,Bachelors,Management,N
23576,MRS.,ANN,SARA,7/7/1944,M,F,ann15@adventure-works.com,"$10,000 ",5,High School,Skilled Manual,Y
23577,MS.,JULIA,BENNETT,4/21/1976,M,F,julia67@adventure-works.com,"$40,000 ",0,High School,Skilled Manual,Y
23578,MR.,ERIC,LAL,7/12/1976,M,M,eric37@adventure-works.com,"$40,000 ",0,Partial College,Skilled Manual,Y
23579,MR.,JARED,RICHARDSON,10/19/1975,S,M,jared11@adventure-works.com,"$40,000 ",0,High School,Skilled Manual,Y
23580,MR.,RYAN,JONES,6/8/1974,S,M,ryan42@adventure-works.com,"$50,000 ",0,Partial College,Skilled Manual,N
23581,MS.,JAN,HILL,11/4/1974,S,F,jan13@adventure-works.com,"$50,000 ",0,Partial College,Skilled Manual,N
23582,MS.,STEPHANIE,SIMMONS,3/23/1973,M,F,stephanie42@adventure-works.com,"$60,000 ",0,Partial College,Skilled Manual,Y
23583,MS.,BRIANNA,MARTIN,12/8/1973,M,F,brianna13@adventure-works.com,"$60,000 ",0,Partial College,Skilled Manual,Y
23584,MR.,JASON,EVANS,6/26/1972,M,M,jason30@adventure-works.com,"$70,000 ",0,Partial College,Skilled Manual,N
23585,MS.,KAITLYN,MOORE,6/27/1972,S,F,kaitlyn30@adventure-works.com,"$70,000 ",0,Partial College,Skilled Manual,N
23586,MS.,MADISON,COLEMAN,6/21/1972,M,F,madison41@adventure-works.com,"$80,000 ",0,Bachelors,Management,Y
23587,MS.,HAILEY,GONZALEZ,4/5/1972,S,F,hailey57@adventure-works.com,"$80,000 ",0,Bachelors,Management,N
23588,MR.,RYAN,HUGHES,3/18/1968,M,M,ryan14@adventure-works.com,"$90,000 ",4,Bachelors,Management,Y
23589,MRS.,AMANDA,BAKER,4/6/1967,M,F,amanda59@adventure-works.com,"$100,000 ",1,Bachelors,Management,Y
23590,MR.,AUSTIN,BROWN,1/10/1967,S,M,austin43@adventure-works.com,"$120,000 ",0,Bachelors,Management,N
23591,MR.,JUSTIN,HENDERSON,1/25/1963,M,M,justin1@adventure-works.com,"$80,000 ",4,Bachelors,Management,Y
23592,MR.,JOSEPH,JACKSON,9/22/1963,S,M,joseph18@adventure-works.com,"$80,000 ",4,Bachelors,Management,Y
23593,MS.,KRYSTAL,ZHOU,8/3/1971,S,F,krystal8@adventure-works.com,"$120,000 ",0,Partial High School,Management,N
23594,MRS.,PAULA,DIAZ,12/7/1953,S,F,paula5@adventure-works.com,"$70,000 ",4,Partial College,Professional,Y
23595,MRS.,CARRIE,RUBIO,4/22/1957,S,F,carrie18@adventure-works.com,"$110,000 ",2,Partial College,Professional,Y
23597,MRS.,MEREDITH,PEREZ,8/17/1957,S,F,meredith21@adventure-works.com,"$150,000 ",1,Partial College,Professional,N
23598,MRS.,LINDA,RAMOS,11/21/1957,S,F,linda32@adventure-works.com,"$150,000 ",2,Partial College,Professional,N
23599,MRS.,MACKENZIE,ROBERTS,4/15/1957,S,F,mackenzie27@adventure-works.com,"$150,000 ",2,High School,Professional,N
23600,MR.,PETER,SHARMA,3/11/1956,M,M,peter15@adventure-works.com,"$100,000 ",2,High School,Professional,Y
23601,MRS.,KARI,ALAN,4/4/1956,S,F,kari28@adventure-works.com,"$120,000 ",3,High School,Professional,N
23602,MRS.,ANDREA,LOPEZ,5/17/1956,M,F,andrea43@adventure-works.com,"$120,000 ",3,High School,Professional,Y
23603,MR.,SHANE,MALHOTRA,6/15/1955,M,M,shane8@adventure-works.com,"$90,000 ",2,High School,Professional,Y
23604,MR.,TROY,KOVAR,5/25/1955,S,M,troy4@adventure-works.com,"$110,000 ",3,Partial College,Professional,N
23605,MR.,DEANNA,SABELLA,12/4/1955,M,M,deanna2@adventure-works.com,"$130,000 ",3,Partial College,Professional,Y
23606,MR.,KENNETH,RAJE,4/11/1955,M,M,kenneth12@adventure-works.com,"$130,000 ",3,Partial College,Professional,Y
23607,MR.,WAYNE,SHE,5/11/1955,M,M,wayne1@adventure-works.com,"$130,000 ",3,Partial College,Professional,Y
23608,MRS.,JESSIE,BLANCO,1/11/1955,M,F,jessie34@adventure-works.com,"$150,000 ",3,High School,Professional,Y
23609,MR.,CLARENCE,LI,5/12/1944,S,M,clarence39@adventure-works.com,"$70,000 ",5,High School,Professional,Y
23610,MR.,CORY,PEREZ,10/23/1944,M,M,cory17@adventure-works.com,"$70,000 ",5,High School,Professional,Y
23611,MR.,DAVE,NATSUHARA,3/4/1944,M,M,dave2@adventure-works.com,"$80,000 ",5,Bachelors,Management,Y
23612,MRS.,ROSA,LIU,4/26/1944,S,F,rosa4@adventure-works.com,"$90,000 ",5,Partial College,Professional,N
23613,MR.,CLAYTON,LU,2/22/1944,M,M,clayton10@adventure-works.com,"$130,000 ",3,Bachelors,Management,Y
23614,MRS.,RACHEL,COOK,9/9/1945,S,F,rachel32@adventure-works.com,"$130,000 ",4,Partial College,Professional,N
23615,MRS.,KENDRA,SUAREZ,4/13/1945,M,F,kendra19@adventure-works.com,"$160,000 ",3,Bachelors,Management,Y
23616,MRS.,KAREN,ROBERTS,8/2/1946,S,F,karen7@adventure-works.com,"$120,000 ",4,Bachelors,Management,Y
23617,MRS.,KARA,SHE,4/26/1946,S,F,kara1@adventure-works.com,"$130,000 ",4,Partial College,Professional,N
23618,MR.,DALE,HOLT,8/4/1946,M,M,dale8@adventure-works.com,"$170,000 ",4,Bachelors,Management,Y
23619,MR.,RICARDO,TANG,7/15/1953,M,M,ricardo4@adventure-works.com,"$110,000 ",3,Bachelors,Management,Y
23620,MR.,ROY,ARUN,7/14/1953,M,M,roy7@adventure-works.com,"$160,000 ",3,Bachelors,Management,N
23621,MRS.,FELICIA,TOWNSEND,11/10/1952,M,F,felicia11@adventure-works.com,"$70,000 ",5,Partial High School,Skilled Manual,Y
23622,MR.,DARREN,MORENO,6/11/1952,M,M,darren28@adventure-works.com,"$110,000 ",4,Partial College,Professional,Y
23623,MRS.,JOCELYN,GRIFFIN,8/11/1951,M,F,jocelyn20@adventure-works.com,"$80,000 ",4,High School,Professional,Y
23624,MRS.,JILLIAN,MALHOTRA,8/18/1951,S,F,jillian5@adventure-works.com,"$90,000 ",4,High School,Professional,Y
23625,MR.,MICHEAL,NAVARRO,11/2/1951,M,M,micheal5@adventure-works.com,"$130,000 ",4,High School,Professional,N
23626,MR.,ROSS,MEHTA,3/11/1950,S,M,ross14@adventure-works.com,"$90,000 ",4,High School,Management,Y
23627,MRS.,ADRIENNE,NAVARRO,4/26/1950,S,F,adrienne6@adventure-works.com,"$100,000 ",3,Partial College,Management,N
23628,MRS.,KARA,SHEN,11/9/1950,S,F,kara3@adventure-works.com,"$120,000 ",4,Partial College,Management,N
23629,MR.,ALFREDO,GILL,4/3/1950,M,M,alfredo15@adventure-works.com,"$130,000 ",4,High School,Management,Y
23630,MR.,DOMINIC,FERNANDEZ,3/28/1950,S,M,dominic16@adventure-works.com,"$160,000 ",3,Partial College,Management,N
23631,MR.,COLIN,WANG,3/5/1949,S,M,colin1@adventure-works.com,"$80,000 ",5,High School,Management,N
23632,MRS.,KRISTEN,ZHOU,8/5/1949,S,F,kristen7@adventure-works.com,"$120,000 ",4,High School,Management,N
23633,MRS.,DEBORAH,CHANDE,11/7/1949,S,F,deborah19@adventure-works.com,"$120,000 ",4,High School,Management,Y
23634,MR.,ERNEST,LI,7/21/1949,M,M,ernest3@adventure-works.com,"$130,000 ",4,High School,Management,N
23635,MR.,ALVIN,LUO,3/27/1949,M,M,alvin28@adventure-works.com,"$160,000 ",4,High School,Management,Y
23636,MRS.,RACHAEL,GONZALEZ,10/8/1949,M,F,rachael17@adventure-works.com,"$160,000 ",5,High School,Management,N
23637,MRS.,YOLANDA,JAI,10/14/1948,M,F,yolanda10@adventure-works.com,"$80,000 ",5,High School,Management,Y
23638,MR.,NELSON,RUIZ,4/18/1948,M,M,nelson2@adventure-works.com,"$120,000 ",4,High School,Management,Y
23639,MRS.,CHRISTY,GUO,5/9/1947,M,F,christy16@adventure-works.com,"$120,000 ",5,High School,Management,Y
23640,MR.,BRUCE,JIMÉNEZ,1/8/1975,M,M,bruce28@adventure-works.com,"$70,000 ",0,Bachelors,Professional,Y
23641,MS.,MEGAN,MORRIS,7/11/1976,M,F,megan29@adventure-works.com,"$70,000 ",0,Bachelors,Professional,N
23642,MS.,ANNE,GUTIERREZ,7/18/1975,M,F,anne12@adventure-works.com,"$70,000 ",0,Bachelors,Professional,N
23643,MS.,ERICA,ZHENG,11/22/1974,S,F,erica18@adventure-works.com,"$70,000 ",0,Bachelors,Professional,N
23644,MS.,ALLISON,YOUNG,10/3/1974,M,F,allison40@adventure-works.com,"$70,000 ",0,Bachelors,Professional,Y
23645,MR.,CURTIS,ZHENG,6/16/1975,S,M,curtis16@adventure-works.com,"$90,000 ",0,Bachelors,Professional,Y
23646,MS.,JAMIE,LU,4/14/1974,S,F,jamie14@adventure-works.com,"$80,000 ",0,Bachelors,Professional,Y
23647,MR.,WAYNE,SHEN,2/27/1974,S,M,wayne3@adventure-works.com,"$80,000 ",0,Bachelors,Professional,N
23648,MS.,KARLA,CHANDER,7/28/1974,S,F,karla17@adventure-works.com,"$90,000 ",0,Bachelors,Professional,N
23649,MS.,NAOMI,RUIZ,10/14/1974,S,F,naomi2@adventure-works.com,"$90,000 ",0,Bachelors,Professional,N
23650,MRS.,CAROLYN,VAZQUEZ,6/7/1974,M,F,carolyn35@adventure-works.com,"$120,000 ",5,Partial High School,Professional,Y
23651,MR.,MARVIN,ALVAREZ,1/26/1973,M,M,marvin5@adventure-works.com,"$90,000 ",0,Bachelors,Professional,N
23652,MR.,ROGER,GOEL,10/18/1973,S,M,roger47@adventure-works.com,"$90,000 ",0,Bachelors,Professional,N
23653,MR.,DEVIN,CAMPBELL,10/21/1973,S,M,devin39@adventure-works.com,"$100,000 ",0,High School,Management,Y
23654,MRS.,ALISHA,WU,9/2/1973,M,F,alisha7@adventure-works.com,"$130,000 ",4,High School,Management,N
23655,MS.,GRACE,MURPHY,11/21/1972,S,F,grace31@adventure-works.com,"$90,000 ",0,Bachelors,Professional,Y
23656,MS.,NAOMI,RAMOS,6/14/1972,S,F,naomi18@adventure-works.com,"$90,000 ",0,Bachelors,Professional,Y
23657,MS.,ALISON,JAI,11/2/1971,S,F,alison11@adventure-works.com,"$80,000 ",0,Bachelors,Professional,N
23658,MR.,ROSS,ARUN,11/25/1972,M,M,ross6@adventure-works.com,"$110,000 ",0,High School,Management,Y
23659,MR.,DREW,SHAN,4/10/1972,S,M,drew11@adventure-works.com,"$110,000 ",0,High School,Management,Y
23660,MRS.,CHRISTY,TANG,11/20/1972,S,F,christy23@adventure-works.com,"$160,000 ",2,High School,Management,Y
23661,MS.,ABIGAIL,WASHINGTON,12/27/1971,S,F,abigail38@adventure-works.com,"$90,000 ",0,Bachelors,Professional,N
23662,,CYNTHIA,SANCHEZ,11/6/1970,S,NA,cynthia26@adventure-works.com,"$100,000 ",0,Partial High School,Professional,Y
23663,MR.,NEIL,DOMINGUEZ,9/4/1970,M,M,neil12@adventure-works.com,"$100,000 ",0,Partial High School,Professional,Y
23664,MS.,SANDRA,GUO,12/4/1970,S,F,sandra25@adventure-works.com,"$110,000 ",0,High School,Management,N
23665,MS.,CRYSTAL,YANG,11/9/1970,S,F,crystal7@adventure-works.com,"$120,000 ",0,Partial High School,Professional,N
23666,MRS.,OLIVIA,ANDERSON,10/18/1948,M,F,olivia9@adventure-works.com,"$30,000 ",4,High School,Professional,Y
23667,MR.,HAROLD,ARUN,9/24/1948,M,M,harold4@adventure-works.com,"$30,000 ",4,High School,Professional,Y
23668,MRS.,JESSICA,HUGHES,7/7/1947,M,F,jessica36@adventure-works.com,"$40,000 ",4,High School,Professional,Y
23669,MR.,SEAN,TORRES,5/3/1937,S,M,sean11@adventure-works.com,"$50,000 ",3,Graduate Degree,Management,Y
23670,MRS.,MYA,HENDERSON,12/5/1938,M,F,mya7@adventure-works.com,"$60,000 ",3,Graduate Degree,Management,Y
23671,MR.,FERNANDO,THOMAS,2/5/1939,M,M,fernando10@adventure-works.com,"$60,000 ",3,Graduate Degree,Management,Y
23672,MRS.,ABIGAIL,FLORES,4/22/1939,M,F,abigail37@adventure-works.com,"$60,000 ",3,Graduate Degree,Management,Y
23673,MRS.,KAYLA,MILLER,3/8/1939,M,F,kayla6@adventure-works.com,"$60,000 ",3,Graduate Degree,Management,Y
23674,MR.,JEREMIAH,WALKER,5/10/1939,M,M,jeremiah11@adventure-works.com,"$60,000 ",3,Graduate Degree,Management,N
23675,MR.,EMMANUEL,PRASAD,5/18/1940,S,M,emmanuel9@adventure-works.com,"$60,000 ",3,Bachelors,Management,Y
23676,MR.,BRANDON,DIAZ,10/23/1940,S,M,brandon18@adventure-works.com,"$60,000 ",3,Bachelors,Management,Y
23677,MR.,CHARLES,LEWIS,3/13/1940,M,M,charles25@adventure-works.com,"$60,000 ",3,Bachelors,Management,Y
23678,MRS.,KELLY,DIAZ,9/9/1940,S,F,kelly26@adventure-works.com,"$60,000 ",3,Bachelors,Management,Y
23679,MR.,JACOB,HARRIS,11/5/1941,S,M,jacob12@adventure-works.com,"$50,000 ",3,Bachelors,Management,Y
23680,MRS.,ANNA,POWELL,10/12/1941,M,F,anna33@adventure-works.com,"$50,000 ",3,Bachelors,Management,Y
23681,MR.,JORDAN,GONZALES,1/5/1941,S,M,jordan14@adventure-works.com,"$50,000 ",4,Bachelors,Management,Y
23682,MRS.,NATALIE,HARRIS,5/11/1941,M,F,natalie81@adventure-works.com,"$50,000 ",4,Bachelors,Management,Y
23683,MRS.,DANA,ALONSO,5/2/1942,M,F,dana24@adventure-works.com,"$50,000 ",4,Bachelors,Management,Y
23684,MRS.,JASMINE,RODRIGUEZ,1/4/1942,S,F,jasmine17@adventure-works.com,"$50,000 ",4,Bachelors,Management,Y
23685,MRS.,ALEXA,REED,6/25/1943,S,F,alexa19@adventure-works.com,"$60,000 ",4,Bachelors,Management,Y
23686,MRS.,RACHEL,MURPHY,3/13/1943,S,F,rachel35@adventure-works.com,"$60,000 ",4,Bachelors,Management,Y
23687,MRS.,MELISSA,FLORES,10/18/1944,S,F,melissa7@adventure-works.com,"$30,000 ",5,Partial High School,Clerical,N
23688,MRS.,OLIVIA,THOMAS,5/19/1944,M,F,olivia10@adventure-works.com,"$30,000 ",5,Partial High School,Clerical,Y
23689,MRS.,KAYLA,HALL,2/26/1947,M,F,kayla23@adventure-works.com,"$40,000 ",4,High School,Professional,Y
23690,MR.,ANGEL,JAMES,6/5/1947,M,M,angel7@adventure-works.com,"$40,000 ",4,High School,Professional,N
23691,MRS.,KAREN,HU,6/11/1945,S,F,karen29@adventure-works.com,"$20,000 ",5,Partial High School,Clerical,Y
23692,MR.,ISAAC,KING,4/11/1945,S,M,isaac41@adventure-works.com,"$20,000 ",5,Partial High School,Clerical,N
23693,MRS.,JACQUELINE,JENKINS,11/9/1945,S,F,jacqueline7@adventure-works.com,"$20,000 ",5,Partial High School,Clerical,N
23694,MR.,BRIAN,BROOKS,2/20/1945,M,M,brian13@adventure-works.com,"$20,000 ",5,Partial High School,Clerical,N
23695,MR.,ELIJAH,COLEMAN,8/14/1945,S,M,elijah9@adventure-works.com,"$30,000 ",5,Partial High School,Skilled Manual,N
23696,MRS.,AUTUMN,LI,10/26/1945,S,F,autumn3@adventure-works.com,"$30,000 ",5,Partial High School,Skilled Manual,Y
23697,MR.,CODY,KELLY,10/4/1945,M,M,cody2@adventure-works.com,"$30,000 ",5,Partial High School,Skilled Manual,Y
23698,MRS.,MELISSA,COLEMAN,5/21/1945,M,F,melissa23@adventure-works.com,"$30,000 ",2,Partial High School,Skilled Manual,Y
23699,MR.,NICHOLAS,WALKER,4/19/1945,M,M,nicholas3@adventure-works.com,"$30,000 ",2,Partial High School,Skilled Manual,Y
23700,MRS.,KATELYN,YOUNG,5/12/1945,M,F,katelyn41@adventure-works.com,"$30,000 ",2,Partial High School,Skilled Manual,N
23701,MRS.,MARISSA,BARNES,2/22/1946,M,F,marissa1@adventure-works.com,"$40,000 ",5,High School,Professional,Y
23702,MR.,EDUARDO,JAMES,8/4/1946,M,M,eduardo66@adventure-works.com,"$40,000 ",5,High School,Professional,Y
23703,MRS.,JACQUELINE,SANCHEZ,9/6/1946,M,F,jacqueline42@adventure-works.com,"$40,000 ",5,High School,Professional,Y
23704,MR.,CHRISTOPHER,MOORE,1/16/1946,S,M,christopher8@adventure-works.com,"$40,000 ",5,High School,Professional,Y
23705,MR.,JEREMY,BRYANT,4/3/1946,M,M,jeremy30@adventure-works.com,"$40,000 ",2,High School,Professional,Y
23706,MRS.,MACKENZIE,COOPER,3/13/1946,S,F,mackenzie16@adventure-works.com,"$70,000 ",5,Bachelors,Management,Y
23707,MR.,WILLIAM,ANDERSON,7/18/1946,S,M,william25@adventure-works.com,"$70,000 ",5,Bachelors,Management,Y
23708,MRS.,VICTORIA,COLEMAN,7/2/1946,M,F,victoria53@adventure-works.com,"$70,000 ",5,Bachelors,Management,Y
23709,MR.,DEVIN,PERRY,12/5/1946,S,M,devin46@adventure-works.com,"$70,000 ",5,Bachelors,Management,Y
23710,MRS.,ANNA,SANCHEZ,8/21/1947,M,F,anna3@adventure-works.com,"$40,000 ",2,High School,Professional,Y
23711,MR.,FERNANDO,DIAZ,9/17/1947,S,M,fernando63@adventure-works.com,"$70,000 ",2,Bachelors,Management,Y
23712,MRS.,RILEY,MURPHY,6/9/1947,S,F,riley34@adventure-works.com,"$70,000 ",2,Bachelors,Management,Y
23713,MRS.,ARIANNA,BUTLER,8/20/1947,M,F,arianna12@adventure-works.com,"$70,000 ",2,Bachelors,Management,Y
23714,MR.,JOSEPH,WILLIAMS,4/18/1947,M,M,joseph8@adventure-works.com,"$70,000 ",2,Bachelors,Management,Y
23715,MRS.,ISABEL,FLORES,2/18/1947,S,F,isabel12@adventure-works.com,"$70,000 ",2,Bachelors,Management,N
23716,MR.,KYLE,WRIGHT,8/12/1947,M,M,kyle47@adventure-works.com,"$70,000 ",2,Partial College,Professional,Y
23717,MR.,AIDAN,GRIFFIN,3/17/1948,M,M,aidan22@adventure-works.com,"$60,000 ",2,Partial College,Professional,Y
23718,MR.,NELSON,BLANCO,9/26/1948,M,M,nelson14@adventure-works.com,"$60,000 ",2,Partial College,Professional,Y
23719,MR.,MARCUS,JAMES,2/27/1949,M,M,marcus73@adventure-works.com,"$40,000 ",2,Partial High School,Skilled Manual,Y
23720,MRS.,ANNA,DAVIS,5/24/1949,M,F,anna66@adventure-works.com,"$60,000 ",2,Partial College,Professional,Y
23721,MR.,JOHN,CLARK,7/23/1949,M,M,john43@adventure-works.com,"$60,000 ",2,Partial College,Professional,N
23722,MRS.,ANDREA,PEREZ,4/13/1949,M,F,andrea34@adventure-works.com,"$60,000 ",2,Partial College,Professional,Y
23723,MR.,JOSE,PHILLIPS,6/9/1949,M,M,jose43@adventure-works.com,"$60,000 ",2,Partial College,Professional,Y
23724,MRS.,GABRIELLE,HUGHES,3/16/1949,S,F,gabrielle34@adventure-works.com,"$70,000 ",5,Partial College,Professional,Y
23725,,DENNIS,WARE,10/4/1950,M,NA,dennis0@adventure-works.com,"$40,000 ",2,Partial High School,Skilled Manual,Y
23726,MR.,DARRELL,XIE,6/13/1950,M,M,darrell13@adventure-works.com,"$60,000 ",2,Partial College,Professional,N
23727,MR.,BRUCE,SERRANO,3/2/1950,M,M,bruce37@adventure-works.com,"$60,000 ",2,Partial College,Professional,Y
23728,MRS.,PAIGE,KELLY,2/20/1950,S,F,paige25@adventure-works.com,"$60,000 ",2,Partial College,Professional,Y
23729,MR.,MARCUS,ALLEN,9/2/1950,M,M,marcus26@adventure-works.com,"$70,000 ",4,Partial College,Professional,Y
23730,MRS.,MORGAN,RODRIGUEZ,3/14/1951,M,F,morgan41@adventure-works.com,"$60,000 ",2,High School,Professional,Y
23731,MR.,JOSE,THOMPSON,11/18/1951,M,M,jose77@adventure-works.com,"$60,000 ",2,High School,Professional,Y
23732,MR.,XAVIER,WOOD,2/10/1951,S,M,xavier43@adventure-works.com,"$60,000 ",2,High School,Professional,Y
23733,MRS.,NATASHA,GOMEZ,8/23/1951,M,F,natasha1@adventure-works.com,"$60,000 ",2,High School,Professional,Y
23734,MRS.,MELANIE,WOOD,6/16/1951,M,F,melanie17@adventure-works.com,"$60,000 ",2,Partial College,Professional,N
23735,MRS.,AMANDA,WASHINGTON,7/2/1951,M,F,amanda34@adventure-works.com,"$60,000 ",2,Partial College,Professional,N
23736,MRS.,SYDNEY,RIVERA,12/10/1951,M,F,sydney10@adventure-works.com,"$60,000 ",2,Partial College,Professional,Y
23737,MRS.,ELENA,VELEZ AMEZAGA,3/14/1951,M,F,elena0@adventure-works.com,"$60,000 ",2,Partial College,Professional,Y
23738,MR.,JULIAN,BENNETT,10/10/1952,S,M,julian2@adventure-works.com,"$70,000 ",2,High School,Professional,Y
23739,MRS.,VIRGINIA,KAPOOR,10/19/1952,M,F,virginia2@adventure-works.com,"$70,000 ",2,High School,Professional,Y
23740,MR.,NOAH,JACKSON,11/14/1952,M,M,noah52@adventure-works.com,"$70,000 ",2,Partial High School,Skilled Manual,Y
23741,MRS.,DANA,ROMERO,11/2/1952,S,F,dana1@adventure-works.com,"$70,000 ",2,Partial High School,Skilled Manual,Y
23742,MRS.,MORGAN,COX,7/4/1953,M,F,morgan58@adventure-works.com,"$60,000 ",3,Partial High School,Skilled Manual,Y
23743,MR.,TERRENCE,XU,1/6/1980,S,M,terrence5@adventure-works.com,"$20,000 ",0,Partial High School,Manual,N
23744,MR.,BARRY,PRASAD,4/23/1980,S,M,barry10@adventure-works.com,"$20,000 ",0,Partial High School,Manual,Y
23745,MS.,DANA,VAZQUEZ,8/2/1980,S,F,dana7@adventure-works.com,"$20,000 ",0,Partial High School,Manual,N
23746,MS.,LANE,SACKSTEDER,10/16/1980,S,F,lane1@adventure-works.com,"$20,000 ",0,Partial High School,Manual,N
23747,MR.,THEODORE,ROMERO,11/22/1980,S,M,theodore9@adventure-works.com,"$20,000 ",0,Partial High School,Manual,Y
23748,MS.,YOLANDA,PAL,2/16/1978,S,F,yolanda11@adventure-works.com,"$30,000 ",0,Partial College,Clerical,N
23749,MS.,BRANDI,ASHE,5/10/1978,S,F,brandi5@adventure-works.com,"$30,000 ",0,High School,Manual,N
23750,MRS.,TANYA,SERRANO,2/23/1974,M,F,tanya13@adventure-works.com,"$40,000 ",1,Bachelors,Skilled Manual,Y
23751,MRS.,LACEY,LAL,9/21/1974,M,F,lacey43@adventure-works.com,"$40,000 ",1,Bachelors,Skilled Manual,Y
23752,MR.,DEVIN,TORRES,12/5/1974,M,M,devin71@adventure-works.com,"$40,000 ",1,Bachelors,Skilled Manual,Y
23753,MR.,ARTHUR,SARA,3/13/1973,S,M,arthur12@adventure-works.com,"$30,000 ",0,High School,Manual,N
23754,MS.,CASSIE,GOEL,2/13/1972,S,F,cassie18@adventure-works.com,"$10,000 ",0,Partial High School,Manual,N
23755,MR.,LOUIS,WU,5/9/1972,S,M,louis45@adventure-works.com,"$20,000 ",0,Partial High School,Manual,Y
23756,MR.,OMAR,JAI,12/8/1972,S,M,omar31@adventure-works.com,"$20,000 ",0,Partial High School,Manual,N
23757,MR.,JAMES,ROBERTS,5/11/1972,S,M,james53@adventure-works.com,"$20,000 ",0,Partial High School,Manual,N
23758,MRS.,VIRGINIA,MALHOTRA,5/25/1973,M,F,virginia6@adventure-works.com,"$40,000 ",1,Bachelors,Skilled Manual,Y
23759,MR.,CLINTON,ALONSO,12/17/1973,M,M,clinton5@adventure-works.com,"$40,000 ",1,Bachelors,Skilled Manual,Y
23760,MRS.,NINA,SHARMA,9/4/1973,M,F,nina10@adventure-works.com,"$40,000 ",1,Bachelors,Skilled Manual,Y
23761,MS.,TONYA,PAL,7/19/1972,M,F,tonya11@adventure-works.com,"$20,000 ",0,Partial High School,Manual,Y
23762,MR.,RUBEN,RAMOS,9/20/1972,S,M,ruben40@adventure-works.com,"$30,000 ",0,High School,Manual,N
23763,MR.,MICHEAL,ROMERO,7/13/1972,M,M,micheal4@adventure-works.com,"$40,000 ",1,Bachelors,Skilled Manual,Y
23764,,ALISHA,LIU,3/13/1972,S,NA,alisha4@adventure-works.com,"$40,000 ",2,Partial College,Clerical,Y
23765,MRS.,KELLY,PRICE,3/2/1972,S,F,kelly4@adventure-works.com,"$40,000 ",2,Partial College,Clerical,Y
23766,MRS.,CASSANDRA,MARTINEZ,5/2/1972,S,F,cassandra19@adventure-works.com,"$40,000 ",2,Partial College,Clerical,Y
23767,MS.,ARIANNA,BENNETT,7/26/1971,S,F,arianna1@adventure-works.com,"$10,000 ",0,Partial High School,Manual,N
23768,MR.,JOSHUA,GARCIA,7/27/1971,S,M,joshua18@adventure-works.com,"$10,000 ",0,Partial High School,Manual,Y
23769,MS.,NATASHA,DOMINGUEZ,1/4/1971,S,F,natasha12@adventure-works.com,"$10,000 ",0,Partial High School,Manual,Y
23770,MR.,JAMIE,CARLSON,5/12/1971,S,M,jamie40@adventure-works.com,"$20,000 ",0,Partial High School,Manual,N
23771,MR.,JULIO,GOMEZ,2/4/1971,S,M,julio0@adventure-works.com,"$20,000 ",0,Partial High School,Manual,N
23772,MR.,CORY,RAMAN,1/6/1971,M,M,cory10@adventure-works.com,"$20,000 ",0,Partial High School,Manual,N
23773,MR.,JON,CAI,1/6/1971,M,M,jon41@adventure-works.com,"$20,000 ",0,Partial High School,Manual,Y
23774,MR.,REGINALD,HARRISON,5/1/1971,S,M,reginald18@adventure-works.com,"$30,000 ",0,High School,Manual,Y
23775,MR.,CEDRIC,SHAN,3/5/1970,S,M,cedric31@adventure-works.com,"$40,000 ",2,Partial College,Clerical,Y
23776,MRS.,CRISTINA,YUAN,4/22/1970,S,F,cristina6@adventure-works.com,"$40,000 ",2,Partial College,Clerical,Y
23777,MRS.,CANDICE,ZHANG,6/7/1970,S,F,candice8@adventure-works.com,"$40,000 ",2,Partial College,Clerical,Y
23778,MR.,LOUIS,HUANG,10/4/1971,M,M,louis44@adventure-works.com,"$30,000 ",0,High School,Manual,N
23779,MRS.,DEANNA,DOMINGUEZ,10/19/1971,S,F,deanna39@adventure-works.com,"$40,000 ",2,Partial College,Clerical,Y
23780,MR.,MASON,STEWART,4/8/1970,S,M,mason24@adventure-works.com,"$40,000 ",2,Partial College,Clerical,N
23781,MRS.,JORDYN,ROSS,7/2/1975,S,F,jordyn3@adventure-works.com,"$40,000 ",3,Partial College,Clerical,Y
23782,MR.,EDWARD,BRYANT,6/21/1975,S,M,edward66@adventure-works.com,"$40,000 ",3,Partial College,Clerical,Y
23783,MR.,ZACHARY,SMITH,4/8/1931,M,M,zachary40@adventure-works.com,"$30,000 ",1,Bachelors,Skilled Manual,Y
23784,MR.,PRESTON,ARUN,10/24/1966,S,M,preston5@adventure-works.com,"$60,000 ",0,Graduate Degree,Skilled Manual,N
23786,MRS.,CARRIE,SERRANO,3/15/1954,M,F,carrie15@adventure-works.com,"$20,000 ",3,Partial High School,Manual,Y
23787,MR.,ADRIAN,WARD,8/4/1954,S,M,adrian5@adventure-works.com,"$30,000 ",1,High School,Clerical,N
23788,MR.,MICHAEL,SMITH,8/25/1954,M,M,michael33@adventure-works.com,"$30,000 ",1,High School,Clerical,Y
23789,MR.,RYAN,WALKER,3/8/1954,M,M,ryan59@adventure-works.com,"$30,000 ",1,High School,Clerical,Y
23790,MRS.,ISABELLA,WILLIAMS,5/23/1955,M,F,isabella59@adventure-works.com,"$20,000 ",3,Partial High School,Clerical,Y
23791,MR.,AARON,GRIFFIN,10/14/1955,S,M,aaron20@adventure-works.com,"$20,000 ",3,Partial High School,Clerical,N
23792,MR.,JESSIE,WU,3/14/1955,S,M,jessie12@adventure-works.com,"$20,000 ",3,Partial High School,Clerical,N
23793,MR.,RYAN,KUMAR,4/11/1955,S,M,ryan32@adventure-works.com,"$30,000 ",1,High School,Clerical,N
23794,MRS.,ABIGAIL,POWELL,3/17/1955,M,F,abigail33@adventure-works.com,"$30,000 ",1,High School,Clerical,Y
23795,MRS.,LAUREN,MOORE,10/17/1955,S,F,lauren26@adventure-works.com,"$30,000 ",1,High School,Clerical,N
23796,MR.,MIGUEL,YOUNG,4/9/1955,S,M,miguel25@adventure-works.com,"$30,000 ",1,High School,Clerical,N
23797,MR.,NATHAN,PEREZ,3/2/1956,S,M,nathan40@adventure-works.com,"$20,000 ",3,Partial High School,Clerical,N
23798,MRS.,JULIA,KELLY,9/12/1956,M,F,julia64@adventure-works.com,"$30,000 ",2,High School,Skilled Manual,Y
23799,MRS.,CAROLYN,CHANDRA,2/14/1957,M,F,carolyn3@adventure-works.com,"$20,000 ",2,Partial High School,Clerical,N
23800,MRS.,KAYLEE,COX,10/9/1957,M,F,kaylee8@adventure-works.com,"$20,000 ",2,Partial High School,Clerical,Y
23801,MRS.,TAYLOR,WOOD,3/8/1957,M,F,taylor27@adventure-works.com,"$20,000 ",2,Partial High School,Clerical,Y
23802,MRS.,EMILY,DIAZ,11/23/1957,M,F,emily47@adventure-works.com,"$20,000 ",2,Partial High School,Clerical,Y
23803,MR.,BERNARD,THAMES,5/17/1957,M,M,bernard1@adventure-works.com,"$20,000 ",2,Partial High School,Clerical,N
23804,MRS.,KRISTEN,MA,7/7/1958,M,F,kristen14@adventure-works.com,"$30,000 ",2,High School,Skilled Manual,Y
23805,MR.,LUKE,HAYES,6/24/1958,M,M,luke12@adventure-works.com,"$30,000 ",2,High School,Skilled Manual,Y
23806,MRS.,OLIVIA,FOSTER,8/19/1958,M,F,olivia61@adventure-works.com,"$30,000 ",2,High School,Skilled Manual,Y
23807,MR.,CARSON,HUGHES,2/10/1958,M,M,carson10@adventure-works.com,"$40,000 ",1,Partial College,Clerical,Y
23808,MR.,SPENCER,PERRY,5/8/1958,M,M,spencer9@adventure-works.com,"$40,000 ",1,Partial College,Clerical,Y
23809,MRS.,DANIELLE,SANCHEZ,4/23/1958,M,F,danielle27@adventure-works.com,"$40,000 ",1,Partial College,Clerical,Y
23810,MRS.,SARAH,LEE,9/9/1958,M,F,sarah24@adventure-works.com,"$40,000 ",1,Partial College,Clerical,N
23811,MR.,ETHAN,POWELL,1/4/1959,S,M,ethan5@adventure-works.com,"$40,000 ",2,Partial College,Clerical,Y
23812,MR.,CAMERON,BUTLER,9/19/1959,S,M,cameron9@adventure-works.com,"$40,000 ",2,Partial College,Clerical,N
23813,MRS.,HANNAH,BENNETT,7/7/1959,S,F,hannah24@adventure-works.com,"$40,000 ",2,Partial College,Clerical,Y
23814,MRS.,ANGELA,FOSTER,7/24/1959,M,F,angela19@adventure-works.com,"$40,000 ",2,Partial College,Clerical,N
23815,,JULIA,WARD,11/26/1959,S,NA,julia57@adventure-works.com,"$40,000 ",2,Partial College,Clerical,N
23816,MRS.,NATALIE,JOHNSON,6/25/1959,S,F,natalie69@adventure-works.com,"$40,000 ",2,Partial College,Clerical,N
23817,MRS.,KAITLYN,MURPHY,8/16/1959,M,F,kaitlyn53@adventure-works.com,"$40,000 ",2,Partial College,Clerical,N
23818,MS.,CASSIDY,GONZALES,11/16/1972,M,F,cassidy18@adventure-works.com,"$50,000 ",0,Graduate Degree,Skilled Manual,Y
23819,,VANESSA,WASHINGTON,4/14/1973,M,NA,vanessa14@adventure-works.com,"$40,000 ",0,Graduate Degree,Skilled Manual,Y
23820,MS.,ISABELLE,DIAZ,8/3/1973,M,F,isabelle20@adventure-works.com,"$40,000 ",0,Graduate Degree,Skilled Manual,Y
23821,MR.,JORDAN,LAL,5/23/1973,S,M,jordan25@adventure-works.com,"$40,000 ",0,Graduate Degree,Skilled Manual,Y
23822,MRS.,SIERRA,CAMPBELL,9/2/1973,M,F,sierra6@adventure-works.com,"$40,000 ",1,Graduate Degree,Skilled Manual,Y
23823,MR.,SAMUEL,DAVIS,5/18/1973,M,M,samuel63@adventure-works.com,"$40,000 ",1,Graduate Degree,Skilled Manual,Y
23824,MR.,EDWARD,CARTER,10/13/1973,M,M,edward12@adventure-works.com,"$40,000 ",1,Graduate Degree,Skilled Manual,Y
23825,MRS.,KATHERINE,COLEMAN,2/19/1973,M,F,katherine31@adventure-works.com,"$40,000 ",1,Graduate Degree,Skilled Manual,Y
23826,MR.,DALTON,ROSS,9/21/1973,S,M,dalton49@adventure-works.com,"$40,000 ",1,Graduate Degree,Skilled Manual,Y
23827,MR.,WYATT,HALL,9/24/1972,S,M,wyatt25@adventure-works.com,"$50,000 ",1,Graduate Degree,Skilled Manual,Y
23828,MRS.,CAROLYN,CARLSON,10/20/1971,M,F,carolyn39@adventure-works.com,"$70,000 ",1,Graduate Degree,Skilled Manual,Y
23829,MR.,ANTHONY,RODRIGUEZ,11/23/1972,M,M,anthony6@adventure-works.com,"$50,000 ",1,Graduate Degree,Skilled Manual,Y
23830,MR.,CAMERON,WHITE,9/5/1972,M,M,cameron31@adventure-works.com,"$50,000 ",1,Graduate Degree,Skilled Manual,Y
23831,MRS.,COLLEEN,JAI,2/8/1972,M,F,colleen35@adventure-works.com,"$50,000 ",1,Bachelors,Skilled Manual,Y
23832,MRS.,ALEXANDRA,RAMIREZ,9/19/1972,M,F,alexandra18@adventure-works.com,"$50,000 ",1,Bachelors,Skilled Manual,Y
23833,MR.,KEVIN,GONZALES,2/11/1972,M,M,kevin19@adventure-works.com,"$50,000 ",1,Bachelors,Skilled Manual,Y
23834,MR.,ETHAN,LONG,6/6/1972,S,M,ethan6@adventure-works.com,"$60,000 ",1,Graduate Degree,Skilled Manual,Y
23835,MR.,MARCUS,JACKSON,8/11/1972,M,M,marcus12@adventure-works.com,"$70,000 ",1,Graduate Degree,Professional,N
23836,MRS.,CHLOE,CARTER,2/4/1972,S,F,chloe7@adventure-works.com,"$70,000 ",1,Graduate Degree,Professional,Y
23837,MR.,JONATHAN,LI,10/15/1970,M,M,jonathan25@adventure-works.com,"$40,000 ",1,Bachelors,Skilled Manual,Y
23838,MRS.,ARIANA,READY,8/22/1970,M,F,ariana18@adventure-works.com,"$40,000 ",1,Bachelors,Skilled Manual,Y
23840,MR.,MASON,WARD,12/6/1970,M,M,mason12@adventure-works.com,"$40,000 ",1,Bachelors,Skilled Manual,Y
23841,MRS.,SYDNEY,PHILLIPS,3/13/1970,M,F,sydney48@adventure-works.com,"$40,000 ",1,Bachelors,Skilled Manual,Y
23842,MR.,CONNOR,BRYANT,9/26/1970,M,M,connor12@adventure-works.com,"$40,000 ",1,Bachelors,Skilled Manual,Y
23843,MR.,MARCUS,PATTERSON,9/20/1970,M,M,marcus60@adventure-works.com,"$60,000 ",1,Graduate Degree,Professional,N
23844,MRS.,ALEXANDRA,GONZALES,5/1/1969,S,F,alexandra38@adventure-works.com,"$60,000 ",2,Bachelors,Skilled Manual,Y
23845,MRS.,MADELINE,TURNER,8/14/1969,S,F,madeline4@adventure-works.com,"$60,000 ",2,Bachelors,Skilled Manual,N
23846,MR.,AIDAN,DIAZ,6/20/1969,M,M,aidan23@adventure-works.com,"$60,000 ",2,Bachelors,Skilled Manual,Y
23847,MR.,CHAD,SHARMA,3/1/1969,S,M,chad11@adventure-works.com,"$60,000 ",2,Bachelors,Skilled Manual,N
23848,MRS.,PAMELA,SAI,6/5/1969,M,F,pamela9@adventure-works.com,"$60,000 ",2,Bachelors,Skilled Manual,Y
23849,MRS.,ALEXIS,SIMMONS,1/4/1971,S,F,alexis38@adventure-works.com,"$60,000 ",1,Graduate Degree,Professional,N
23850,MRS.,ANNA,HALL,11/20/1971,M,F,anna61@adventure-works.com,"$60,000 ",1,Graduate Degree,Professional,Y
23851,MRS.,MARIAH,ROGERS,4/15/1971,S,F,mariah42@adventure-works.com,"$60,000 ",1,Graduate Degree,Professional,N
23852,MRS.,DESIREE,TORRES,4/20/1971,S,F,desiree8@adventure-works.com,"$60,000 ",1,Graduate Degree,Professional,N
23853,MR.,ISAAC,PEREZ,12/22/1969,M,M,isaac26@adventure-works.com,"$60,000 ",1,Graduate Degree,Professional,Y
23854,MRS.,MEGAN,TORRES,6/14/1969,M,F,megan41@adventure-works.com,"$60,000 ",1,Graduate Degree,Professional,Y
23855,MR.,CARLOS,WATSON,2/8/1969,M,M,carlos2@adventure-works.com,"$60,000 ",1,Graduate Degree,Professional,Y
23856,MRS.,SARAH,TAYLOR,9/4/1969,S,F,sarah11@adventure-works.com,"$60,000 ",1,Graduate Degree,Professional,N
23857,MRS.,ALEXANDRA,ANDERSON,12/25/1969,S,F,alexandra73@adventure-works.com,"$60,000 ",1,Graduate Degree,Professional,Y
23858,MR.,JONATHAN,POWELL,9/4/1968,M,M,jonathan8@adventure-works.com,"$70,000 ",2,Bachelors,Skilled Manual,Y
23859,MRS.,MEGAN,ANDERSON,11/19/1968,M,F,megan13@adventure-works.com,"$70,000 ",2,Bachelors,Skilled Manual,Y
23860,MR.,ERIC,LONG,3/7/1968,M,M,eric18@adventure-works.com,"$70,000 ",2,Bachelors,Skilled Manual,Y
23861,MR.,KEITH,ANAND,6/16/1968,M,M,keith26@adventure-works.com,"$70,000 ",2,Bachelors,Skilled Manual,Y
23862,MRS.,REBEKAH,KAPOOR,12/16/1967,M,F,rebekah1@adventure-works.com,"$40,000 ",5,High School,Skilled Manual,Y
23863,MR.,CHRISTIAN,WILLIAMS,4/8/1967,S,M,christian32@adventure-works.com,"$40,000 ",0,Bachelors,Professional,N
23864,MS.,CHLOE,JACKSON,6/16/1967,S,F,chloe44@adventure-works.com,"$40,000 ",0,Bachelors,Professional,N
23865,MRS.,LORI,SANZ,4/20/1970,S,F,lori20@adventure-works.com,"$60,000 ",1,Graduate Degree,Professional,Y
23866,MR.,XAVIER,FLORES,5/6/1970,M,M,xavier52@adventure-works.com,"$60,000 ",1,Graduate Degree,Professional,Y
23867,MRS.,SARAH,HENDERSON,9/23/1970,S,F,sarah30@adventure-works.com,"$60,000 ",1,Graduate Degree,Professional,Y
23868,MRS.,ABIGAIL,COLEMAN,7/8/1970,S,F,abigail74@adventure-works.com,"$60,000 ",1,Graduate Degree,Professional,N
23869,MR.,WAYNE,NARA,3/15/1970,M,M,wayne19@adventure-works.com,"$60,000 ",2,Graduate Degree,Professional,Y
23870,MR.,ELIJAH,HENDERSON,6/15/1970,M,M,elijah8@adventure-works.com,"$70,000 ",3,Graduate Degree,Professional,N
23871,MRS.,BAILEY,RICHARDSON,6/1/1970,S,F,bailey7@adventure-works.com,"$70,000 ",3,Graduate Degree,Professional,N
23872,MR.,MATTHEW,GARCIA,3/22/1970,M,M,matthew21@adventure-works.com,"$70,000 ",4,Graduate Degree,Professional,Y
23873,MRS.,NICOLE,MILLER,10/17/1970,M,F,nicole6@adventure-works.com,"$80,000 ",2,Graduate Degree,Professional,Y
23874,MRS.,ABIGAIL,COOK,4/14/1967,S,F,abigail7@adventure-works.com,"$50,000 ",2,Bachelors,Skilled Manual,Y
23875,MR.,SEAN,GREEN,5/20/1966,M,M,sean48@adventure-works.com,"$60,000 ",3,Bachelors,Skilled Manual,Y
23876,MR.,DAVID,HENDERSON,6/14/1966,M,M,david37@adventure-works.com,"$80,000 ",3,Bachelors,Skilled Manual,Y
23877,MS.,KATHERINE,MORRIS,5/21/1966,M,F,katherine4@adventure-works.com,"$60,000 ",0,Graduate Degree,Professional,N
23878,MS.,CHLOE,WOOD,8/7/1966,S,F,chloe68@adventure-works.com,"$60,000 ",0,Graduate Degree,Professional,Y
23879,MS.,AMBER,GONZALEZ,2/22/1966,M,F,amber8@adventure-works.com,"$60,000 ",0,Graduate Degree,Professional,N
23880,MR.,NOAH,PATTERSON,1/25/1966,S,M,noah7@adventure-works.com,"$60,000 ",0,Graduate Degree,Professional,Y
23881,MR.,JOSHUA,MARTINEZ,6/17/1969,M,M,joshua19@adventure-works.com,"$80,000 ",3,Graduate Degree,Professional,Y
23882,MRS.,ALEXIA,BUTLER,4/9/1969,S,F,alexia12@adventure-works.com,"$80,000 ",3,Graduate Degree,Professional,Y
23883,MR.,JACKSON,RUSSELL,11/22/1969,M,M,jackson22@adventure-works.com,"$80,000 ",3,Graduate Degree,Professional,N
23884,MR.,ETHAN,ROSS,3/23/1969,M,M,ethan0@adventure-works.com,"$80,000 ",3,Graduate Degree,Professional,Y
23885,MRS.,ANGELA,MORRIS,6/6/1969,M,F,angela44@adventure-works.com,"$80,000 ",3,Graduate Degree,Professional,Y
23886,MR.,SEAN,STEWART,12/16/1969,M,M,sean34@adventure-works.com,"$80,000 ",3,Graduate Degree,Professional,Y
23887,MR.,MASON,CARTER,9/1/1965,S,M,mason31@adventure-works.com,"$40,000 ",0,Bachelors,Professional,N
23888,MR.,EDWARD,CLARK,8/10/1965,M,M,edward41@adventure-works.com,"$50,000 ",3,Bachelors,Skilled Manual,Y
23889,MR.,SEAN,CARTER,4/27/1965,S,M,sean42@adventure-works.com,"$50,000 ",3,Bachelors,Skilled Manual,N
23890,MRS.,HALEY,COX,5/3/1965,M,F,haley11@adventure-works.com,"$50,000 ",3,Bachelors,Skilled Manual,Y
23891,MR.,JACK,JENKINS,10/4/1965,M,M,jack7@adventure-works.com,"$50,000 ",3,Bachelors,Skilled Manual,Y
23892,MRS.,OLIVIA,BAILEY,8/17/1965,M,F,olivia32@adventure-works.com,"$50,000 ",3,Bachelors,Skilled Manual,Y
23893,MR.,ZACHARY,CLARK,3/1/1965,M,M,zachary50@adventure-works.com,"$50,000 ",3,Bachelors,Skilled Manual,Y
23894,MR.,BRYAN,RAMIREZ,7/22/1965,M,M,bryan9@adventure-works.com,"$50,000 ",3,Bachelors,Skilled Manual,Y
23895,MS.,NICOLE,POWELL,4/14/1965,S,F,nicole57@adventure-works.com,"$60,000 ",0,Graduate Degree,Professional,Y
23896,MS.,MEGAN,PETERSON,7/21/1964,S,F,megan42@adventure-works.com,"$40,000 ",0,Bachelors,Professional,N
23897,MRS.,KATRINA,CHAPMAN,3/12/1967,S,F,katrina14@adventure-works.com,"$10,000 ",3,Partial High School,Manual,Y
23898,MRS.,SHAWNA,RAI,2/6/1967,S,F,shawna17@adventure-works.com,"$10,000 ",4,Partial High School,Manual,Y
23899,MRS.,LINDSEY,NATH,7/27/1967,S,F,lindsey18@adventure-works.com,"$10,000 ",4,Partial High School,Manual,Y
23900,MR.,RAFAEL,YANG,4/11/1967,S,M,rafael5@adventure-works.com,"$20,000 ",1,Partial College,Manual,N
23901,MR.,MAX,GUTIERREZ,7/17/1967,M,M,max11@adventure-works.com,"$30,000 ",1,Bachelors,Clerical,Y
23902,MRS.,JULIE,KUMAR,7/27/1967,M,F,julie12@adventure-works.com,"$30,000 ",1,Bachelors,Clerical,Y
23903,MR.,HAROLD,SUBRAM,10/1/1967,M,M,harold10@adventure-works.com,"$30,000 ",1,Bachelors,Clerical,Y
23904,MRS.,HALEY,WASHINGTON,9/21/1967,S,F,haley32@adventure-works.com,"$30,000 ",1,Bachelors,Clerical,Y
23905,MR.,JOSE,ZHANG,6/2/1967,S,M,jose18@adventure-works.com,"$30,000 ",1,Bachelors,Clerical,N
23906,MR.,ALAN,MA,10/22/1967,S,M,alan19@adventure-works.com,"$40,000 ",0,Bachelors,Clerical,N
23907,MR.,HECTOR,NAVARRO,7/9/1967,S,M,hector8@adventure-works.com,"$40,000 ",0,Bachelors,Clerical,N
23908,MR.,MAX,SANZ,11/18/1966,S,M,max18@adventure-works.com,"$30,000 ",1,Bachelors,Clerical,N
23909,MR.,TODD,LIN,10/6/1966,M,M,todd8@adventure-works.com,"$30,000 ",1,Bachelors,Skilled Manual,Y
23910,MR.,GABRIEL,PERRY,9/4/1965,S,M,gabriel4@adventure-works.com,"$10,000 ",4,Partial High School,Manual,Y
23911,MRS.,PRISCILLA,SHARMA,4/17/1965,S,F,priscilla9@adventure-works.com,"$20,000 ",2,High School,Manual,Y
23912,MR.,ARTHUR,SANCHEZ,7/14/1965,S,M,arthur21@adventure-works.com,"$20,000 ",2,High School,Manual,Y
23913,MRS.,RILEY,COOPER,5/12/1965,S,F,riley28@adventure-works.com,"$20,000 ",2,High School,Manual,Y
23914,MRS.,TONYA,SHARMA,9/24/1964,M,F,tonya9@adventure-works.com,"$20,000 ",2,High School,Manual,Y
23915,MR.,LAWRENCE,SERRANO,2/20/1964,M,M,lawrence15@adventure-works.com,"$20,000 ",2,High School,Manual,Y
23916,MR.,RUBEN,SERRANO,6/8/1963,M,M,ruben39@adventure-works.com,"$10,000 ",4,Partial High School,Manual,Y
23917,MRS.,CARRIE,CARLSON,4/28/1963,M,F,carrie16@adventure-works.com,"$20,000 ",3,High School,Manual,Y
23918,MRS.,KENDRA,NAVARRO,3/8/1963,S,F,kendra10@adventure-works.com,"$20,000 ",3,High School,Manual,Y
23919,MRS.,JORDAN,PARKER,7/16/1932,M,F,jordan36@adventure-works.com,"$10,000 ",4,High School,Manual,Y
23920,MR.,ARTHUR,RUIZ,7/27/1966,S,M,arthur25@adventure-works.com,"$40,000 ",0,Bachelors,Professional,N
23921,MR.,CHARLES,LEE,2/6/1966,S,M,charles26@adventure-works.com,"$40,000 ",0,Bachelors,Professional,N
23922,MR.,CODY,RICHARDSON,7/18/1966,M,M,cody10@adventure-works.com,"$40,000 ",0,Bachelors,Professional,N
23923,MR.,ALEJANDRO,SUN,11/12/1966,S,M,alejandro16@adventure-works.com,"$40,000 ",0,Bachelors,Professional,Y
23924,MS.,AMBER,WRIGHT,12/13/1966,S,F,amber20@adventure-works.com,"$40,000 ",0,Bachelors,Professional,N
23925,MRS.,MARIE,TORRES,6/24/1965,M,F,marie35@adventure-works.com,"$40,000 ",1,Bachelors,Skilled Manual,N
23926,MRS.,LYDIA,WEBER,4/8/1965,M,F,lydia3@adventure-works.com,"$40,000 ",1,Bachelors,Skilled Manual,Y
23927,MR.,SETH,COLLINS,5/12/1964,S,M,seth47@adventure-works.com,"$30,000 ",2,Partial College,Clerical,Y
23928,MRS.,JACLYN,YE,4/7/1964,M,F,jaclyn10@adventure-works.com,"$30,000 ",2,Partial College,Clerical,Y
23929,MRS.,KRISTIN,XIE,5/9/1964,M,F,kristin5@adventure-works.com,"$30,000 ",2,Partial College,Clerical,Y
23930,MRS.,MEAGAN,ARUN,10/13/1964,M,F,meagan7@adventure-works.com,"$40,000 ",1,Bachelors,Skilled Manual,Y
23931,MR.,REGINALD,RUIZ,6/2/1963,M,M,reginald10@adventure-works.com,"$30,000 ",2,Partial College,Clerical,Y
23932,MRS.,CARRIE,JIMÉNEZ,10/2/1963,M,F,carrie5@adventure-works.com,"$30,000 ",3,Partial College,Clerical,Y
23933,MRS.,SABRINA,CARLSON,8/4/1963,S,F,sabrina12@adventure-works.com,"$30,000 ",3,Partial College,Clerical,Y
23934,MS.,BONNIE,ANDERSEN,4/16/1978,S,F,bonnie19@adventure-works.com,"$20,000 ",0,High School,Manual,N
23935,MS.,ALEXIS,BARNES,4/23/1976,S,F,alexis25@adventure-works.com,"$10,000 ",0,Partial High School,Manual,N
23936,MRS.,MONIQUE,VAZQUEZ,2/16/1979,M,F,monique11@adventure-works.com,"$20,000 ",4,High School,Manual,Y
23937,MR.,EDDIE,RUIZ,3/26/1979,M,M,eddie3@adventure-works.com,"$20,000 ",5,High School,Manual,Y
23938,MR.,HAROLD,MADAN,10/2/1963,M,M,harold5@adventure-works.com,"$40,000 ",1,Bachelors,Skilled Manual,Y
23939,MRS.,JODI,NARA,6/23/1962,M,F,jodi17@adventure-works.com,"$40,000 ",1,Bachelors,Skilled Manual,Y
23940,MR.,DOMINIC,PEREZ,7/14/1962,M,M,dominic22@adventure-works.com,"$40,000 ",1,Bachelors,Skilled Manual,Y
23941,MR.,EDUARDO,ANDERSON,11/20/1978,M,M,eduardo8@adventure-works.com,"$30,000 ",3,Partial College,Clerical,Y
23942,MR.,RAFAEL,GOEL,11/13/1978,M,M,rafael43@adventure-works.com,"$30,000 ",4,Partial College,Clerical,Y
23943,MRS.,CINDY,SUBRAM,3/24/1978,M,F,cindy13@adventure-works.com,"$30,000 ",4,Partial College,Clerical,Y
23944,MRS.,JENNY,WU,1/8/1978,S,F,jenny9@adventure-works.com,"$30,000 ",4,Partial College,Clerical,N
23945,MR.,NICOLAS,BLACK,8/23/1978,M,M,nicolas18@adventure-works.com,"$30,000 ",5,Partial College,Clerical,Y
23946,MS.,KELLI,LUO,11/2/1977,S,F,kelli29@adventure-works.com,"$30,000 ",0,Partial College,Clerical,Y
23947,MS.,AUTUMN,LIANG,4/8/1977,M,F,autumn16@adventure-works.com,"$30,000 ",0,Partial College,Clerical,N
23948,MS.,KATELYN,RIVERA,2/27/1976,S,F,katelyn16@adventure-works.com,"$20,000 ",0,High School,Manual,Y
23949,MR.,KELVIN,DENG,4/7/1976,S,M,kelvin43@adventure-works.com,"$20,000 ",0,High School,Manual,N
23950,MR.,ROGER,ZHOU,5/12/1975,M,M,roger13@adventure-works.com,"$10,000 ",0,Partial High School,Manual,N
23951,MS.,LINDSAY,BECKER,8/19/1975,S,F,lindsay20@adventure-works.com,"$10,000 ",0,Partial High School,Manual,Y
23952,MR.,NELSON,DOMINGUEZ,9/13/1975,S,M,nelson11@adventure-works.com,"$20,000 ",0,High School,Manual,N
23953,MR.,SHANE,MEHTA,11/9/1976,S,M,shane17@adventure-works.com,"$20,000 ",0,Partial High School,Manual,N
23954,MR.,JONATHON,SERRANO,7/7/1976,S,M,jonathon12@adventure-works.com,"$30,000 ",0,Partial College,Clerical,N
23955,MR.,LUCAS,COOK,7/11/1975,S,M,lucas84@adventure-works.com,"$20,000 ",0,Partial High School,Manual,N
23956,MS.,MORGAN,COLEMAN,2/27/1975,M,F,morgan75@adventure-works.com,"$20,000 ",0,Partial High School,Manual,N
23957,MR.,LOUIS,ZHENG,6/7/1974,M,M,louis14@adventure-works.com,"$10,000 ",0,Partial High School,Manual,Y
23958,MS.,AMY,LIN,10/17/1975,S,F,amy15@adventure-works.com,"$30,000 ",0,Partial College,Clerical,N
23959,MS.,AMBER,PARKER,6/2/1975,S,F,amber7@adventure-works.com,"$30,000 ",0,Partial College,Clerical,N
23960,MR.,EUGENE,ZHENG,12/7/1975,S,M,eugene24@adventure-works.com,"$30,000 ",0,Partial College,Clerical,N
23961,MS.,KAREN,HUANG,6/22/1975,S,F,karen15@adventure-works.com,"$30,000 ",0,Partial College,Clerical,N
23962,MS.,SANDRA,YANG,11/16/1973,M,F,sandra11@adventure-works.com,"$10,000 ",0,Partial High School,Manual,Y
23963,MR.,GERALD,JIMENEZ,3/11/1973,M,M,gerald13@adventure-works.com,"$10,000 ",0,Partial High School,Manual,N
23964,MR.,ARTURO,NARA,9/22/1934,S,M,arturo42@adventure-works.com,"$10,000 ",1,Graduate Degree,Manual,Y
23965,MR.,DUSTIN,SHAN,7/26/1962,S,M,dustin10@adventure-works.com,"$10,000 ",1,Graduate Degree,Manual,N
23966,MR.,GRANT,SHARMA,3/3/1962,M,M,grant11@adventure-works.com,"$20,000 ",1,Graduate Degree,Manual,N
23967,MRS.,VERONICA,SURI,2/9/1962,S,F,veronica0@adventure-works.com,"$20,000 ",1,Graduate Degree,Clerical,Y
23968,MR.,CALEB,BAKER,12/9/1961,M,M,caleb37@adventure-works.com,"$10,000 ",1,Bachelors,Manual,Y
23969,MR.,COLE,SANDERS,1/5/1961,S,M,cole4@adventure-works.com,"$10,000 ",1,Bachelors,Manual,N
23970,MRS.,REBEKAH,FERNANDEZ,10/15/1961,S,F,rebekah15@adventure-works.com,"$20,000 ",1,Graduate Degree,Clerical,Y
23971,MRS.,LINDSEY,JAI,9/2/1961,S,F,lindsey12@adventure-works.com,"$20,000 ",1,Graduate Degree,Clerical,N
23972,MR.,CLARENCE,LIANG,5/4/1961,S,M,clarence9@adventure-works.com,"$20,000 ",1,Graduate Degree,Clerical,N
23973,MR.,ZACHARY,LONG,3/9/1936,S,M,zachary8@adventure-works.com,"$10,000 ",1,Graduate Degree,Clerical,N
23974,MRS.,SUSAN,HUANG,4/22/1958,S,F,susan15@adventure-works.com,"$10,000 ",1,Bachelors,Manual,N
23975,MR.,FRANK,BLANCO,10/24/1958,S,M,frank23@adventure-works.com,"$10,000 ",1,Bachelors,Manual,Y
23976,MRS.,RACHAEL,ARUN,3/21/1958,S,F,rachael6@adventure-works.com,"$20,000 ",1,Bachelors,Manual,Y
23977,,GAIL,BUTLER,2/24/1958,S,NA,gail4@adventure-works.com,"$20,000 ",1,Bachelors,Manual,Y
23978,MR.,PHILIP,ORTEGA,9/13/1957,M,M,philip21@adventure-works.com,"$10,000 ",1,Partial College,Manual,N
23979,MR.,DAMIEN,CHEN,2/21/1956,S,M,damien1@adventure-works.com,"$10,000 ",2,Partial College,Manual,N
23980,MR.,SERGIO,GARCIA,6/6/1956,S,M,sergio15@adventure-works.com,"$20,000 ",1,Bachelors,Clerical,Y
23981,MR.,CESAR,MARTINEZ,11/18/1955,M,M,cesar17@adventure-works.com,"$10,000 ",2,Partial College,Manual,Y
23982,MR.,ADAM,DIAZ,2/10/1954,S,M,adam18@adventure-works.com,"$10,000 ",2,Partial College,Manual,N
23983,MRS.,TAYLOR,REED,11/22/1954,S,F,taylor4@adventure-works.com,"$10,000 ",2,Partial College,Manual,Y
23984,MRS.,KELSEY,KENNEDY,4/15/1954,S,F,kelsey7@adventure-works.com,"$10,000 ",2,Partial College,Manual,N
23985,MRS.,JANET,TORRES,2/17/1937,M,F,janet17@adventure-works.com,"$20,000 ",1,Bachelors,Clerical,Y
23986,MRS.,TANYA,TORRES,4/21/1940,M,F,tanya8@adventure-works.com,"$20,000 ",1,Bachelors,Clerical,Y
23987,MRS.,DAWN,SHARMA,10/3/1941,M,F,dawn33@adventure-works.com,"$30,000 ",1,Bachelors,Clerical,Y
23988,MR.,CESAR,SÁNCHEZ,6/19/1941,M,M,cesar20@adventure-works.com,"$30,000 ",1,Bachelors,Clerical,Y
23989,MR.,DAMIEN,BECK,2/26/1942,S,M,damien35@adventure-works.com,"$30,000 ",1,Bachelors,Clerical,N
23990,MRS.,CLAUDIA,HUANG,10/4/1943,S,F,claudia5@adventure-works.com,"$10,000 ",3,Partial College,Manual,N
23991,MR.,TODD,ZHAO,1/24/1943,M,M,todd9@adventure-works.com,"$10,000 ",3,Partial College,Manual,N
23992,MS.,BONNIE,CHANDE,5/15/1980,S,F,bonnie21@adventure-works.com,"$10,000 ",0,Partial College,Manual,N
23993,MS.,RACHAEL,FERNANDEZ,5/5/1980,S,F,rachael14@adventure-works.com,"$10,000 ",0,Partial College,Manual,N
23994,MR.,RAYMOND,SUBRAM,10/9/1980,M,M,raymond15@adventure-works.com,"$10,000 ",0,Partial College,Manual,N
23995,MR.,BRADLEY,CARSON,6/3/1980,S,M,bradley18@adventure-works.com,"$20,000 ",0,Bachelors,Clerical,N
23996,MR.,RICHARD,LEE,4/19/1979,S,M,richard16@adventure-works.com,"$10,000 ",0,Partial College,Manual,N
23997,MR.,KRISTOPHER,SRINI,5/9/1978,M,M,kristopher8@adventure-works.com,"$10,000 ",0,Partial College,Manual,N
23998,MR.,ARTURO,RAJI,5/26/1978,M,M,arturo45@adventure-works.com,"$10,000 ",0,Partial College,Manual,Y
23999,MR.,GILBERT,LI,8/24/1978,M,M,gilbert2@adventure-works.com,"$10,000 ",0,Partial College,Manual,Y
24000,MR.,RANDY,YANG,9/27/1978,S,M,randy6@adventure-works.com,"$10,000 ",0,Partial College,Manual,N
24001,MR.,ARTHUR,RAMAN,9/11/1977,S,M,arthur14@adventure-works.com,"$10,000 ",0,High School,Manual,N
24002,MR.,THOMAS,HARRIS,5/27/1977,M,M,thomas75@adventure-works.com,"$10,000 ",0,High School,Manual,N
24003,MR.,WARREN,KUMAR,12/20/1977,S,M,warren16@adventure-works.com,"$10,000 ",0,High School,Manual,Y
24004,MR.,CÉSAR,RAMAN,5/2/1976,M,M,césar11@adventure-works.com,"$10,000 ",0,High School,Manual,Y
24005,MR.,JULIO,JIMENEZ,5/7/1979,S,M,julio5@adventure-works.com,"$20,000 ",0,Bachelors,Clerical,N
24006,MR.,PETER,DENG,10/4/1979,S,M,peter9@adventure-works.com,"$20,000 ",0,Bachelors,Clerical,Y
24008,MS.,MONIQUE,MUNOZ,1/17/1979,M,F,monique3@adventure-works.com,"$20,000 ",0,Bachelors,Clerical,N
24009,MS.,ALISON,ANAND,9/13/1977,S,F,alison23@adventure-works.com,"$20,000 ",0,Partial College,Manual,N
24010,MR.,WALTER,ALVAREZ,8/24/1961,S,M,walter17@adventure-works.com,"$20,000 ",1,Partial College,Manual,N
24011,MRS.,MORGAN,THOMPSON,6/6/1961,S,F,morgan37@adventure-works.com,"$30,000 ",3,Graduate Degree,Clerical,Y
24012,MR.,JAMES,LEWIS,5/12/1960,S,M,james94@adventure-works.com,"$10,000 ",1,High School,Manual,N
24013,MR.,JAY,RUIZ,11/23/1960,M,M,jay31@adventure-works.com,"$10,000 ",1,High School,Manual,Y
24014,MR.,GEOFFREY,KOVÁR,4/12/1960,M,M,geoffrey4@adventure-works.com,"$20,000 ",1,Partial College,Manual,Y
24015,MRS.,JENNA,HALL,3/16/1960,S,F,jenna21@adventure-works.com,"$20,000 ",1,Partial College,Manual,N
24016,MRS.,KARLA,SHARMA,5/22/1959,S,F,karla10@adventure-works.com,"$10,000 ",1,High School,Manual,Y
24017,MRS.,REBEKAH,LOPEZ,11/26/1959,S,F,rebekah16@adventure-works.com,"$20,000 ",2,Partial College,Manual,Y
24018,MRS.,BARBARA,GAO,4/24/1959,S,F,barbara24@adventure-works.com,"$20,000 ",2,Partial College,Manual,Y
24019,MRS.,BARBARA,RAJI,10/20/1959,M,F,barbara49@adventure-works.com,"$20,000 ",2,Partial College,Manual,N
24020,MR.,FRANCISCO,RAMAN,6/22/1959,S,M,francisco13@adventure-works.com,"$20,000 ",2,Partial College,Manual,N
24021,MR.,CLINTON,MUNOZ,5/13/1958,S,M,clinton4@adventure-works.com,"$20,000 ",2,Partial College,Manual,N
24022,MR.,DALE,BECK,5/14/1958,M,M,dale18@adventure-works.com,"$20,000 ",2,Partial College,Manual,N
24023,MRS.,BONNIE,NARA,3/21/1958,S,F,bonnie22@adventure-works.com,"$20,000 ",2,Partial College,Manual,N
24024,MRS.,MARIE,MALHOTRA,10/24/1958,M,F,marie9@adventure-works.com,"$30,000 ",1,Graduate Degree,Clerical,Y
24025,MR.,EUGENE,ZENG,1/2/1960,M,M,eugene25@adventure-works.com,"$30,000 ",3,Graduate Degree,Clerical,Y
24026,MRS.,JILL,SERRANO,3/8/1960,M,F,jill24@adventure-works.com,"$30,000 ",3,Bachelors,Clerical,N
24027,MR.,OMAR,TANG,4/22/1960,M,M,omar24@adventure-works.com,"$30,000 ",3,Bachelors,Clerical,Y
24028,MR.,ADAM,HAYES,12/7/1970,S,M,adam19@adventure-works.com,"$20,000 ",0,Partial College,Manual,N
24029,MS.,HALEY,HOWARD,6/6/1970,S,F,haley12@adventure-works.com,"$20,000 ",0,Partial College,Manual,Y
24030,MS.,DEB,WAGNER,3/16/1970,S,F,deb6@adventure-works.com,"$20,000 ",0,Partial College,Manual,N
24031,MS.,TAMMY,SURI,4/25/1970,M,F,tammy1@adventure-works.com,"$20,000 ",0,Partial College,Manual,N
24032,MR.,MICAH,MA,5/28/1969,M,M,micah3@adventure-works.com,"$10,000 ",2,High School,Manual,Y
24033,MS.,KATHERINE,REED,5/14/1970,S,F,katherine6@adventure-works.com,"$30,000 ",0,Bachelors,Clerical,Y
24034,MR.,PEDRO,RUIZ,5/6/1970,M,M,pedro22@adventure-works.com,"$30,000 ",0,Bachelors,Clerical,Y
24035,MRS.,JACLYN,WU,4/8/1919,S,F,jaclyn7@adventure-works.com,"$10,000 ",3,Bachelors,Clerical,N
24036,MR.,JAY,VAZQUEZ,12/27/1969,S,M,jay44@adventure-works.com,"$20,000 ",0,Partial College,Manual,N
24037,MR.,RAMON,GUO,10/17/1969,S,M,ramon15@adventure-works.com,"$20,000 ",0,Partial College,Manual,N
24038,MR.,EVAN,TURNER,3/7/1969,S,M,evan29@adventure-works.com,"$30,000 ",0,Bachelors,Clerical,N
24039,MS.,CASSIE,XU,4/13/1969,M,F,cassie3@adventure-works.com,"$40,000 ",0,Graduate Degree,Clerical,N
24040,MS.,JENNIFER,BELL,9/10/1969,S,F,jennifer59@adventure-works.com,"$60,000 ",0,Graduate Degree,Skilled Manual,Y
24041,MR.,CHAD,TANG,10/1/1951,M,M,chad5@adventure-works.com,"$10,000 ",4,High School,Manual,Y
24043,MR.,CHARLES,KELLY,2/10/1968,M,M,charles49@adventure-works.com,"$10,000 ",2,High School,Manual,Y
24044,MR.,ARTURO,KUMAR,5/12/1968,S,M,arturo32@adventure-works.com,"$10,000 ",3,High School,Manual,Y
24045,MR.,SHANNON,MARTIN,2/17/1968,M,M,shannon22@adventure-works.com,"$10,000 ",3,High School,Manual,Y
24046,MRS.,CRISTINA,CHANDER,10/23/1968,S,F,cristina14@adventure-works.com,"$10,000 ",3,High School,Manual,Y
24047,MR.,CLARENCE,YUAN,2/10/1968,S,M,clarence21@adventure-works.com,"$20,000 ",1,Partial College,Manual,N
24048,MR.,GREGORY,TANG,4/20/1968,M,M,gregory8@adventure-works.com,"$20,000 ",1,Partial College,Manual,Y
24049,MR.,BYRON,GOMEZ,9/16/1968,S,M,byron1@adventure-works.com,"$20,000 ",1,Partial College,Manual,Y
24050,MR.,CLARENCE,NATH,8/13/1968,S,M,clarence33@adventure-works.com,"$20,000 ",1,Partial College,Manual,N
24051,MRS.,COLLEEN,NATH,6/3/1968,M,F,colleen41@adventure-works.com,"$30,000 ",1,Bachelors,Clerical,Y
24052,MRS.,PRISCILLA,GOEL,7/22/1968,S,F,priscilla18@adventure-works.com,"$30,000 ",1,Bachelors,Clerical,N
24053,MR.,JOSE,ALLEN,5/12/1968,M,M,jose82@adventure-works.com,"$40,000 ",0,Bachelors,Clerical,Y
24054,MR.,GERALD,HERNANDEZ,2/16/1967,S,M,gerald12@adventure-works.com,"$10,000 ",3,Partial High School,Manual,Y
24055,MR.,LOUIS,GOEL,6/16/1967,S,M,louis35@adventure-works.com,"$10,000 ",3,Partial High School,Manual,Y
24056,MRS.,TAMARA,LIN,6/12/1967,S,F,tamara38@adventure-works.com,"$20,000 ",1,Partial College,Manual,N
24057,MR.,RICKY,ALVAREZ,4/25/1967,M,M,ricky4@adventure-works.com,"$20,000 ",1,Partial College,Manual,Y
24058,MR.,ALVIN,LAL,5/24/1967,S,M,alvin31@adventure-works.com,"$30,000 ",1,Bachelors,Clerical,N
24059,MRS.,TABITHA,NAVARRO,4/22/1967,S,F,tabitha30@adventure-works.com,"$30,000 ",1,Bachelors,Clerical,N
24060,MRS.,BONNIE,DENG,2/2/1967,S,F,bonnie6@adventure-works.com,"$30,000 ",1,Bachelors,Clerical,N
24061,MR.,KELVIN,LUO,3/13/1966,M,M,kelvin3@adventure-works.com,"$10,000 ",4,Partial High School,Manual,Y
24062,MRS.,CRYSTAL,CAI,8/8/1966,M,F,crystal0@adventure-works.com,"$10,000 ",5,Partial High School,Manual,Y
24063,MR.,MICHEAL,SUAREZ,11/7/1966,S,M,micheal15@adventure-works.com,"$20,000 ",1,High School,Manual,Y
24064,MR.,STANLEY,FERNANDEZ,10/6/1966,M,M,stanley17@adventure-works.com,"$20,000 ",1,High School,Manual,Y
24066,MS.,BRITTNEY,WEST,7/19/1967,M,F,brittney1@adventure-works.com,"$40,000 ",0,Bachelors,Clerical,N
24067,MS.,CAROLYN,RAMAN,6/20/1967,S,F,carolyn11@adventure-works.com,"$40,000 ",0,Bachelors,Clerical,N
24068,MR.,EDWIN,YANG,2/15/1967,M,M,edwin5@adventure-works.com,"$40,000 ",0,Bachelors,Clerical,N
24069,MR.,JESSIE,CHEN,4/27/1967,M,M,jessie8@adventure-works.com,"$40,000 ",0,Bachelors,Clerical,Y
24071,MR.,VICTOR,SUAREZ,2/26/1966,M,M,victor19@adventure-works.com,"$30,000 ",1,Bachelors,Skilled Manual,Y
24072,MR.,RANDY,HE,3/6/1966,M,M,randy21@adventure-works.com,"$30,000 ",1,Bachelors,Skilled Manual,Y
24073,MRS.,GRACE,TAYLOR,5/26/1965,M,F,grace8@adventure-works.com,"$10,000 ",5,Partial High School,Manual,Y
24074,MRS.,GRACE,ALEXANDER,7/9/1965,S,F,grace65@adventure-works.com,"$10,000 ",4,Partial High School,Manual,N
24075,MRS.,PETER,SADDOW,9/16/1965,M,F,peter5@adventure-works.com,"$10,000 ",4,Partial High School,Manual,Y
24076,MR.,CASEY,HERNANDEZ,10/17/1965,M,M,casey27@adventure-works.com,"$10,000 ",4,Partial High School,Manual,Y
24077,MR.,TONY,RAI,3/19/1965,M,M,tony20@adventure-works.com,"$20,000 ",2,High School,Manual,Y
24078,MR.,NEIL,MARTIN,6/21/1965,M,M,neil1@adventure-works.com,"$30,000 ",1,Bachelors,Skilled Manual,Y
24079,MR.,ANDRE,RAMAN,10/5/1964,M,M,andre12@adventure-works.com,"$10,000 ",3,Partial High School,Manual,Y
24080,MR.,BILLY,SERRANO,4/20/1964,M,M,billy17@adventure-works.com,"$10,000 ",3,Partial High School,Manual,Y
24081,MRS.,ALEXIS,HUGHES,2/1/1929,M,F,alexis34@adventure-works.com,"$10,000 ",4,High School,Manual,N
24082,MRS.,REGINA,RODRIGUEZ,12/13/1964,M,F,regina18@adventure-works.com,"$20,000 ",2,High School,Manual,Y
24083,MR.,MAX,MORENO,1/13/1964,M,M,max7@adventure-works.com,"$20,000 ",3,High School,Manual,Y
24084,MR.,JONATHON,JIMENEZ,11/22/1964,M,M,jonathon2@adventure-works.com,"$20,000 ",3,High School,Manual,Y
24085,MRS.,AUTUMN,GAO,12/20/1964,M,F,autumn14@adventure-works.com,"$30,000 ",1,Bachelors,Skilled Manual,Y
24086,MR.,DAKOTA,GONZALES,10/7/1964,M,M,dakota13@adventure-works.com,"$30,000 ",2,Partial College,Manual,Y
24087,MRS.,HANNAH,WILSON,9/10/1964,S,F,hannah7@adventure-works.com,"$30,000 ",2,Partial College,Manual,N
24088,MR.,DAMIEN,HE,4/16/1963,M,M,damien14@adventure-works.com,"$20,000 ",3,High School,Manual,Y
24090,MS.,CASSANDRA,PEREZ,4/6/1966,S,F,cassandra22@adventure-works.com,"$40,000 ",0,Bachelors,Professional,N
24091,MR.,DWAYNE,MUNOZ,7/3/1966,M,M,dwayne6@adventure-works.com,"$40,000 ",0,Bachelors,Professional,Y
24092,MS.,JILLIAN,GONZALEZ,11/26/1966,M,F,jillian19@adventure-works.com,"$40,000 ",0,Bachelors,Professional,Y
24093,MS.,CLAUDIA,HE,3/15/1966,S,F,claudia16@adventure-works.com,"$80,000 ",0,Graduate Degree,Skilled Manual,N
24094,MR.,JULIO,DIAZ,6/20/1962,S,M,julio2@adventure-works.com,"$30,000 ",1,Partial College,Clerical,Y
24095,MRS.,JULIE,ANDERSEN,3/19/1962,S,F,julie18@adventure-works.com,"$30,000 ",1,Partial College,Clerical,N
24096,MRS.,DIANA,VAZQUEZ,9/22/1934,M,F,diana14@adventure-works.com,"$30,000 ",1,Bachelors,Skilled Manual,Y
24097,MR.,FRANCISCO,FERNANDEZ,5/2/1934,M,M,francisco17@adventure-works.com,"$30,000 ",1,Bachelors,Skilled Manual,Y
24098,MRS.,OLIVIA,HOWARD,7/19/1965,S,F,olivia37@adventure-works.com,"$30,000 ",2,Partial College,Clerical,Y
24099,MRS.,SARAH,SMITH,9/18/1965,M,F,sarah2@adventure-works.com,"$30,000 ",2,Partial College,Clerical,Y
24100,MRS.,JENNY,HE,3/27/1965,M,F,jenny20@adventure-works.com,"$40,000 ",1,Bachelors,Skilled Manual,Y
24101,MRS.,KAITLYN,ANDERSON,4/2/1965,M,F,kaitlyn32@adventure-works.com,"$40,000 ",1,Bachelors,Skilled Manual,Y
24102,MR.,ANDY,TORRES,4/15/1964,M,M,andy16@adventure-works.com,"$40,000 ",1,Bachelors,Skilled Manual,N
24103,MR.,BILLY,DOMINGUEZ,8/2/1964,M,M,billy14@adventure-works.com,"$40,000 ",1,Bachelors,Skilled Manual,Y
24104,MRS.,ROBYN,ORTEGA,7/4/1964,M,F,robyn18@adventure-works.com,"$40,000 ",1,Bachelors,Skilled Manual,Y
24105,MRS.,CAROLYN,SANCHEZ,4/24/1963,M,F,carolyn20@adventure-works.com,"$30,000 ",3,Partial College,Clerical,Y
24106,MR.,KELVIN,SHAN,12/1/1963,S,M,kelvin7@adventure-works.com,"$30,000 ",3,Partial College,Clerical,N
24107,MR.,JONATHAN,JENKINS,4/5/1963,M,M,jonathan6@adventure-works.com,"$30,000 ",3,Partial College,Clerical,Y
24108,MS.,TONYA,LAL,2/16/1977,S,F,tonya8@adventure-works.com,"$20,000 ",0,High School,Manual,N
24109,MR.,EDDIE,SUAREZ,6/18/1977,S,M,eddie19@adventure-works.com,"$20,000 ",0,High School,Manual,N
24110,MRS.,KAYLEE,BROOKS,2/11/1979,S,F,kaylee0@adventure-works.com,"$20,000 ",4,High School,Manual,Y
24111,MR.,CAMERON,LONG,1/15/1978,S,M,cameron4@adventure-works.com,"$20,000 ",0,High School,Manual,N
24112,MRS.,MARY,FOSTER,10/23/1963,M,F,mary41@adventure-works.com,"$40,000 ",1,Bachelors,Skilled Manual,Y
24113,MRS.,STEPHANIE,GREEN,6/8/1962,S,F,stephanie59@adventure-works.com,"$30,000 ",1,Partial College,Clerical,N
24114,MRS.,KRISTIN,YUAN,4/27/1962,M,F,kristin9@adventure-works.com,"$30,000 ",1,Partial College,Clerical,N
24115,MR.,GARY,CARLSON,3/10/1962,M,M,gary29@adventure-works.com,"$40,000 ",1,Bachelors,Skilled Manual,Y
24116,MR.,PEDRO,MARTINEZ,11/27/1962,M,M,pedro17@adventure-works.com,"$40,000 ",1,Bachelors,Skilled Manual,Y
24117,MR.,SHANNON,GILL,3/20/1978,M,M,shannon35@adventure-works.com,"$30,000 ",3,Partial College,Clerical,Y
24118,MS.,DONNA,CHANDE,3/16/1977,M,F,donna13@adventure-works.com,"$30,000 ",0,Partial College,Clerical,N
24119,MR.,EMMANUEL,KAPOOR,3/12/1977,S,M,emmanuel1@adventure-works.com,"$30,000 ",0,Partial College,Clerical,N
24120,MS.,KAITLYN,ALLEN,5/18/1977,S,F,kaitlyn22@adventure-works.com,"$30,000 ",0,Partial College,Clerical,N
24121,MS.,VALERIE,LIU,3/12/1977,S,F,valerie5@adventure-works.com,"$30,000 ",0,Partial College,Clerical,N
24122,MS.,MICHELE,BLANCO,6/18/1976,S,F,michele49@adventure-works.com,"$20,000 ",0,High School,Manual,N
24123,MS.,HEATHER,HU,5/3/1976,S,F,heather19@adventure-works.com,"$20,000 ",0,High School,Manual,N
24124,MR.,ERIK,VAZQUEZ,5/4/1976,S,M,erik15@adventure-works.com,"$20,000 ",0,High School,Manual,N
24125,MS.,TIFFANY,XU,5/20/1976,S,F,tiffany12@adventure-works.com,"$20,000 ",0,High School,Manual,N
24126,MR.,PEDRO,MEHTA,12/4/1976,S,M,pedro14@adventure-works.com,"$20,000 ",0,High School,Manual,N
24127,MR.,JAMES,WASHINGTON,4/20/1976,S,M,james29@adventure-works.com,"$30,000 ",0,Partial College,Clerical,N
24128,MS.,KIMBERLY,RAMIREZ,9/9/1976,S,F,kimberly10@adventure-works.com,"$30,000 ",0,Partial College,Clerical,N
24129,MR.,JAMIE,GUTIERREZ,4/7/1974,S,M,jamie33@adventure-works.com,"$10,000 ",0,Partial High School,Manual,Y
24130,MS.,TANYA,NAVARRO,1/3/1974,M,F,tanya6@adventure-works.com,"$10,000 ",0,Partial High School,Manual,Y
24131,MS.,FELICIA,RUBIO,6/1/1974,M,F,felicia19@adventure-works.com,"$20,000 ",0,Partial High School,Manual,N
24132,MR.,DEVON,TANG,12/27/1974,S,M,devon3@adventure-works.com,"$20,000 ",0,Partial High School,Manual,N
24133,MS.,CARLA,PATEL,7/2/1974,S,F,carla6@adventure-works.com,"$20,000 ",0,Partial High School,Manual,Y
24134,MR.,EDGAR,KAPOOR,5/12/1974,S,M,edgar1@adventure-works.com,"$20,000 ",0,Partial High School,Manual,N
24135,MR.,MARTIN,MARTINEZ,9/2/1975,S,M,martin22@adventure-works.com,"$30,000 ",0,Partial College,Clerical,N
24136,MS.,ALISHA,HU,7/2/1975,S,F,alisha21@adventure-works.com,"$30,000 ",0,Partial College,Clerical,N
24137,MS.,TARA,SHARMA,12/16/1975,S,F,tara9@adventure-works.com,"$30,000 ",0,Partial College,Clerical,Y
24138,MRS.,KRISTY,GUTIERREZ,5/6/1975,M,F,kristy10@adventure-works.com,"$40,000 ",1,Bachelors,Skilled Manual,Y
24139,MR.,ANDREW,WILLIAMS,5/27/1973,M,M,andrew11@adventure-works.com,"$10,000 ",0,Partial High School,Manual,Y
24140,MR.,ALVIN,LIN,1/23/1976,S,M,alvin8@adventure-works.com,"$10,000 ",0,Graduate Degree,Manual,N
24141,MRS.,MISTY,NATH,9/21/1962,S,F,misty20@adventure-works.com,"$10,000 ",1,Graduate Degree,Manual,Y
24142,MR.,CHRISTIAN,DAVIS,6/27/1962,M,M,christian36@adventure-works.com,"$10,000 ",1,Graduate Degree,Manual,Y
24143,MR.,STANLEY,MEHTA,8/9/1962,M,M,stanley15@adventure-works.com,"$10,000 ",1,Graduate Degree,Manual,Y
24144,MR.,GERALD,SANCHEZ,10/7/1962,M,M,gerald6@adventure-works.com,"$20,000 ",1,Graduate Degree,Clerical,Y
24145,MRS.,CHERYL,SERRANO,1/20/1962,S,F,cheryl19@adventure-works.com,"$20,000 ",1,Graduate Degree,Clerical,Y
24146,MR.,CRAIG,SUAREZ,7/6/1961,S,M,craig18@adventure-works.com,"$20,000 ",1,Graduate Degree,Clerical,Y
24147,MRS.,KATHLEEN,HERNANDEZ,10/18/1935,M,F,kathleen5@adventure-works.com,"$20,000 ",1,Graduate Degree,Clerical,N
24148,MRS.,BRITTNEY,ZHOU,4/20/1956,S,F,brittney7@adventure-works.com,"$10,000 ",2,Partial College,Manual,N
24149,MR.,RICHARD,SIMMONS,9/8/1956,M,M,richard70@adventure-works.com,"$10,000 ",2,Partial College,Manual,Y
24150,MR.,JACK,CAMPBELL,3/24/1955,M,M,jack42@adventure-works.com,"$10,000 ",2,Partial College,Manual,Y
24151,MR.,JON,SHAN,8/22/1955,S,M,jon6@adventure-works.com,"$20,000 ",1,Bachelors,Clerical,N
24152,MR.,CASEY,RUBIO,5/25/1938,S,M,casey45@adventure-works.com,"$20,000 ",1,Bachelors,Clerical,N
24153,MR.,SETH,JENKINS,11/28/1941,S,M,seth54@adventure-works.com,"$20,000 ",1,Bachelors,Clerical,Y
24154,MR.,ORLANDO,RAMOS,7/23/1941,S,M,orlando17@adventure-works.com,"$30,000 ",1,Bachelors,Clerical,N
24155,MRS.,TRACY,RAJE,3/9/1942,M,F,tracy13@adventure-works.com,"$20,000 ",1,Partial College,Manual,Y
24156,MR.,WESLEY,ZHOU,6/10/1942,M,M,wesley9@adventure-works.com,"$20,000 ",1,Partial College,Manual,N
24157,MRS.,MARIE,SUBRAM,10/4/1943,M,F,marie14@adventure-works.com,"$10,000 ",3,Partial College,Manual,N
24158,MR.,OMAR,DENG,8/15/1943,S,M,omar23@adventure-works.com,"$10,000 ",3,Partial College,Manual,N
24159,MS.,CHRISTINE,LUO,1/6/1980,M,F,christine3@adventure-works.com,"$10,000 ",0,Partial College,Manual,N
24160,MR.,CARL,YUAN,11/3/1980,S,M,carl6@adventure-works.com,"$10,000 ",0,Partial College,Manual,Y
24161,MR.,LUKE,KUMAR,2/4/1980,M,M,luke17@adventure-works.com,"$10,000 ",0,Partial College,Manual,Y
24162,MR.,GRANT,RAJE,7/17/1980,M,M,grant16@adventure-works.com,"$10,000 ",0,Partial College,Manual,N
24163,MR.,MICAH,GUO,2/28/1980,S,M,micah5@adventure-works.com,"$10,000 ",0,Partial College,Manual,N
24164,MS.,TERESA,GOMEZ,11/13/1977,S,F,teresa2@adventure-works.com,"$10,000 ",0,High School,Manual,N
24166,MS.,RENEE,ALONSO,5/23/1977,S,F,renee7@adventure-works.com,"$10,000 ",0,High School,Manual,N
24167,MS.,LACEY,ZHU,10/6/1977,S,F,lacey26@adventure-works.com,"$10,000 ",0,High School,Manual,Y
24168,MR.,MANUEL,SRINI,5/18/1977,M,M,manuel7@adventure-works.com,"$10,000 ",0,High School,Manual,Y
24169,MRS.,LYDIA,MARTINEZ,7/9/1976,S,F,lydia16@adventure-works.com,"$10,000 ",1,High School,Manual,N
24170,MRS.,JAIME,HERNANDEZ,10/24/1976,S,F,jaime4@adventure-works.com,"$10,000 ",1,High School,Manual,Y
24171,MR.,JARROD,CHANDRA,5/15/1979,S,M,jarrod2@adventure-works.com,"$10,000 ",1,High School,Manual,N
24172,MRS.,JESSIE,HERNANDEZ,9/27/1979,M,F,jessie1@adventure-works.com,"$10,000 ",1,High School,Manual,Y
24173,MS.,LACEY,WANG,1/23/1979,S,F,lacey13@adventure-works.com,"$20,000 ",0,Bachelors,Clerical,Y
24174,MR.,KEITH,CHANDER,5/26/1979,M,M,keith19@adventure-works.com,"$20,000 ",0,Bachelors,Clerical,Y
24175,MS.,LACEY,LUO,3/8/1978,S,F,lacey40@adventure-works.com,"$20,000 ",0,Bachelors,Clerical,N
24176,MS.,MARIE,JIMENEZ,4/20/1978,M,F,marie29@adventure-works.com,"$20,000 ",0,Bachelors,Clerical,Y
24177,MS.,GINA,GILL,2/4/1977,S,F,gina14@adventure-works.com,"$20,000 ",0,Bachelors,Clerical,Y
24178,MR.,CLIFFORD,SARA,10/10/1977,S,M,clifford10@adventure-works.com,"$20,000 ",0,Partial College,Manual,N
24179,MS.,ROBYN,BLANCO,3/7/1977,M,F,robyn12@adventure-works.com,"$20,000 ",0,Partial College,Manual,Y
24180,MR.,ARTURO,JAI,4/16/1943,S,M,arturo36@adventure-works.com,"$20,000 ",2,Partial College,Manual,Y
24181,MR.,EDWIN,NATH,10/16/1943,M,M,edwin41@adventure-works.com,"$20,000 ",2,Partial College,Manual,N
24182,MRS.,NANCY,LOPEZ,6/2/1943,M,F,nancy20@adventure-works.com,"$30,000 ",1,Bachelors,Clerical,Y
24183,MRS.,RUTH,PEREZ,8/26/1961,S,F,ruth25@adventure-works.com,"$30,000 ",4,Graduate Degree,Clerical,Y
24184,MRS.,ALEXANDRA,JACKSON,9/24/1961,S,F,alexandra75@adventure-works.com,"$30,000 ",3,Graduate Degree,Clerical,Y
24185,MRS.,TARA,SHE,11/25/1960,S,F,tara0@adventure-works.com,"$10,000 ",1,High School,Manual,N
24186,MR.,THEODORE,ALONSO,2/19/1960,S,M,theodore8@adventure-works.com,"$20,000 ",1,Partial College,Manual,N
24187,MRS.,DAISY,SERRANO,2/8/1960,S,F,daisy11@adventure-works.com,"$30,000 ",3,Graduate Degree,Clerical,N
24188,MR.,CHARLES,TURNER,5/7/1959,S,M,charles41@adventure-works.com,"$20,000 ",2,Partial College,Manual,Y
24189,MR.,ANDRE,SURI,11/1/1959,M,M,andre0@adventure-works.com,"$30,000 ",3,Graduate Degree,Clerical,Y
24190,MR.,AUSTIN,CHEN,11/5/1958,S,M,austin22@adventure-works.com,"$20,000 ",2,Partial College,Manual,Y
24191,MR.,MARSHALL,HE,9/11/1960,M,M,marshall17@adventure-works.com,"$30,000 ",3,Graduate Degree,Clerical,Y
24192,MRS.,REGINA,PRASAD,1/4/1960,S,F,regina8@adventure-works.com,"$30,000 ",3,Graduate Degree,Clerical,Y
24193,MR.,LOUIS,BECKER,12/17/1959,M,M,louis36@adventure-works.com,"$30,000 ",0,Bachelors,Clerical,N
24194,MR.,ARMANDO,MARTIN,1/21/1959,M,M,armando0@adventure-works.com,"$30,000 ",0,Bachelors,Clerical,N
24195,MRS.,DAWN,ZHAO,12/4/1970,M,F,dawn12@adventure-works.com,"$10,000 ",2,High School,Manual,Y
24196,MR.,ARMANDO,GILL,3/27/1970,M,M,armando14@adventure-works.com,"$10,000 ",2,High School,Manual,Y
24197,MS.,WHITNEY,MEHTA,3/20/1970,S,F,whitney13@adventure-works.com,"$20,000 ",0,Partial College,Manual,N
24198,MS.,CHELSEA,MADAN,8/28/1970,M,F,chelsea8@adventure-works.com,"$30,000 ",0,Bachelors,Clerical,Y
24199,MS.,VERONICA,PRASAD,5/6/1970,M,F,veronica10@adventure-works.com,"$40,000 ",0,Graduate Degree,Clerical,N
24200,MR.,GRANT,JAI,10/23/1970,S,M,grant13@adventure-works.com,"$40,000 ",0,Graduate Degree,Clerical,N
24201,MRS.,OLIVIA,GONZALES,7/26/1969,M,F,olivia62@adventure-works.com,"$10,000 ",2,High School,Manual,Y
24202,MS.,TAMARA,BLACK,10/20/1969,S,F,tamara30@adventure-works.com,"$20,000 ",0,Partial College,Manual,N
24203,MR.,KEITH,XIE,9/12/1969,S,M,keith5@adventure-works.com,"$30,000 ",0,Bachelors,Clerical,N
24204,MR.,DARREN,GONZALEZ,7/12/1969,S,M,darren19@adventure-works.com,"$30,000 ",0,Bachelors,Clerical,N
24205,MRS.,KATHERINE,ANDERSON,12/20/1969,S,F,katherine80@adventure-works.com,"$30,000 ",1,Bachelors,Clerical,N
24206,MS.,MARIE,MUNOZ,2/23/1969,M,F,marie31@adventure-works.com,"$40,000 ",0,Graduate Degree,Clerical,Y
24207,MRS.,STACEY,GUO,7/5/1968,M,F,stacey19@adventure-works.com,"$10,000 ",2,High School,Manual,Y
24208,MS.,SABRINA,DIAZ,3/3/1969,S,F,sabrina0@adventure-works.com,"$40,000 ",0,Graduate Degree,Clerical,Y
24209,MS.,CHELSEA,JORDAN,11/10/1969,M,F,chelsea1@adventure-works.com,"$60,000 ",0,Graduate Degree,Skilled Manual,Y
24210,MR.,RICARDO,SHAN,6/16/1969,S,M,ricardo10@adventure-works.com,"$60,000 ",0,Graduate Degree,Skilled Manual,Y
24211,MS.,SHARON,SHAN,1/18/1969,S,F,sharon17@adventure-works.com,"$60,000 ",0,Graduate Degree,Skilled Manual,N
24212,MR.,TONY,RAJE,9/25/1952,S,M,tony16@adventure-works.com,"$10,000 ",3,Partial College,Manual,N
24213,MR.,MARTIN,RANA,9/11/1951,S,M,martin16@adventure-works.com,"$10,000 ",3,Partial College,Manual,N
24214,MRS.,MICHELE,ROMERO,7/4/1951,S,F,michele42@adventure-works.com,"$20,000 ",2,Partial College,Manual,Y
24215,MRS.,LISA,XU,7/15/1953,M,F,lisa16@adventure-works.com,"$10,000 ",2,High School,Manual,Y
24216,MRS.,TARA,BLACK,2/6/1953,S,F,tara21@adventure-works.com,"$10,000 ",2,High School,Manual,Y
24217,MRS.,LAUREN,MORGAN,4/26/1968,S,F,lauren4@adventure-works.com,"$10,000 ",2,High School,Manual,N
24218,MR.,BRYANT,LOPEZ,4/26/1968,S,M,bryant16@adventure-works.com,"$20,000 ",1,Partial College,Manual,N
24219,MRS.,TINA,LOPEZ,6/17/1968,M,F,tina18@adventure-works.com,"$30,000 ",1,Bachelors,Clerical,Y
24220,MR.,HUNTER,EDWARDS,10/9/1968,M,M,hunter30@adventure-works.com,"$90,000 ",4,Bachelors,Management,Y
24221,MRS.,HEIDI,PEREZ,3/10/1968,S,F,heidi24@adventure-works.com,"$130,000 ",1,Graduate Degree,Management,N
24222,MS.,SIERRA,GREEN,8/23/1979,S,F,sierra13@adventure-works.com,"$40,000 ",0,High School,Skilled Manual,Y
24223,MS.,ABIGAIL,ALEXANDER,4/26/1979,S,F,abigail44@adventure-works.com,"$40,000 ",0,High School,Skilled Manual,Y
24224,MS.,NICOLE,PERRY,10/17/1979,S,F,nicole56@adventure-works.com,"$40,000 ",0,High School,Skilled Manual,N
24225,MR.,JEFFERY,YANG,10/6/1979,S,M,jeffery5@adventure-works.com,"$40,000 ",0,Partial College,Skilled Manual,Y
24226,MR.,BRIAN,MORRIS,3/26/1979,S,M,brian30@adventure-works.com,"$40,000 ",0,Partial College,Skilled Manual,N
24227,MS.,SARA,PHILLIPS,6/14/1979,S,F,sara31@adventure-works.com,"$40,000 ",0,Partial College,Skilled Manual,N
24228,MR.,TERRY,XU,10/11/1944,S,M,terry8@adventure-works.com,"$20,000 ",3,High School,Skilled Manual,N
24229,MR.,PEDRO,KAPOOR,6/4/1944,M,M,pedro1@adventure-works.com,"$20,000 ",4,High School,Skilled Manual,Y
24230,MR.,ANDRES,SHARMA,6/19/1944,M,M,andres6@adventure-works.com,"$20,000 ",4,High School,Skilled Manual,Y
24231,MS.,MAKAYLA,COX,10/18/1979,S,F,makayla9@adventure-works.com,"$60,000 ",0,Partial College,Skilled Manual,Y
24232,MR.,RYAN,JOHNSON,2/17/1979,S,M,ryan40@adventure-works.com,"$60,000 ",0,Partial College,Skilled Manual,Y
24233,MS.,JADA,PARKER,5/24/1979,S,F,jada20@adventure-works.com,"$70,000 ",0,Partial College,Skilled Manual,Y
24234,MR.,EDUARDO,MARTINEZ,10/16/1979,S,M,eduardo16@adventure-works.com,"$70,000 ",0,Partial College,Skilled Manual,Y
24235,MS.,JILL,MARTINEZ,8/23/1978,S,F,jill7@adventure-works.com,"$40,000 ",0,High School,Skilled Manual,N
24236,MS.,ISABELLA,NELSON,11/9/1978,S,F,isabella39@adventure-works.com,"$30,000 ",0,Partial College,Skilled Manual,Y
24238,MR.,SEAN,RICHARDSON,9/7/1978,M,M,sean17@adventure-works.com,"$60,000 ",0,Partial College,Skilled Manual,Y
24239,MR.,MIGUEL,HERNANDEZ,11/27/1978,M,M,miguel26@adventure-works.com,"$60,000 ",0,Partial College,Skilled Manual,Y
24240,MR.,EDWIN,HU,4/9/1945,M,M,edwin21@adventure-works.com,"$10,000 ",2,Partial High School,Clerical,Y
24241,MR.,COLIN,ZHAO,2/6/1946,S,M,colin11@adventure-works.com,"$20,000 ",4,High School,Skilled Manual,N
24242,MRS.,AMY,ZENG,4/6/1946,M,F,amy29@adventure-works.com,"$30,000 ",2,Partial College,Clerical,N
24243,MRS.,KAREN,LIN,7/8/1946,M,F,karen17@adventure-works.com,"$30,000 ",2,Partial College,Clerical,Y
24244,MRS.,ANNE,SERRANO,10/12/1946,M,F,anne18@adventure-works.com,"$40,000 ",2,Bachelors,Management,Y
24245,MR.,OMAR,LIANG,3/4/1947,M,M,omar16@adventure-works.com,"$10,000 ",2,Partial High School,Clerical,Y
24246,MR.,VICTOR,RAMOS,9/21/1947,M,M,victor17@adventure-works.com,"$10,000 ",2,Partial High School,Clerical,Y
24247,MR.,GEORGE,SARA,6/24/1947,M,M,george16@adventure-works.com,"$20,000 ",4,High School,Skilled Manual,Y
24248,MR.,JAKE,LIN,10/5/1947,S,M,jake8@adventure-works.com,"$20,000 ",4,High School,Skilled Manual,N
24249,MR.,JESSE,HOWARD,3/18/1947,S,M,jesse11@adventure-works.com,"$30,000 ",2,Partial College,Clerical,N
24250,MRS.,CARMEN,SURI,7/22/1947,M,F,carmen4@adventure-works.com,"$30,000 ",2,Partial College,Clerical,Y
24251,MR.,JAY,BROWNING,2/1/1947,S,M,jay45@adventure-works.com,"$30,000 ",2,Partial College,Clerical,N
24252,MRS.,JACLYN,XU,11/22/1947,M,F,jaclyn13@adventure-works.com,"$30,000 ",2,Partial College,Clerical,N
24253,MR.,FERNANDO,WOOD,11/14/1948,M,M,fernando46@adventure-works.com,"$10,000 ",2,Partial High School,Clerical,Y
24254,MS.,EMILY,WASHINGTON,8/15/1978,S,F,emily38@adventure-works.com,"$70,000 ",0,Partial College,Skilled Manual,N
24255,MS.,CHLOE,LEE,9/12/1977,S,F,chloe31@adventure-works.com,"$40,000 ",0,Partial High School,Clerical,N
24256,MS.,KAYLA,BARNES,7/25/1977,S,F,kayla27@adventure-works.com,"$40,000 ",0,Partial High School,Clerical,N
24257,MR.,ALAN,SHEN,1/12/1948,M,M,alan3@adventure-works.com,"$20,000 ",2,Partial High School,Clerical,N
24258,MS.,HAILEY,EDWARDS,4/10/1977,S,F,hailey44@adventure-works.com,"$40,000 ",0,Bachelors,Professional,N
24259,MR.,GAVIN,PRICE,8/3/1977,S,M,gavin0@adventure-works.com,"$40,000 ",0,Bachelors,Professional,Y
24260,MR.,BLAKE,PERRY,3/9/1977,S,M,blake55@adventure-works.com,"$40,000 ",0,Partial College,Skilled Manual,N
24261,MS.,EMMA,JONES,6/15/1977,S,F,emma2@adventure-works.com,"$60,000 ",0,Partial College,Skilled Manual,Y
24262,MR.,DANIEL,THOMAS,3/16/1977,M,M,daniel11@adventure-works.com,"$60,000 ",0,Partial College,Skilled Manual,N
24263,MS.,BROOKE,BROOKS,8/15/1977,M,F,brooke1@adventure-works.com,"$60,000 ",0,Partial College,Skilled Manual,Y
24264,MR.,RICHARD,LONG,10/28/1977,S,M,richard64@adventure-works.com,"$70,000 ",0,Partial College,Skilled Manual,N
24265,MR.,SETH,MCDONALD,9/13/1977,M,M,seth29@adventure-works.com,"$70,000 ",0,Partial College,Skilled Manual,N
24266,MR.,MELVIN,CHANDER,2/25/1949,M,M,melvin14@adventure-works.com,"$20,000 ",2,Partial High School,Clerical,Y
24267,MR.,JÉSUS,HERNANDEZ,4/12/1950,M,M,jésus4@adventure-works.com,"$10,000 ",2,Partial High School,Clerical,Y
24268,MRS.,MEREDITH,GILL,10/24/1950,M,F,meredith37@adventure-works.com,"$10,000 ",2,Partial High School,Clerical,Y
24269,MR.,TODD,LU,9/2/1950,M,M,todd10@adventure-works.com,"$10,000 ",2,Partial High School,Clerical,Y
24270,MRS.,LATASHA,ORTEGA,5/15/1950,M,F,latasha22@adventure-works.com,"$20,000 ",2,Partial High School,Clerical,Y
24271,MR.,LEONARD,SHEN,4/21/1950,M,M,leonard3@adventure-works.com,"$20,000 ",2,Partial High School,Clerical,Y
24272,MRS.,MARTHA,WANG,2/16/1951,M,F,martha1@adventure-works.com,"$20,000 ",2,Partial High School,Clerical,Y
24273,MRS.,MONIQUE,SANZ,3/11/1951,M,F,monique16@adventure-works.com,"$20,000 ",2,Partial High School,Clerical,Y
24274,MR.,SHAUN,SHAN,2/3/1951,M,M,shaun11@adventure-works.com,"$20,000 ",2,Partial High School,Clerical,Y
24275,MR.,LUCAS,RIVERA,7/17/1980,M,M,lucas80@adventure-works.com,"$30,000 ",0,Partial College,Skilled Manual,N
24276,MRS.,KAITLYN,NELSON,7/9/1952,S,F,kaitlyn7@adventure-works.com,"$20,000 ",2,Partial High School,Clerical,Y
24277,MR.,DONALD,KOVÁR,5/5/1952,S,M,donald6@adventure-works.com,"$20,000 ",3,Partial High School,Clerical,Y
24278,MR.,CEDRIC,XU,2/5/1953,M,M,cedric11@adventure-works.com,"$40,000 ",2,Partial College,Skilled Manual,N
24280,MR.,PETER,SHAN,10/1/1954,S,M,peter16@adventure-works.com,"$40,000 ",3,Partial High School,Clerical,N
24281,MRS.,MARIE,SURI,4/13/1954,S,F,marie4@adventure-works.com,"$40,000 ",3,Partial High School,Clerical,N
24282,MR.,DAMIEN,RAJI,7/24/1955,M,M,damien36@adventure-works.com,"$80,000 ",2,Partial College,Skilled Manual,Y
24283,MRS.,AIMEE,ZHENG,3/21/1955,S,F,aimee14@adventure-works.com,"$80,000 ",2,Partial College,Skilled Manual,N
24284,MS.,MELISSA,SANDERS,6/11/1975,S,F,melissa26@adventure-works.com,"$40,000 ",0,Partial College,Skilled Manual,N
24285,MR.,JESSE,COX,11/19/1975,S,M,jesse10@adventure-works.com,"$40,000 ",0,Partial College,Skilled Manual,Y
24286,MR.,KELVIN,GOEL,5/27/1975,S,M,kelvin16@adventure-works.com,"$40,000 ",0,High School,Skilled Manual,N
24287,MR.,JOHN,MARTINEZ,5/25/1975,M,M,john36@adventure-works.com,"$40,000 ",0,High School,Skilled Manual,Y
24288,MR.,PEDRO,GOMEZ,1/5/1975,M,M,pedro21@adventure-works.com,"$40,000 ",0,High School,Skilled Manual,Y
24289,MR.,ROBERT,GONZALEZ,12/16/1975,S,M,robert51@adventure-works.com,"$60,000 ",0,Partial College,Skilled Manual,Y
24290,MS.,ZOE,BELL,10/17/1974,M,F,zoe12@adventure-works.com,"$50,000 ",0,High School,Skilled Manual,Y
24291,MR.,EDUARDO,GARCIA,3/11/1974,S,M,eduardo15@adventure-works.com,"$50,000 ",0,High School,Skilled Manual,N
24292,MS.,MACKENZIE,BROOKS,3/6/1974,M,F,mackenzie0@adventure-works.com,"$50,000 ",0,High School,Skilled Manual,Y
24293,MS.,ANNA,RIVERA,10/19/1974,M,F,anna12@adventure-works.com,"$50,000 ",0,High School,Skilled Manual,Y
24294,MR.,LUIS,YANG,3/1/1974,S,M,luis27@adventure-works.com,"$50,000 ",0,High School,Skilled Manual,N
24295,MS.,NATALIE,BARNES,3/26/1973,S,F,natalie25@adventure-works.com,"$60,000 ",0,Partial College,Skilled Manual,N
24296,MS.,AMANDA,GONZALEZ,2/6/1973,S,F,amanda60@adventure-works.com,"$70,000 ",0,Partial College,Professional,N
24297,MS.,VICTORIA,COX,10/9/1976,M,F,victoria37@adventure-works.com,"$60,000 ",0,Partial College,Professional,Y
24298,MR.,ROBERT,YANG,10/7/1976,M,M,robert39@adventure-works.com,"$60,000 ",0,Partial College,Professional,Y
24299,MS.,ANDREA,GRAY,6/3/1976,S,F,andrea6@adventure-works.com,"$60,000 ",0,Partial College,Professional,Y
24300,MRS.,NAOMI,GOMEZ,1/10/1956,S,F,naomi1@adventure-works.com,"$80,000 ",2,High School,Skilled Manual,Y
24301,MRS.,TASHA,RAI,8/25/1957,S,F,tasha18@adventure-works.com,"$70,000 ",2,High School,Skilled Manual,Y
24302,MR.,CESAR,KAPOOR,1/28/1957,M,M,cesar1@adventure-works.com,"$70,000 ",2,High School,Skilled Manual,Y
24303,MRS.,MEGAN,DIAZ,12/2/1957,S,F,megan69@adventure-works.com,"$70,000 ",2,High School,Skilled Manual,N
24304,MRS.,BETH,SERRANO,5/25/1958,S,F,beth19@adventure-works.com,"$100,000 ",1,Bachelors,Management,N
24305,MR.,WARREN,CHOW,10/28/1959,S,M,warren19@adventure-works.com,"$100,000 ",1,Bachelors,Management,N
24306,MRS.,MOLLY,CHANDRA,4/8/1959,M,F,molly3@adventure-works.com,"$100,000 ",1,Bachelors,Management,Y
24307,MRS.,TINA,SARA,2/16/1959,S,F,tina12@adventure-works.com,"$100,000 ",1,Bachelors,Management,N
24308,MS.,DESTINY,SANDERS,1/25/1973,S,F,destiny47@adventure-works.com,"$80,000 ",0,Bachelors,Management,Y
24309,MR.,ETHAN,WILLIAMS,8/18/1974,M,M,ethan32@adventure-works.com,"$50,000 ",0,High School,Professional,N
24310,MS.,GABRIELLE,PETERSON,2/5/1974,S,F,gabrielle14@adventure-works.com,"$50,000 ",0,High School,Professional,N
24311,MR.,GEOFFREY,PATEL,4/21/1974,S,M,geoffrey3@adventure-works.com,"$60,000 ",0,Partial College,Professional,N
24312,MR.,AUSTIN,MARTIN,5/21/1974,S,M,austin30@adventure-works.com,"$60,000 ",0,Partial College,Professional,Y
24313,MS.,TAYLOR,BROOKS,3/18/1974,M,F,taylor22@adventure-works.com,"$60,000 ",0,Partial College,Professional,Y
24314,MR.,BRYAN,HOWARD,3/28/1966,M,M,bryan12@adventure-works.com,"$120,000 ",2,Bachelors,Management,Y
24315,MR.,EDWARD,SCOTT,9/6/1966,M,M,edward6@adventure-works.com,"$130,000 ",0,Graduate Degree,Management,Y
24316,MS.,RACHEL,DIAZ,3/28/1966,S,F,rachel70@adventure-works.com,"$130,000 ",0,Graduate Degree,Management,N
24317,MR.,DEVIN,THOMAS,4/11/1966,S,M,devin9@adventure-works.com,"$130,000 ",0,Graduate Degree,Management,N
24318,MR.,LUIS,LONG,7/22/1966,M,M,luis8@adventure-works.com,"$130,000 ",1,Graduate Degree,Management,Y
24319,MR.,BENJAMIN,CLARK,4/11/1957,M,M,benjamin56@adventure-works.com,"$70,000 ",2,Partial High School,Skilled Manual,Y
24320,MR.,JOSHUA,WHITE,8/13/1957,S,M,joshua14@adventure-works.com,"$70,000 ",2,Partial High School,Skilled Manual,Y
24321,MR.,GABRIEL,SCOTT,2/10/1964,S,M,gabriel43@adventure-works.com,"$40,000 ",0,Bachelors,Professional,N
24322,,ALEXANDRA,EVANS,2/22/1964,M,NA,alexandra44@adventure-works.com,"$60,000 ",4,Bachelors,Skilled Manual,Y
24323,MRS.,JANET,WRIGHT,7/28/1964,S,F,janet35@adventure-works.com,"$60,000 ",5,Bachelors,Skilled Manual,Y
24324,MRS.,JENNIFER,REED,10/27/1964,S,F,jennifer56@adventure-works.com,"$60,000 ",4,Bachelors,Skilled Manual,Y
24325,MR.,JASON,PERRY,12/15/1964,M,M,jason5@adventure-works.com,"$60,000 ",4,Bachelors,Skilled Manual,N
24326,MR.,ADAM,BRYANT,10/16/1964,M,M,adam15@adventure-works.com,"$60,000 ",4,Bachelors,Skilled Manual,Y
24327,MR.,EVAN,ROGERS,10/8/1964,M,M,evan20@adventure-works.com,"$60,000 ",4,Bachelors,Skilled Manual,Y
24328,MRS.,MELISSA,SIMMONS,5/7/1964,S,F,melissa10@adventure-works.com,"$60,000 ",4,Bachelors,Skilled Manual,N
24329,MRS.,ABIGAIL,COOPER,2/9/1963,S,F,abigail13@adventure-works.com,"$70,000 ",4,Bachelors,Professional,Y
24330,MRS.,JESSICA,BENNETT,9/26/1963,S,F,jessica25@adventure-works.com,"$70,000 ",4,Bachelors,Professional,N
24331,MR.,CARSON,POWELL,8/9/1968,S,M,carson7@adventure-works.com,"$70,000 ",0,Bachelors,Professional,N
24332,MRS.,ABIGAIL,THOMPSON,6/3/1963,M,F,abigail56@adventure-works.com,"$60,000 ",3,Graduate Degree,Professional,Y
24333,MRS.,ANN,PRASAD,11/26/1962,S,F,ann14@adventure-works.com,"$70,000 ",1,Bachelors,Professional,Y
24334,MRS.,ALEXA,JAMES,9/6/1962,M,F,alexa6@adventure-works.com,"$70,000 ",1,Bachelors,Professional,Y
24335,MR.,RICHARD,WRIGHT,10/27/1962,S,M,richard22@adventure-works.com,"$70,000 ",1,Bachelors,Professional,Y
24336,MRS.,GABRIELLE,WRIGHT,3/9/1962,S,F,gabrielle62@adventure-works.com,"$70,000 ",1,Bachelors,Professional,Y
24337,MR.,NOAH,ALEXANDER,10/10/1962,M,M,noah16@adventure-works.com,"$70,000 ",1,Partial College,Skilled Manual,Y
24338,MRS.,SHANNON,ZENG,9/5/1961,S,F,shannon21@adventure-works.com,"$40,000 ",4,High School,Skilled Manual,Y
24339,MRS.,JENNIFER,PRICE,10/10/1961,S,F,jennifer75@adventure-works.com,"$40,000 ",4,High School,Skilled Manual,Y
24340,MRS.,CHLOE,CLARK,12/5/1961,S,F,chloe29@adventure-works.com,"$40,000 ",4,High School,Skilled Manual,N
24341,MR.,WYATT,JONES,12/10/1961,M,M,wyatt3@adventure-works.com,"$60,000 ",1,Partial College,Skilled Manual,Y
24342,MR.,EVAN,CAMPBELL,4/24/1961,M,M,evan31@adventure-works.com,"$60,000 ",1,Partial College,Skilled Manual,Y
24343,MR.,TYLER,HARRIS,3/8/1960,M,M,tyler2@adventure-works.com,"$40,000 ",4,High School,Skilled Manual,N
24344,MR.,WAYNE,CHANDER,6/16/1967,S,M,wayne18@adventure-works.com,"$50,000 ",0,Partial College,Skilled Manual,N
24345,MS.,RILEY,COX,6/22/1967,S,F,riley30@adventure-works.com,"$60,000 ",0,Graduate Degree,Professional,N
24346,MS.,GIORGIO,VERONESI,9/5/1967,M,F,giorgio0@adventure-works.com,"$60,000 ",0,Graduate Degree,Professional,N
24347,MS.,TINA,MADAN,12/19/1967,S,F,tina9@adventure-works.com,"$60,000 ",0,Graduate Degree,Professional,Y
24348,MR.,RUBEN,GOMEZ,9/17/1967,S,M,ruben24@adventure-works.com,"$60,000 ",0,Graduate Degree,Professional,N
24349,MS.,JILL,PATTERSON,7/4/1967,S,F,jill33@adventure-works.com,"$60,000 ",0,Graduate Degree,Professional,Y
24351,MR.,BRANDON,YANG,2/5/1960,M,M,brandon24@adventure-works.com,"$60,000 ",1,Partial College,Skilled Manual,Y
24352,MRS.,NATALIE,COX,6/2/1960,M,F,natalie13@adventure-works.com,"$60,000 ",1,Partial College,Skilled Manual,Y
24353,MRS.,ANDREA,RAMIREZ,5/5/1960,M,F,andrea7@adventure-works.com,"$60,000 ",1,Partial College,Skilled Manual,Y
24354,MRS.,BAILEY,COOK,6/19/1959,M,F,bailey19@adventure-works.com,"$60,000 ",1,Partial College,Skilled Manual,Y
24355,MRS.,JENNIFER,JOHNSON,6/17/1959,M,F,jennifer29@adventure-works.com,"$60,000 ",4,Bachelors,Professional,Y
24356,MR.,WESLEY,ZHANG,8/9/1959,S,M,wesley0@adventure-works.com,"$80,000 ",2,Graduate Degree,Professional,Y
24357,MR.,ERIC,BAKER,3/15/1958,M,M,eric50@adventure-works.com,"$60,000 ",3,Bachelors,Professional,Y
24358,MR.,KEVIN,GREEN,2/8/1958,M,M,kevin52@adventure-works.com,"$60,000 ",1,Bachelors,Professional,Y
24359,MR.,ZACHARY,SHAN,8/5/1958,S,M,zachary0@adventure-works.com,"$60,000 ",1,Bachelors,Professional,Y
24360,MRS.,CAROLYN,DIAZ,7/22/1968,S,F,carolyn25@adventure-works.com,"$60,000 ",2,Bachelors,Professional,N
24361,MR.,FRANCISCO,RODRIGUEZ,11/17/1968,M,M,francisco21@adventure-works.com,"$60,000 ",2,Bachelors,Professional,N
24362,MR.,MARC,VAZQUEZ,12/6/1968,S,M,marc18@adventure-works.com,"$60,000 ",2,Bachelors,Professional,N
24363,MRS.,AMANDA,COLEMAN,1/26/1970,M,F,amanda27@adventure-works.com,"$80,000 ",4,Graduate Degree,Management,N
24364,MR.,HENRY,PRASAD,6/15/1970,M,M,henry10@adventure-works.com,"$90,000 ",2,Bachelors,Professional,N
24365,MRS.,MALLORY,NAVARRO,4/27/1968,S,F,mallory17@adventure-works.com,"$60,000 ",2,Bachelors,Professional,Y
24366,MR.,MELVIN,LUO,2/17/1969,S,M,melvin6@adventure-works.com,"$120,000 ",1,Graduate Degree,Management,N
24367,MR.,ROSS,SARA,2/10/1969,S,M,ross10@adventure-works.com,"$120,000 ",1,Graduate Degree,Management,N
24368,MRS.,EBONY,PRASAD,4/8/1969,S,F,ebony9@adventure-works.com,"$120,000 ",1,Graduate Degree,Management,N
24369,MRS.,CHELSEA,LOPEZ,6/25/1967,M,F,chelsea18@adventure-works.com,"$80,000 ",5,Graduate Degree,Management,N
24370,MR.,NATHAN,WEST,6/25/1967,M,M,nathan9@adventure-works.com,"$80,000 ",5,Graduate Degree,Management,N
24371,MRS.,LESLIE,NAVARRO,3/21/1966,M,F,leslie11@adventure-works.com,"$90,000 ",2,Bachelors,Professional,Y
24372,MRS.,TERESA,JIMENEZ,9/21/1965,S,F,teresa6@adventure-works.com,"$60,000 ",2,Bachelors,Professional,Y
24373,MR.,STEVEN,REED,8/12/1965,M,M,steven30@adventure-works.com,"$60,000 ",2,Bachelors,Professional,Y
24374,MR.,EUGENE,MA,10/13/1965,S,M,eugene20@adventure-works.com,"$60,000 ",3,Bachelors,Professional,N
24375,MRS.,PAMELA,SCHMIDT,10/3/1965,M,F,pamela13@adventure-works.com,"$60,000 ",3,Bachelors,Professional,Y
24376,MR.,TOMMY,BLACK,7/13/1968,M,M,tommy17@adventure-works.com,"$70,000 ",5,Bachelors,Professional,Y
24377,MR.,RICHARD,WOOD,9/24/1968,S,M,richard58@adventure-works.com,"$70,000 ",0,Bachelors,Professional,N
24378,MS.,BRANDI,JIMÉNEZ,6/4/1968,S,F,brandi6@adventure-works.com,"$70,000 ",0,Bachelors,Professional,N
24379,MR.,NOAH,JENKINS,6/23/1965,S,M,noah3@adventure-works.com,"$70,000 ",0,Bachelors,Professional,N
24380,MR.,MAURICE,YUAN,10/13/1965,M,M,maurice7@adventure-works.com,"$70,000 ",0,Bachelors,Professional,N
24381,MR.,DANNY,SERRANO,5/14/1965,S,M,danny17@adventure-works.com,"$70,000 ",0,Bachelors,Professional,Y
24382,MR.,PATRICK,SANCHEZ,2/20/1964,M,M,patrick22@adventure-works.com,"$60,000 ",3,Bachelors,Professional,Y
24383,MR.,RONALD,PRASAD,6/25/1974,M,M,ronald11@adventure-works.com,"$30,000 ",0,Partial College,Clerical,N
24384,MR.,KENNETH,PAL,8/23/1974,M,M,kenneth10@adventure-works.com,"$30,000 ",0,Partial College,Clerical,N
24385,MRS.,SUMMER,PEREZ,10/22/1957,M,F,summer19@adventure-works.com,"$70,000 ",3,Partial College,Professional,Y
24386,MRS.,ISABELLA,WALKER,5/12/1957,S,F,isabella79@adventure-works.com,"$80,000 ",2,Bachelors,Management,N
24387,MR.,ELIJAH,MITCHELL,9/26/1957,M,M,elijah39@adventure-works.com,"$80,000 ",2,Bachelors,Management,N
24388,MRS.,MARIA,CAMPBELL,11/22/1957,M,F,maria50@adventure-works.com,"$80,000 ",2,Bachelors,Management,N
24389,MR.,XAVIER,CARTER,5/3/1956,S,M,xavier33@adventure-works.com,"$80,000 ",2,Partial High School,Skilled Manual,Y
24390,MRS.,CAROLYN,PRASAD,8/23/1956,M,F,carolyn9@adventure-works.com,"$60,000 ",2,High School,Professional,Y
24391,MRS.,MARISSA,WASHINGTON,3/27/1956,M,F,marissa10@adventure-works.com,"$60,000 ",2,High School,Professional,Y
24392,MRS.,MOLLY,PRASAD,10/24/1956,S,F,molly9@adventure-works.com,"$60,000 ",2,High School,Professional,N
24393,MR.,JOSEPH,JOHNSON,6/18/1932,S,M,joseph7@adventure-works.com,"$50,000 ",2,Graduate Degree,Management,Y
24394,MR.,DREW,RAJI,1/27/1965,M,M,drew22@adventure-works.com,"$110,000 ",2,Bachelors,Management,Y
24395,MRS.,ALISON,RAJI,5/11/1965,M,F,alison22@adventure-works.com,"$110,000 ",3,Bachelors,Management,Y
24396,MRS.,ROBYN,NAVARRO,6/4/1965,M,F,robyn8@adventure-works.com,"$120,000 ",2,Bachelors,Management,Y
24398,MR.,BRANDON,DAVIS,6/3/1965,M,M,brandon43@adventure-works.com,"$130,000 ",1,Graduate Degree,Management,Y
24399,MRS.,KATHERINE,SANCHEZ,1/19/1964,M,F,katherine3@adventure-works.com,"$80,000 ",4,Bachelors,Management,Y
24400,MRS.,KAITLYN,PARKER,6/9/1964,M,F,kaitlyn6@adventure-works.com,"$100,000 ",5,Partial College,Professional,N
24401,MR.,DOUGLAS,RANA,1/18/1964,S,M,douglas15@adventure-works.com,"$110,000 ",3,Bachelors,Management,N
24402,MR.,DEVIN,ALEXANDER,7/6/1964,S,M,devin56@adventure-works.com,"$170,000 ",0,Graduate Degree,Management,N
24403,MR.,GABRIEL,WRIGHT,10/15/1956,M,M,gabriel48@adventure-works.com,"$70,000 ",3,Partial College,Professional,Y
24404,MR.,BRYANT,CHAPMAN,6/27/1934,M,M,bryant2@adventure-works.com,"$70,000 ",4,Graduate Degree,Management,Y
24405,MRS.,TARA,RAI,4/19/1934,M,F,tara18@adventure-works.com,"$70,000 ",4,Graduate Degree,Management,Y
24406,MR.,REGINALD,VAZQUEZ,3/11/1963,M,M,reginald0@adventure-works.com,"$110,000 ",4,Bachelors,Management,Y
24407,MRS.,MAKAYLA,PETERSON,9/16/1963,M,F,makayla5@adventure-works.com,"$110,000 ",5,Bachelors,Management,Y
24408,MR.,JORDAN,DIAZ,7/10/1963,M,M,jordan19@adventure-works.com,"$110,000 ",5,Bachelors,Management,Y
24409,MR.,JACKSON,HERNANDEZ,9/22/1963,S,M,jackson50@adventure-works.com,"$120,000 ",4,Partial College,Professional,N
24410,MRS.,SARA,SANDERS,6/24/1962,S,F,sara4@adventure-works.com,"$100,000 ",1,Partial College,Professional,N
24411,MR.,JOHNATHAN,SANCHEZ,11/23/1962,M,M,johnathan19@adventure-works.com,"$110,000 ",1,Bachelors,Management,Y
24412,MRS.,ANGELICA,PATTERSON,9/1/1962,S,F,angelica10@adventure-works.com,"$120,000 ",1,Partial College,Professional,N
24413,MR.,NATHAN,LEWIS,2/21/1962,M,M,nathan57@adventure-works.com,"$120,000 ",1,High School,Professional,Y
24414,MR.,ADAM,EDWARDS,5/27/1962,S,M,adam31@adventure-works.com,"$130,000 ",1,Bachelors,Management,N
24415,MRS.,KAYLEE,WARD,1/14/1961,M,F,kaylee9@adventure-works.com,"$70,000 ",5,Partial College,Professional,Y
24416,MR.,OSCAR,JENKINS,7/15/1961,M,M,oscar15@adventure-works.com,"$90,000 ",4,High School,Professional,Y
24417,MR.,CHRISTOPHER,HARRIS,7/20/1961,S,M,christopher14@adventure-works.com,"$130,000 ",3,Bachelors,Management,N
24418,MR.,BRANDON,GARCIA,6/20/1955,S,M,brandon39@adventure-works.com,"$60,000 ",2,High School,Professional,N
24419,MRS.,KAYLEE,RIVERA,1/28/1955,M,F,kaylee13@adventure-works.com,"$70,000 ",4,High School,Professional,Y
24420,MR.,MARCUS,PRICE,10/27/1955,M,M,marcus49@adventure-works.com,"$80,000 ",3,Partial College,Professional,Y
24421,MR.,SETH,KELLY,2/27/1955,M,M,seth75@adventure-works.com,"$90,000 ",2,High School,Professional,Y
24422,,THOMAS,LAL,9/1/1935,M,NA,thomas32@adventure-works.com,"$80,000 ",4,Graduate Degree,Management,Y
24423,MRS.,ALYSSA,HARRIS,2/16/1935,M,F,alyssa13@adventure-works.com,"$130,000 ",2,Graduate Degree,Management,Y
24424,MRS.,MORGAN,RUSSELL,1/7/1936,M,F,morgan89@adventure-works.com,"$130,000 ",2,Graduate Degree,Management,Y
24425,MRS.,CHLOE,WARD,2/14/1960,S,F,chloe58@adventure-works.com,"$90,000 ",4,High School,Professional,Y
24426,MR.,JORDAN,RUSSELL,11/23/1960,M,M,jordan17@adventure-works.com,"$110,000 ",5,Partial College,Professional,Y
24427,MRS.,EVELYN,FERNANDEZ,12/8/1960,S,F,evelyn16@adventure-works.com,"$110,000 ",3,Partial College,Professional,N
24428,MRS.,HAILEY,PRICE,7/22/1960,M,F,hailey21@adventure-works.com,"$110,000 ",4,Partial College,Professional,Y
24429,MRS.,ISABELLE,HUGHES,10/24/1954,S,F,isabelle10@adventure-works.com,"$70,000 ",2,Partial High School,Skilled Manual,N
24430,MR.,DALTON,LONG,1/22/1954,S,M,dalton55@adventure-works.com,"$70,000 ",3,Partial High School,Skilled Manual,N
24431,MRS.,ABIGAIL,MORGAN,6/13/1954,M,F,abigail8@adventure-works.com,"$60,000 ",2,Partial High School,Skilled Manual,Y
24432,MR.,DALTON,REED,6/13/1954,M,M,dalton92@adventure-works.com,"$60,000 ",2,Partial High School,Skilled Manual,Y
24433,MR.,LUIS,SIMMONS,7/6/1954,M,M,luis14@adventure-works.com,"$70,000 ",3,High School,Professional,N
24434,MR.,JORDAN,BUTLER,2/8/1954,M,M,jordan11@adventure-works.com,"$70,000 ",3,High School,Professional,Y
24435,MRS.,MARIAH,HUGHES,10/26/1953,M,F,mariah16@adventure-works.com,"$70,000 ",3,Graduate Degree,Management,Y
24436,MRS.,JENNIFER,HERNANDEZ,1/20/1953,M,F,jennifer21@adventure-works.com,"$70,000 ",3,Graduate Degree,Management,Y
24437,MRS.,NICOLE,BLUE,7/7/1953,S,F,nicole31@adventure-works.com,"$70,000 ",3,Graduate Degree,Management,N
24438,MR.,XAVIER,ROBINSON,10/11/1952,M,M,xavier16@adventure-works.com,"$40,000 ",3,Partial College,Professional,Y
24439,MR.,XAVIER,WATSON,2/12/1951,M,M,xavier66@adventure-works.com,"$40,000 ",3,Partial College,Professional,Y
24440,MRS.,JORDYN,HUGHES,3/10/1951,M,F,jordyn11@adventure-works.com,"$40,000 ",3,Partial College,Professional,Y
24441,MR.,TRISTAN,BRYANT,9/25/1951,S,M,tristan18@adventure-works.com,"$40,000 ",3,Partial College,Professional,N
24442,MRS.,BRIANA,GUTIERREZ,10/15/1951,M,F,briana10@adventure-works.com,"$40,000 ",3,Partial College,Professional,Y
24443,MR.,EDGAR,SURI,8/27/1951,M,M,edgar0@adventure-works.com,"$40,000 ",3,Partial College,Professional,Y
24444,MR.,ELIJAH,GRIFFIN,7/26/1951,S,M,elijah22@adventure-works.com,"$40,000 ",3,Partial College,Professional,N
24445,MRS.,LAUREN,BROOKS,10/5/1951,M,F,lauren44@adventure-works.com,"$40,000 ",4,Partial College,Professional,N
24446,MRS.,BRIANNA,ROBINSON,4/13/1951,M,F,brianna17@adventure-works.com,"$40,000 ",4,Partial College,Professional,N
24447,MR.,CODY,MORGAN,6/10/1949,M,M,cody13@adventure-works.com,"$30,000 ",4,High School,Professional,Y
24448,MRS.,AMANDA,LOPEZ,4/8/1949,M,F,amanda64@adventure-works.com,"$30,000 ",4,High School,Professional,Y
24449,MRS.,MELANIE,SIMMONS,11/19/1949,M,F,melanie2@adventure-works.com,"$30,000 ",4,High School,Professional,Y
24450,MRS.,ISABEL,LONG,6/12/1949,M,F,isabel10@adventure-works.com,"$30,000 ",4,High School,Professional,Y
24451,MRS.,BAILEY,MORGAN,7/23/1949,M,F,bailey20@adventure-works.com,"$30,000 ",4,High School,Professional,N
24452,MRS.,MEGAN,COLEMAN,2/13/1949,M,F,megan56@adventure-works.com,"$40,000 ",4,High School,Professional,Y
24453,MRS.,CASSIE,YUAN,3/25/1964,S,F,cassie5@adventure-works.com,"$60,000 ",4,Bachelors,Professional,Y
24454,MRS.,CAROL,ZHOU,7/18/1964,S,F,carol27@adventure-works.com,"$60,000 ",4,Bachelors,Professional,Y
24455,MR.,ALEJANDRO,CHANDER,9/11/1964,M,M,alejandro40@adventure-works.com,"$60,000 ",4,Bachelors,Professional,N
24456,MR.,DANNY,RUIZ,2/21/1964,S,M,danny2@adventure-works.com,"$60,000 ",4,Bachelors,Professional,Y
24457,MRS.,MEGHAN,ALONSO,2/26/1963,S,F,meghan8@adventure-works.com,"$60,000 ",3,Bachelors,Professional,Y
24458,MR.,FREDERICK,RODRIGUEZ,6/21/1963,S,M,frederick16@adventure-works.com,"$70,000 ",0,Bachelors,Professional,Y
24459,MRS.,KRISTIN,CARSON,5/22/1962,S,F,kristin15@adventure-works.com,"$70,000 ",1,Partial College,Skilled Manual,N
24460,MR.,WILLIE,NARA,11/15/1962,S,M,willie36@adventure-works.com,"$60,000 ",1,Bachelors,Professional,N
24461,MRS.,RUTH,SAI,8/7/1962,S,F,ruth10@adventure-works.com,"$60,000 ",1,Bachelors,Professional,Y
24462,MR.,DONALD,FERNANDEZ,8/26/1962,S,M,donald17@adventure-works.com,"$60,000 ",1,Bachelors,Professional,N
24463,MRS.,KRISTEN,ZHENG,6/18/1930,M,F,kristen16@adventure-works.com,"$90,000 ",1,Graduate Degree,Management,Y
24464,MS.,JOANNA,TORRES,7/4/1966,S,F,joanna10@adventure-works.com,"$100,000 ",0,Bachelors,Professional,N
24465,MRS.,TARA,ANDERSEN,4/8/1960,M,F,tara13@adventure-works.com,"$60,000 ",1,Partial College,Skilled Manual,Y
24466,MRS.,ALEXA,TRAVERS,8/4/1960,M,F,alexa11@adventure-works.com,"$60,000 ",1,Partial College,Skilled Manual,Y
24467,MRS.,SUSAN,HE,5/27/1960,S,F,susan29@adventure-works.com,"$60,000 ",1,Partial College,Skilled Manual,N
24468,MS.,WHITNEY,PATEL,10/1/1965,S,F,whitney3@adventure-works.com,"$70,000 ",0,Bachelors,Professional,Y
24469,MR.,ROGER,ANDERSEN,6/2/1965,S,M,roger40@adventure-works.com,"$80,000 ",5,Bachelors,Professional,Y
24470,MR.,CLARENCE,LAL,6/11/1965,M,M,clarence23@adventure-works.com,"$80,000 ",5,Bachelors,Professional,Y
24471,MR.,RICARDO,CHANDE,6/3/1964,S,M,ricardo15@adventure-works.com,"$70,000 ",0,Bachelors,Professional,N
24472,MR.,JAKE,HE,10/23/1964,S,M,jake16@adventure-works.com,"$70,000 ",0,Bachelors,Professional,N
24473,MR.,MARCO,RANA,3/26/1964,S,M,marco12@adventure-works.com,"$70,000 ",0,Bachelors,Professional,N
24474,MS.,ROSA,GUO,3/26/1963,S,F,rosa17@adventure-works.com,"$70,000 ",0,Bachelors,Professional,N
24475,MR.,GILBERT,ZHOU,6/15/1963,S,M,gilbert6@adventure-works.com,"$70,000 ",0,Bachelors,Professional,N
24476,MR.,JARED,BROOKS,3/19/1961,M,M,jared3@adventure-works.com,"$60,000 ",1,Partial College,Skilled Manual,Y
24477,MR.,WARREN,ZENG,2/26/1961,S,M,warren35@adventure-works.com,"$60,000 ",1,Partial College,Skilled Manual,Y
24478,MRS.,LINDSAY,SHARMA,3/5/1961,S,F,lindsay9@adventure-works.com,"$60,000 ",1,Partial College,Skilled Manual,Y
24479,MRS.,DESIRÉE,MORENO,2/3/1961,S,F,desirée2@adventure-works.com,"$70,000 ",5,Partial College,Skilled Manual,Y
24480,MRS.,KELLI,LIU,8/22/1958,S,F,kelli4@adventure-works.com,"$90,000 ",2,Bachelors,Professional,Y
24481,MR.,DENNIS,SUN,7/17/1958,M,M,dennis14@adventure-works.com,"$90,000 ",2,Bachelors,Management,N
24482,MR.,ROY,RAMOS,8/16/1958,M,M,roy37@adventure-works.com,"$100,000 ",4,Bachelors,Management,Y
24483,MR.,ARTHUR,KAPOOR,6/16/1936,S,M,arthur3@adventure-works.com,"$30,000 ",2,Partial College,Clerical,N
24484,MR.,CHAD,ANAND,7/22/1960,M,M,chad22@adventure-works.com,"$60,000 ",1,Partial College,Skilled Manual,Y
24485,MR.,FRANKLIN,MA,9/8/1953,S,M,franklin15@adventure-works.com,"$40,000 ",2,Bachelors,Management,N
24486,MR.,RAFAEL,ZENG,8/22/1975,M,M,rafael22@adventure-works.com,"$40,000 ",0,High School,Skilled Manual,Y
24487,MS.,SAMANTHA,HARRIS,3/11/1975,S,F,samantha15@adventure-works.com,"$40,000 ",0,High School,Skilled Manual,N
24488,MR.,GAVIN,GONZALES,2/9/1975,S,M,gavin15@adventure-works.com,"$40,000 ",0,High School,Skilled Manual,N
24489,MS.,SHELBY,MURPHY,6/8/1976,S,F,shelby15@adventure-works.com,"$40,000 ",0,High School,Skilled Manual,Y
24490,MR.,DWAYNE,SUAREZ,4/6/1980,M,M,dwayne17@adventure-works.com,"$30,000 ",0,High School,Skilled Manual,Y
24491,MS.,KAITLYN,RUSSELL,5/5/1980,S,F,kaitlyn87@adventure-works.com,"$30,000 ",0,High School,Skilled Manual,N
24492,MR.,DEVIN,LOPEZ,4/4/1979,S,M,devin26@adventure-works.com,"$30,000 ",0,High School,Skilled Manual,N
24493,MR.,SETH,BENNETT,3/28/1979,S,M,seth49@adventure-works.com,"$30,000 ",0,High School,Skilled Manual,N
24494,MR.,RAFAEL,ZHOU,3/5/1937,M,M,rafael9@adventure-works.com,"$30,000 ",2,Partial College,Clerical,N
24495,MRS.,KELLIE,ORTEGA,2/14/1937,S,F,kellie19@adventure-works.com,"$30,000 ",2,Partial College,Clerical,N
24496,MS.,KATELYN,MITCHELL,4/9/1978,S,F,katelyn34@adventure-works.com,"$40,000 ",0,High School,Skilled Manual,N
24497,MS.,ABIGAIL,JAMES,3/23/1978,S,F,abigail21@adventure-works.com,"$40,000 ",0,High School,Skilled Manual,N
24498,MS.,ANGELA,WASHINGTON,4/16/1978,S,F,angela16@adventure-works.com,"$40,000 ",0,High School,Skilled Manual,N
24499,MS.,OLIVIA,LEWIS,12/2/1977,S,F,olivia20@adventure-works.com,"$30,000 ",0,Partial High School,Clerical,N
24500,MR.,SETH,JOHNSON,11/13/1977,M,M,seth1@adventure-works.com,"$40,000 ",0,High School,Skilled Manual,N
24501,MS.,VICTORIA,GARCIA,4/28/1979,S,F,victoria17@adventure-works.com,"$30,000 ",0,Partial High School,Clerical,N
24502,MR.,DEB,PRICE,8/12/1940,M,M,deb7@adventure-works.com,"$40,000 ",2,Bachelors,Management,Y
24503,MRS.,LAURA,MA,5/26/1941,M,F,laura21@adventure-works.com,"$40,000 ",2,Bachelors,Management,Y
24504,,EDDIE,NAVARRO,8/3/1941,M,NA,eddie10@adventure-works.com,"$40,000 ",2,Bachelors,Management,N
24505,MR.,CLIFFORD,GONZALEZ,12/11/1943,M,M,clifford17@adventure-works.com,"$40,000 ",2,Bachelors,Management,Y
24506,MRS.,JAIME,MUÑOZ,2/20/1943,M,F,jaime8@adventure-works.com,"$60,000 ",2,Graduate Degree,Management,Y
24507,MS.,MADISON,GARCIA,9/7/1976,S,F,madison17@adventure-works.com,"$40,000 ",0,High School,Skilled Manual,N
24508,MR.,ALEX,PHILLIPS,9/13/1976,S,M,alex34@adventure-works.com,"$40,000 ",0,High School,Skilled Manual,N
24509,MS.,EMMA,LONG,11/9/1976,S,F,emma55@adventure-works.com,"$40,000 ",0,High School,Skilled Manual,Y
24510,MR.,CHRISTIAN,MARTINEZ,7/11/1976,M,M,christian53@adventure-works.com,"$40,000 ",0,High School,Skilled Manual,N
24511,MR.,LOGAN,HALL,5/2/1976,S,M,logan49@adventure-works.com,"$40,000 ",0,Partial College,Skilled Manual,N
24512,MS.,ADRIENNE,JIMÉNEZ,8/13/1976,S,F,adrienne5@adventure-works.com,"$40,000 ",0,Partial College,Skilled Manual,Y
24513,MR.,ALEJANDRO,DENG,5/25/1976,M,M,alejandro27@adventure-works.com,"$40,000 ",0,Partial College,Skilled Manual,Y
24514,MR.,JESSE,PHILLIPS,3/17/1976,M,M,jesse30@adventure-works.com,"$40,000 ",0,Partial College,Skilled Manual,Y
24515,MR.,IAN,JONES,5/19/1976,S,M,ian4@adventure-works.com,"$40,000 ",0,Partial College,Skilled Manual,Y
24516,MS.,RACHEL,MOORE,11/13/1975,S,F,rachel10@adventure-works.com,"$40,000 ",0,High School,Skilled Manual,Y
24517,MR.,BRANDON,HARRIS,6/25/1974,S,M,brandon34@adventure-works.com,"$50,000 ",0,Partial College,Skilled Manual,N
24518,MS.,STEPHANIE,ALLEN,4/20/1974,S,F,stephanie68@adventure-works.com,"$50,000 ",0,Partial College,Skilled Manual,N
24519,MR.,CARLOS,KING,6/13/1974,M,M,carlos47@adventure-works.com,"$50,000 ",0,Partial College,Skilled Manual,Y
24520,MR.,JOSEPH,WILSON,2/22/1973,M,M,joseph13@adventure-works.com,"$60,000 ",0,Partial College,Skilled Manual,Y
24521,MS.,JORDYN,WOOD,9/12/1972,S,F,jordyn1@adventure-works.com,"$80,000 ",0,Bachelors,Management,N
24522,MR.,ALEX,PEREZ,9/9/1968,M,M,alex31@adventure-works.com,"$80,000 ",0,Bachelors,Management,N
24523,MS.,MARIAH,COLEMAN,4/17/1968,M,F,mariah10@adventure-works.com,"$80,000 ",0,Bachelors,Management,N
24524,MRS.,MEGAN,LEWIS,5/6/1968,M,F,megan24@adventure-works.com,"$90,000 ",4,Bachelors,Management,Y
24525,MR.,JAMES,NELSON,2/2/1968,M,M,james59@adventure-works.com,"$90,000 ",4,Bachelors,Management,Y
24526,MR.,JULIAN,BARNES,5/28/1967,M,M,julian4@adventure-works.com,"$100,000 ",2,Bachelors,Management,Y
24527,MR.,GAVIN,COLEMAN,7/6/1967,M,M,gavin5@adventure-works.com,"$110,000 ",0,Graduate Degree,Management,Y
24528,MS.,KATHERINE,HERNANDEZ,11/13/1967,S,F,katherine66@adventure-works.com,"$110,000 ",0,Graduate Degree,Management,N
24529,MS.,JILLIAN,MARTINEZ,7/15/1967,S,F,jillian18@adventure-works.com,"$130,000 ",0,Graduate Degree,Management,N
24530,MR.,FRANKLIN,SHE,2/22/1967,S,M,franklin19@adventure-works.com,"$160,000 ",0,Graduate Degree,Management,N
24531,MR.,ANDRES,XIE,3/18/1958,M,M,andres2@adventure-works.com,"$130,000 ",2,Bachelors,Management,N
24532,MR.,PHILLIP,PEREZ,3/25/1958,M,M,phillip22@adventure-works.com,"$130,000 ",2,Bachelors,Management,Y
24533,MR.,BLAKE,LONG,8/27/1958,S,M,blake57@adventure-works.com,"$130,000 ",2,Partial College,Professional,N
24534,MRS.,ALISHA,LUO,7/27/1958,M,F,alisha30@adventure-works.com,"$150,000 ",1,Partial College,Professional,Y
24535,MRS.,DAVID,SHEPARD,11/21/1957,M,F,david23@adventure-works.com,"$110,000 ",2,Partial College,Professional,Y
24536,MRS.,CYNTHIA,PEREZ,3/19/1957,M,F,cynthia27@adventure-works.com,"$130,000 ",2,Partial College,Professional,Y
24537,MRS.,CYNTHIA,SAUNDERS,6/28/1957,S,F,cynthia15@adventure-works.com,"$150,000 ",2,High School,Professional,N
24538,MRS.,LATASHA,DIAZ,10/21/1956,S,F,latasha3@adventure-works.com,"$100,000 ",2,Partial College,Professional,Y
24539,MR.,COLIN,ZHENG,7/18/1956,S,M,colin20@adventure-works.com,"$110,000 ",3,Partial College,Professional,N
24540,MRS.,JANET,MARTIN,12/16/1956,M,F,janet5@adventure-works.com,"$120,000 ",3,Partial High School,Professional,Y
24541,MR.,JANET,SHEPERDIGIAN,1/24/1956,M,M,janet3@adventure-works.com,"$170,000 ",3,Partial College,Professional,Y
24542,MR.,ARTURO,LIANG,8/11/1955,S,M,arturo18@adventure-works.com,"$100,000 ",2,High School,Professional,Y
24543,MR.,ARTHUR,MORENO,6/9/1955,S,M,arthur30@adventure-works.com,"$110,000 ",3,Partial College,Professional,N
24544,MRS.,KELLIE,ROMERO,7/18/1955,S,F,kellie7@adventure-works.com,"$110,000 ",3,Partial College,Professional,N
24545,MR.,DOUGLAS,RAMAN,6/6/1955,S,M,douglas16@adventure-works.com,"$170,000 ",3,High School,Professional,N
24546,MR.,ADAM,HUGHES,4/11/1954,M,M,adam9@adventure-works.com,"$80,000 ",4,Partial College,Professional,N
24547,MRS.,DANA,GOMEZ,8/23/1944,S,F,dana17@adventure-works.com,"$90,000 ",5,Partial College,Professional,Y
24548,MRS.,CRYSTAL,LIU,2/25/1944,M,F,crystal6@adventure-works.com,"$110,000 ",3,Bachelors,Management,Y
24549,MR.,DARRYL,LI,12/24/1944,S,M,darryl3@adventure-works.com,"$130,000 ",3,Bachelors,Management,N
24550,MR.,RANDY,MA,10/22/1944,M,M,randy18@adventure-works.com,"$130,000 ",3,Bachelors,Management,N
24551,MRS.,MOLLY,MALHOTRA,9/19/1945,M,F,molly5@adventure-works.com,"$60,000 ",3,Partial High School,Skilled Manual,Y
24552,MR.,ROSS,CARLSON,9/24/1945,M,M,ross36@adventure-works.com,"$70,000 ",5,High School,Professional,N
24553,MRS.,MICHELE,ASHE,7/15/1945,M,F,michele23@adventure-works.com,"$90,000 ",5,Partial College,Professional,Y
24554,MRS.,DEANNA,FERNANDEZ,5/27/1945,M,F,deanna19@adventure-works.com,"$130,000 ",4,Bachelors,Management,Y
24555,MRS.,LACEY,CHANDE,2/16/1945,M,F,lacey5@adventure-works.com,"$130,000 ",4,Partial College,Professional,Y
24556,MRS.,CLAUDIA,YANG,11/26/1946,S,F,claudia4@adventure-works.com,"$90,000 ",5,Partial College,Professional,Y
24557,MR.,FRANKLIN,LIN,3/13/1946,S,M,franklin7@adventure-works.com,"$170,000 ",4,Bachelors,Management,N
24558,MRS.,SAVANNAH,BROOKS,2/3/1954,M,F,savannah0@adventure-works.com,"$90,000 ",3,High School,Professional,Y
24559,MRS.,ADRIENNE,SUAREZ,6/5/1953,M,F,adrienne15@adventure-works.com,"$80,000 ",4,Partial College,Professional,Y
24560,MRS.,VERONICA,FERNANDEZ,6/1/1954,M,F,veronica17@adventure-works.com,"$100,000 ",3,High School,Professional,Y
24561,MR.,MEGAN,SHERMAN,12/10/1954,S,M,megan2@adventure-works.com,"$100,000 ",3,High School,Professional,N
24562,MR.,RICKY,RUBIO,10/12/1954,S,M,ricky22@adventure-works.com,"$110,000 ",3,Partial College,Professional,Y
24563,MRS.,ADRIANA,RODRIGUEZ,4/4/1954,M,F,adriana20@adventure-works.com,"$130,000 ",3,Partial College,Professional,Y
24564,MR.,JOHNNY,ANDERSEN,5/27/1953,S,M,johnny14@adventure-works.com,"$110,000 ",3,Bachelors,Management,N
24565,MR.,THEODORE,NAVARRO,6/7/1952,S,M,theodore10@adventure-works.com,"$110,000 ",4,Partial College,Professional,N
24566,MRS.,KARA,NARA,2/22/1952,S,F,kara14@adventure-works.com,"$170,000 ",4,Partial College,Professional,N
24567,MRS.,ALISON,DENG,5/8/1951,M,F,alison0@adventure-works.com,"$80,000 ",4,High School,Professional,Y
24568,MR.,JOSE,MITCHELL,1/14/1951,S,M,jose47@adventure-works.com,"$130,000 ",4,High School,Professional,N
24569,MR.,BOB,GONZALEZ,2/12/1951,M,M,bob10@adventure-works.com,"$130,000 ",4,High School,Professional,Y
24570,MRS.,KAREN,GUO,2/20/1950,S,F,karen27@adventure-works.com,"$90,000 ",4,High School,Management,Y
24571,MR.,ROBERTO,NAVARRO,8/26/1950,S,M,roberto10@adventure-works.com,"$90,000 ",4,High School,Management,Y
24572,MRS.,CAROLYN,MARTINEZ,5/28/1950,M,F,carolyn17@adventure-works.com,"$100,000 ",3,Partial College,Management,Y
24573,MR.,COLIN,RAI,9/16/1950,M,M,colin40@adventure-works.com,"$130,000 ",4,High School,Management,Y
24574,MRS.,ALISON,YUAN,6/4/1949,S,F,alison6@adventure-works.com,"$150,000 ",4,Partial College,Management,N
24575,MR.,ARTURO,ZHU,4/15/1949,S,M,arturo15@adventure-works.com,"$150,000 ",3,High School,Management,N
24576,MR.,JAKE,HU,9/16/1949,S,M,jake18@adventure-works.com,"$150,000 ",4,High School,Management,N
24577,MR.,GILBERT,LAL,2/3/1948,S,M,gilbert29@adventure-works.com,"$170,000 ",0,High School,Management,N
24578,MRS.,MEREDITH,LOPEZ,4/7/1947,S,F,meredith16@adventure-works.com,"$90,000 ",5,Partial High School,Skilled Manual,N
24579,MR.,TREVOR,ALEXANDER,8/5/1947,S,M,trevor19@adventure-works.com,"$100,000 ",3,Partial High School,Professional,N
24581,MR.,REGINALD,DIAZ,10/13/1947,M,M,reginald11@adventure-works.com,"$130,000 ",5,Partial High School,Professional,Y
24582,MRS.,MARIE,SAI,10/24/1947,M,F,marie10@adventure-works.com,"$160,000 ",5,Partial High School,Professional,N
24583,MR.,ROY,CHANDRA,8/13/1947,S,M,roy2@adventure-works.com,"$170,000 ",5,Partial High School,Professional,N
24584,MR.,RONNIE,LIANG,8/12/1975,S,M,ronnie15@adventure-works.com,"$60,000 ",0,Bachelors,Professional,N
24585,MR.,HAROLD,PATEL,8/15/1975,M,M,harold1@adventure-works.com,"$60,000 ",0,Bachelors,Professional,Y
24586,MR.,JERRY,LUO,10/20/1975,S,M,jerry6@adventure-works.com,"$70,000 ",0,Bachelors,Professional,Y
24587,MS.,SUZANNE,SUN,9/10/1975,M,F,suzanne14@adventure-works.com,"$70,000 ",0,Bachelors,Professional,Y
24589,MS.,LAURA,ZHAO,6/11/1975,S,F,laura17@adventure-works.com,"$70,000 ",0,Bachelors,Professional,N
24590,MS.,DIANA,ALONSO,1/4/1974,M,F,diana7@adventure-works.com,"$70,000 ",0,Bachelors,Professional,N
24591,MR.,DEREK,PAL,5/11/1974,S,M,derek11@adventure-works.com,"$70,000 ",0,Bachelors,Professional,N
24592,MR.,JAY,MARTINEZ,10/2/1975,S,M,jay24@adventure-works.com,"$90,000 ",0,Bachelors,Professional,N
24593,MS.,DESTINY,WATSON,9/6/1974,M,F,destiny44@adventure-works.com,"$70,000 ",0,Bachelors,Professional,N
24594,MR.,FRANKLIN,YUAN,3/23/1974,M,M,franklin25@adventure-works.com,"$70,000 ",0,Partial High School,Professional,Y
24595,MR.,KELVIN,WU,5/13/1973,S,M,kelvin26@adventure-works.com,"$80,000 ",0,Bachelors,Professional,N
24596,MS.,HEATHER,ZHAO,10/3/1973,M,F,heather9@adventure-works.com,"$80,000 ",0,Bachelors,Professional,Y
24597,MR.,LEE,DOMINGUEZ,10/18/1974,S,M,lee11@adventure-works.com,"$90,000 ",0,Bachelors,Professional,Y
24598,MR.,IRMA,SHERWOOD,9/3/1974,S,M,irma0@adventure-works.com,"$100,000 ",0,High School,Management,Y
24599,MRS.,VIRGINIA,GARCIA,8/22/1974,M,F,virginia17@adventure-works.com,"$130,000 ",4,High School,Management,Y
24600,MS.,LISA,LI,1/24/1973,M,F,lisa6@adventure-works.com,"$90,000 ",0,Bachelors,Professional,N
24601,MS.,NATASHA,MUNOZ,3/18/1973,S,F,natasha6@adventure-works.com,"$90,000 ",0,Bachelors,Professional,N
24602,MR.,PRESTON,GARCIA,6/18/1973,S,M,preston14@adventure-works.com,"$90,000 ",0,Bachelors,Professional,N
24603,MR.,JAKE,ZHU,12/25/1972,S,M,jake12@adventure-works.com,"$80,000 ",0,Bachelors,Professional,N
24604,MR.,MELVIN,RAI,1/9/1972,M,M,melvin16@adventure-works.com,"$90,000 ",0,Bachelors,Professional,Y
24605,MR.,ROGER,WANG,6/16/1972,S,M,roger6@adventure-works.com,"$100,000 ",0,High School,Management,N
24606,MS.,CASSIE,NATH,10/2/1972,M,F,cassie17@adventure-works.com,"$100,000 ",0,High School,Management,Y
24607,MS.,KRISTINE,RUIZ,1/14/1971,S,F,kristine3@adventure-works.com,"$80,000 ",0,Bachelors,Professional,N
24608,MS.,KATRINA,NARA,10/2/1972,M,F,katrina15@adventure-works.com,"$110,000 ",0,High School,Management,Y
24609,MS.,JENNY,ZHANG,4/10/1972,M,F,jenny2@adventure-works.com,"$120,000 ",0,Partial High School,Professional,N
24610,MR.,TROY,KAPOOR,11/6/1972,S,M,troy1@adventure-works.com,"$130,000 ",4,High School,Management,N
24611,MR.,PEDRO,SUAREZ,8/27/1971,S,M,pedro39@adventure-works.com,"$90,000 ",0,Bachelors,Professional,N
24612,MR.,DEVON,CHANDER,6/5/1970,S,M,devon13@adventure-works.com,"$90,000 ",0,Bachelors,Professional,Y
24613,MS.,STACY,SERRANO,9/23/1970,M,F,stacy17@adventure-works.com,"$100,000 ",0,Partial High School,Professional,Y
24614,MS.,LINDSEY,RAJE,8/15/1970,M,F,lindsey15@adventure-works.com,"$120,000 ",0,Partial High School,Professional,N
24615,MR.,DWAYNE,ORTEGA,5/19/1971,M,M,dwayne20@adventure-works.com,"$110,000 ",0,Partial High School,Professional,Y
24616,MRS.,ZOE,COOK,10/23/1949,M,F,zoe20@adventure-works.com,"$40,000 ",4,High School,Professional,Y
24617,MRS.,KELSEY,SHE,10/17/1948,M,F,kelsey0@adventure-works.com,"$30,000 ",4,High School,Professional,N
24618,,BRETT,GONZALEZ,12/11/1948,M,NA,brett18@adventure-works.com,"$30,000 ",4,High School,Professional,Y
24619,MRS.,SHELBY,KELLY,2/17/1948,S,F,shelby2@adventure-works.com,"$30,000 ",4,High School,Professional,Y
24620,MRS.,OLIVIA,MORGAN,2/22/1948,M,F,olivia30@adventure-works.com,"$30,000 ",4,High School,Professional,Y
24621,MR.,CHAD,SHAN,2/3/1937,M,M,chad12@adventure-works.com,"$40,000 ",4,High School,Professional,Y
24622,MR.,BLAKE,HALL,6/13/1937,M,M,blake24@adventure-works.com,"$50,000 ",3,Graduate Degree,Management,Y
24623,MRS.,BETH,TORRES,3/18/1938,M,F,beth14@adventure-works.com,"$60,000 ",3,Graduate Degree,Management,Y
24624,MRS.,ALLISON,MURPHY,3/27/1938,M,F,allison14@adventure-works.com,"$60,000 ",3,Graduate Degree,Management,Y
24625,MRS.,YOLANDA,NATH,6/13/1938,M,F,yolanda17@adventure-works.com,"$60,000 ",3,Graduate Degree,Management,N
24626,MR.,SETH,BRYANT,4/27/1938,M,M,seth66@adventure-works.com,"$60,000 ",3,Graduate Degree,Management,Y
24627,MR.,ERIC,EDWARDS,10/24/1939,S,M,eric43@adventure-works.com,"$60,000 ",3,Graduate Degree,Management,Y
24628,MR.,DAVID,WALKER,8/11/1939,S,M,david86@adventure-works.com,"$60,000 ",3,Graduate Degree,Management,Y
24629,MR.,SETH,PERRY,9/13/1939,M,M,seth55@adventure-works.com,"$60,000 ",3,Graduate Degree,Management,N
24630,MRS.,BRIANNA,HOWARD,4/16/1939,M,F,brianna38@adventure-works.com,"$60,000 ",3,Graduate Degree,Management,Y
24631,MRS.,HANNAH,POWELL,1/1/1939,S,F,hannah31@adventure-works.com,"$60,000 ",3,Graduate Degree,Management,Y
24632,MRS.,CATHERINE,JAMES,5/20/1940,S,F,catherine7@adventure-works.com,"$60,000 ",3,Bachelors,Management,N
24633,MR.,XAVIER,COOK,9/13/1940,M,M,xavier79@adventure-works.com,"$60,000 ",3,Bachelors,Management,N
24634,MRS.,CRYSTAL,HE,4/5/1940,M,F,crystal19@adventure-works.com,"$60,000 ",3,Bachelors,Management,Y
24635,MRS.,GABRIELLE,ROGERS,10/14/1940,S,F,gabrielle2@adventure-works.com,"$60,000 ",3,Bachelors,Management,Y
24636,MRS.,ANNA,WARD,5/2/1940,M,F,anna17@adventure-works.com,"$60,000 ",3,Graduate Degree,Management,Y
24637,MR.,NATHAN,FLORES,11/8/1941,M,M,nathan8@adventure-works.com,"$40,000 ",4,High School,Professional,Y
24638,MRS.,JULIA,LOPEZ,10/12/1941,S,F,julia18@adventure-works.com,"$40,000 ",4,High School,Professional,N
24639,MR.,IAN,MOORE,11/6/1941,M,M,ian9@adventure-works.com,"$50,000 ",3,Bachelors,Management,Y
24640,MRS.,LISA,YANG,8/22/1941,S,F,lisa8@adventure-works.com,"$50,000 ",4,Bachelors,Management,N
24641,MRS.,SARAH,POWELL,9/20/1943,M,F,sarah33@adventure-works.com,"$60,000 ",4,Bachelors,Management,Y
24642,MR.,EDWARD,RUSSELL,11/8/1943,S,M,edward68@adventure-works.com,"$60,000 ",4,Bachelors,Management,Y
24643,MRS.,JADA,CAMPBELL,7/27/1943,S,F,jada19@adventure-works.com,"$60,000 ",4,Bachelors,Management,Y
24644,MR.,SAMUEL,JOHNSTON,11/7/1943,M,M,samuel59@adventure-works.com,"$60,000 ",4,Bachelors,Management,N
24645,MR.,BRYCE,MURPHY,4/20/1943,M,M,bryce14@adventure-works.com,"$60,000 ",4,Bachelors,Management,N
24646,MR.,JUAN,MURPHY,7/12/1944,M,M,juan25@adventure-works.com,"$30,000 ",4,High School,Professional,Y
24647,MR.,JOSE,SIMMONS,4/26/1944,S,M,jose9@adventure-works.com,"$30,000 ",5,Partial High School,Clerical,N
24649,MR.,AARON,WASHINGTON,2/11/1947,M,M,aaron12@adventure-works.com,"$40,000 ",4,High School,Professional,N
24650,MRS.,JULIA,BAKER,3/7/1945,S,F,julia13@adventure-works.com,"$20,000 ",5,Partial High School,Clerical,N
24651,MR.,DAKOTA,ALEXANDER,4/7/1945,S,M,dakota15@adventure-works.com,"$20,000 ",5,Partial High School,Clerical,N
24652,MR.,LUKE,BUTLER,6/16/1945,S,M,luke3@adventure-works.com,"$20,000 ",5,Partial High School,Clerical,N
24653,MRS.,VICTORIA,BARNES,4/16/1946,M,F,victoria51@adventure-works.com,"$40,000 ",5,High School,Professional,Y
24654,MRS.,PAIGE,SIMMONS,10/13/1946,S,F,paige14@adventure-works.com,"$40,000 ",5,High School,Professional,N
24655,MRS.,TAYLOR,SANDERS,11/16/1946,M,F,taylor24@adventure-works.com,"$70,000 ",5,Bachelors,Management,Y
24656,MRS.,JULIA,MOORE,7/3/1946,M,F,julia30@adventure-works.com,"$70,000 ",5,Bachelors,Management,Y
24657,MRS.,ALYSSA,BROOKS,6/5/1947,M,F,alyssa44@adventure-works.com,"$40,000 ",2,High School,Professional,Y
24658,MRS.,JENNA,PEREZ,5/17/1947,M,F,jenna11@adventure-works.com,"$40,000 ",2,High School,Professional,N
24659,MRS.,KAITLYN,HILL,2/1/1947,M,F,kaitlyn20@adventure-works.com,"$70,000 ",2,Bachelors,Management,Y
24660,MRS.,ANNA,PERRY,11/27/1947,S,F,anna32@adventure-works.com,"$70,000 ",2,Bachelors,Management,N
24661,MRS.,MADISON,JONES,6/22/1947,S,F,madison3@adventure-works.com,"$70,000 ",2,Bachelors,Management,N
24662,MRS.,ARIANNA,PRICE,5/24/1947,S,F,arianna0@adventure-works.com,"$70,000 ",2,Bachelors,Management,N
24663,MRS.,EBONY,FERNANDEZ,2/18/1948,S,F,ebony16@adventure-works.com,"$40,000 ",2,High School,Professional,Y
24664,MR.,IAN,WASHINGTON,5/13/1948,M,M,ian54@adventure-works.com,"$40,000 ",2,High School,Professional,Y
24665,MRS.,ANGELA,MORGAN,4/6/1948,S,F,angela39@adventure-works.com,"$40,000 ",2,High School,Professional,Y
24666,MRS.,HANNAH,MARTINEZ,5/11/1948,M,F,hannah15@adventure-works.com,"$40,000 ",2,High School,Professional,N
24667,MRS.,CHLOE,DIAZ,6/24/1948,S,F,chloe87@adventure-works.com,"$60,000 ",2,Partial College,Professional,Y
24668,MRS.,KATRINA,XU,2/20/1948,M,F,katrina4@adventure-works.com,"$60,000 ",2,Partial College,Professional,Y
24669,MR.,XAVIER,PARKER,9/19/1948,M,M,xavier39@adventure-works.com,"$70,000 ",4,Bachelors,Management,Y
24670,MRS.,ALEXANDRIA,ROSS,3/2/1948,S,F,alexandria4@adventure-works.com,"$70,000 ",4,Bachelors,Management,Y
24671,MR.,CHRISTIAN,PERRY,11/14/1949,M,M,christian22@adventure-works.com,"$40,000 ",2,Partial High School,Skilled Manual,Y
24672,MR.,JEREMY,COOK,10/14/1949,M,M,jeremy41@adventure-works.com,"$60,000 ",2,Partial College,Professional,Y
24673,MRS.,PAIGE,COX,11/8/1949,M,F,paige34@adventure-works.com,"$70,000 ",4,Partial College,Professional,Y
24674,MR.,DYLAN,KUMAR,8/27/1949,M,M,dylan27@adventure-works.com,"$70,000 ",5,Partial College,Professional,Y
24675,MR.,JACKSON,NELSON,7/4/1949,S,M,jackson39@adventure-works.com,"$70,000 ",5,Partial College,Professional,Y
24676,MR.,JEREMY,ROBERTS,6/11/1950,M,M,jeremy15@adventure-works.com,"$60,000 ",2,Partial College,Professional,Y
24677,MR.,BLAKE,LEE,2/15/1950,M,M,blake22@adventure-works.com,"$60,000 ",2,Partial College,Professional,Y
24678,MR.,NATHAN,LONG,8/26/1950,S,M,nathan5@adventure-works.com,"$60,000 ",2,Partial College,Professional,Y
24679,MR.,WYATT,HERNANDEZ,2/6/1950,M,M,wyatt28@adventure-works.com,"$70,000 ",4,Partial College,Professional,Y
24680,MR.,THOMAS,FLORES,9/19/1950,S,M,thomas14@adventure-works.com,"$80,000 ",3,Bachelors,Management,N
24681,MRS.,ARIANNA,MURPHY,5/6/1950,S,F,arianna37@adventure-works.com,"$80,000 ",3,Bachelors,Management,N
24682,MRS.,FAITH,ROGERS,12/22/1951,M,F,faith35@adventure-works.com,"$60,000 ",2,High School,Professional,Y
24683,MR.,SHANNON,ALONSO,5/19/1951,M,M,shannon29@adventure-works.com,"$60,000 ",2,Partial College,Professional,Y
24684,MR.,CHARLES,MARTIN,4/21/1951,M,M,charles18@adventure-works.com,"$60,000 ",2,Partial College,Professional,Y
24685,MR.,JORDAN,KUMAR,6/3/1951,M,M,jordan24@adventure-works.com,"$60,000 ",2,Partial College,Professional,Y
24686,MRS.,MELISSA,MURPHY,7/18/1952,S,F,melissa37@adventure-works.com,"$70,000 ",2,Partial High School,Skilled Manual,Y
24687,MRS.,JOAN,ROSS,8/18/1952,S,F,joan5@adventure-works.com,"$70,000 ",2,Partial High School,Skilled Manual,Y
24688,MRS.,ASHLEY,LONG,2/3/1953,M,F,ashley36@adventure-works.com,"$60,000 ",3,Partial High School,Skilled Manual,N
24689,MS.,SANDRA,YE,1/26/1974,M,F,sandra16@adventure-works.com,"$30,000 ",0,Partial College,Clerical,N
24690,MR.,CHRISTIAN,LONG,3/10/1980,S,M,christian24@adventure-works.com,"$20,000 ",0,Partial High School,Manual,Y
24691,MS.,MEREDITH,CARLSON,5/17/1980,M,F,meredith42@adventure-works.com,"$20,000 ",0,Partial High School,Manual,Y
24692,MS.,LAURA,HE,3/8/1980,M,F,laura24@adventure-works.com,"$20,000 ",0,Partial High School,Manual,Y
24693,MS.,ALEXANDRA,ROGERS,10/16/1979,S,F,alexandra8@adventure-works.com,"$30,000 ",0,Partial College,Clerical,Y
24694,MR.,THEODORE,CARLSON,10/6/1978,S,M,theodore19@adventure-works.com,"$30,000 ",0,High School,Manual,N
24695,MR.,OMAR,ZHOU,11/2/1978,S,M,omar8@adventure-works.com,"$30,000 ",0,High School,Manual,N
24696,MS.,TASHA,XIE,10/26/1978,S,F,tasha3@adventure-works.com,"$30,000 ",0,High School,Manual,N
24697,MR.,MANUEL,RODRIGUEZ,11/14/1974,M,M,manuel17@adventure-works.com,"$40,000 ",1,Bachelors,Skilled Manual,Y
24698,MR.,BLAKE,CARTER,5/23/1973,S,M,blake37@adventure-works.com,"$30,000 ",0,High School,Manual,Y
24699,MS.,REBEKAH,RUBIO,10/13/1972,S,F,rebekah41@adventure-works.com,"$20,000 ",0,Partial High School,Manual,N
24700,MR.,GARY,ALVAREZ,3/28/1973,S,M,gary15@adventure-works.com,"$30,000 ",0,High School,Manual,N
24701,MR.,MARCO,FERNANDEZ,4/14/1973,M,M,marco16@adventure-works.com,"$40,000 ",1,Bachelors,Skilled Manual,Y
24702,MS.,KARI,RAMOS,6/27/1973,S,F,kari38@adventure-works.com,"$40,000 ",0,Graduate Degree,Skilled Manual,N
24703,MR.,JONATHAN,WHITE,7/8/1972,M,M,jonathan66@adventure-works.com,"$20,000 ",0,Partial High School,Manual,Y
24704,MR.,ALLEN,SCHMIDT,3/13/1972,M,M,allen8@adventure-works.com,"$20,000 ",0,Partial High School,Manual,Y
24705,MS.,DANIEL,SHIMSHONI,3/18/1972,S,F,daniel1@adventure-works.com,"$30,000 ",0,High School,Manual,Y
24706,MS.,VIRGINIA,RANA,2/8/1972,S,F,virginia13@adventure-works.com,"$30,000 ",0,High School,Manual,N
24707,MR.,SHAUN,PAL,8/18/1972,S,M,shaun13@adventure-works.com,"$30,000 ",0,High School,Manual,Y
24708,MR.,COREY,CHANDER,7/27/1972,S,M,corey14@adventure-works.com,"$30,000 ",0,High School,Manual,N
24709,MRS.,NANCY,PRASAD,9/18/1972,M,F,nancy12@adventure-works.com,"$40,000 ",1,Bachelors,Skilled Manual,Y
24710,MRS.,BRANDY,MALHOTRA,6/14/1972,M,F,brandy0@adventure-works.com,"$40,000 ",1,Bachelors,Skilled Manual,Y
24711,MRS.,REBEKAH,HERNANDEZ,4/22/1972,S,F,rebekah24@adventure-works.com,"$40,000 ",1,Partial College,Clerical,N
24712,MRS.,CARLY,KUMAR,4/4/1972,M,F,carly7@adventure-works.com,"$40,000 ",2,Partial College,Clerical,Y
24713,MR.,JEREMY,BROOKS,7/5/1916,S,M,jeremy33@adventure-works.com,"$10,000 ",4,Partial High School,Manual,N
24714,MS.,WHITNEY,RODRIGUEZ,9/25/1971,S,F,whitney18@adventure-works.com,"$20,000 ",0,Partial High School,Manual,Y
24715,MS.,KELLI,NATH,3/4/1971,S,F,kelli41@adventure-works.com,"$20,000 ",0,Partial High School,Manual,N
24716,MR.,COLIN,LIU,10/17/1971,M,M,colin4@adventure-works.com,"$30,000 ",0,High School,Manual,N
24717,MR.,DAMIEN,ANAND,6/20/1971,S,M,damien37@adventure-works.com,"$30,000 ",0,High School,Manual,N
24718,MR.,TERRENCE,BLACK,6/8/1971,S,M,terrence21@adventure-works.com,"$40,000 ",2,Partial College,Clerical,Y
24719,MRS.,SUSAN,ZHENG,4/15/1971,M,F,susan30@adventure-works.com,"$40,000 ",2,Partial College,Clerical,Y
24720,MRS.,DEANNA,ALVAREZ,11/3/1971,S,F,deanna30@adventure-works.com,"$40,000 ",2,Partial College,Clerical,Y
24721,MRS.,MANDY,ZHENG,11/6/1971,M,F,mandy21@adventure-works.com,"$40,000 ",2,Partial College,Clerical,Y
24722,MR.,HUNTER,ROSS,3/15/1970,S,M,hunter0@adventure-works.com,"$40,000 ",2,Partial College,Clerical,Y
24723,MRS.,SHAWNA,PAL,8/7/1970,M,F,shawna13@adventure-works.com,"$40,000 ",2,Partial College,Clerical,Y
24724,MR.,ALFREDO,GUTIERREZ,12/14/1970,M,M,alfredo12@adventure-works.com,"$40,000 ",2,Partial College,Clerical,Y
24725,MRS.,BAILEY,YOUNG,5/5/1975,M,F,bailey37@adventure-works.com,"$40,000 ",3,Partial College,Clerical,Y
24726,MRS.,MARISSA,HUGHES,6/6/1975,M,F,marissa8@adventure-works.com,"$40,000 ",3,Partial College,Clerical,Y
24727,MRS.,MALLORY,JIMENEZ,3/3/1974,M,F,mallory13@adventure-works.com,"$40,000 ",3,Partial College,Clerical,Y
24728,MS.,JULIA,DIAZ,8/11/1974,S,F,julia88@adventure-works.com,"$50,000 ",0,Graduate Degree,Skilled Manual,N
24729,MR.,CHASE,MURPHY,7/26/1974,S,M,chase15@adventure-works.com,"$50,000 ",0,Graduate Degree,Skilled Manual,N
24730,MR.,ANTHONY,MOORE,11/3/1975,M,M,anthony17@adventure-works.com,"$40,000 ",4,Partial College,Clerical,Y
24731,MR.,EVAN,MITCHELL,10/14/1975,M,M,evan36@adventure-works.com,"$40,000 ",4,Partial College,Clerical,Y
24732,MR.,WYATT,DAVIS,11/25/1930,M,M,wyatt5@adventure-works.com,"$30,000 ",1,Bachelors,Skilled Manual,Y
24733,MR.,LUKE,FLORES,6/23/1966,S,M,luke1@adventure-works.com,"$80,000 ",0,Graduate Degree,Skilled Manual,N
24734,MR.,JACK,TURNER,10/5/1966,S,M,jack40@adventure-works.com,"$80,000 ",0,Graduate Degree,Skilled Manual,Y
24735,MS.,MADISON,POWELL,5/14/1966,S,F,madison44@adventure-works.com,"$80,000 ",0,Graduate Degree,Skilled Manual,Y
24736,MRS.,SAVANNAH,RAMIREZ,1/18/1954,S,F,savannah5@adventure-works.com,"$20,000 ",3,Partial High School,Clerical,Y
24737,MRS.,ANGELA,BAILEY,10/12/1954,S,F,angela42@adventure-works.com,"$20,000 ",3,Partial High School,Clerical,Y
24738,MRS.,HANNAH,DAVIS,9/17/1954,M,F,hannah6@adventure-works.com,"$40,000 ",1,Partial College,Clerical,Y
24739,MR.,DALTON,SANDERS,3/13/1954,M,M,dalton73@adventure-works.com,"$40,000 ",1,Partial College,Clerical,Y
24740,MRS.,SHELBY,COOPER,7/14/1955,S,F,shelby9@adventure-works.com,"$20,000 ",3,Partial High School,Clerical,N
24741,MRS.,BRITTANY,PERRY,6/9/1955,S,F,brittany6@adventure-works.com,"$20,000 ",3,Partial High School,Clerical,N
24742,MRS.,RACHEL,RAMIREZ,3/14/1955,S,F,rachel43@adventure-works.com,"$30,000 ",1,High School,Clerical,N
24743,MRS.,CHLOE,COLEMAN,5/26/1956,S,F,chloe72@adventure-works.com,"$30,000 ",2,High School,Skilled Manual,N
24744,MR.,BRENDAN,YUAN,5/15/1956,M,M,brendan5@adventure-works.com,"$30,000 ",2,High School,Skilled Manual,Y
24745,MRS.,JENNIFER,WARD,10/10/1956,S,F,jennifer66@adventure-works.com,"$30,000 ",2,High School,Skilled Manual,N
24746,MR.,IAN,RUSSELL,8/14/1957,S,M,ian60@adventure-works.com,"$20,000 ",2,Partial High School,Clerical,Y
24747,MR.,DAKOTA,POWELL,8/25/1957,S,M,dakota7@adventure-works.com,"$20,000 ",2,Partial High School,Clerical,Y
24748,MR.,JOSE,COLLINS,4/26/1957,M,M,jose40@adventure-works.com,"$20,000 ",2,Partial High School,Clerical,Y
24749,MR.,MARSHALL,GUO,9/27/1957,M,M,marshall16@adventure-works.com,"$20,000 ",2,Partial High School,Clerical,Y
24750,MRS.,DESTINY,BARNES,11/13/1957,M,F,destiny51@adventure-works.com,"$20,000 ",2,Partial High School,Clerical,Y
24751,MRS.,ANGELA,HOWARD,3/19/1957,M,F,angela37@adventure-works.com,"$30,000 ",2,High School,Skilled Manual,Y
24752,MR.,CAMERON,JACKSON,11/2/1958,S,M,cameron30@adventure-works.com,"$30,000 ",2,High School,Skilled Manual,Y
24753,MR.,EDUARDO,JENKINS,6/24/1958,S,M,eduardo51@adventure-works.com,"$30,000 ",2,High School,Skilled Manual,Y
24754,MRS.,HALEY,RIVERA,12/5/1958,M,F,haley8@adventure-works.com,"$40,000 ",1,Partial College,Clerical,Y
24755,MR.,SEAN,SCOTT,4/3/1958,M,M,sean44@adventure-works.com,"$40,000 ",1,Partial College,Clerical,Y
24756,MR.,CARLOS,BELL,8/5/1958,M,M,carlos16@adventure-works.com,"$40,000 ",1,Partial College,Clerical,Y
24757,MRS.,ALISHA,SHE,1/10/1958,M,F,alisha24@adventure-works.com,"$40,000 ",1,Partial College,Clerical,Y
24758,MRS.,GABRIELLA,ADAMS,12/11/1959,M,F,gabriella39@adventure-works.com,"$40,000 ",2,Partial College,Clerical,N
24759,MRS.,BROOKE,STEWART,4/17/1959,S,F,brooke21@adventure-works.com,"$40,000 ",2,Partial College,Clerical,N
24760,MR.,JULIAN,COLEMAN,8/6/1959,S,M,julian7@adventure-works.com,"$40,000 ",2,Partial College,Clerical,Y
24761,MR.,LAWRENCE,RUBIO,5/25/1959,S,M,lawrence20@adventure-works.com,"$40,000 ",2,Partial College,Clerical,Y
24762,MR.,WARREN,XU,5/28/1972,S,M,warren28@adventure-works.com,"$50,000 ",0,Graduate Degree,Skilled Manual,Y
24763,MR.,FERNANDO,HILL,10/21/1973,S,M,fernando28@adventure-works.com,"$40,000 ",0,Graduate Degree,Skilled Manual,N
24764,MS.,ABIGAIL,HUGHES,8/4/1973,M,F,abigail36@adventure-works.com,"$40,000 ",0,Graduate Degree,Skilled Manual,Y
24765,MRS.,MORGAN,ALEXANDER,2/26/1973,S,F,morgan88@adventure-works.com,"$40,000 ",1,Graduate Degree,Skilled Manual,Y
24766,MR.,CHRISTIAN,WHITE,7/18/1973,M,M,christian48@adventure-works.com,"$40,000 ",1,Graduate Degree,Skilled Manual,Y
24767,MRS.,LAUREN,JACKSON,3/10/1973,M,F,lauren30@adventure-works.com,"$40,000 ",1,Graduate Degree,Skilled Manual,Y
24768,MR.,JORDAN,ROSS,10/14/1973,M,M,jordan0@adventure-works.com,"$40,000 ",1,Graduate Degree,Skilled Manual,N
24769,MR.,BRENDAN,LAL,7/11/1973,S,M,brendan7@adventure-works.com,"$40,000 ",1,Graduate Degree,Skilled Manual,Y
24770,MR.,ISAAC,WRIGHT,11/13/1973,M,M,isaac43@adventure-works.com,"$60,000 ",1,Graduate Degree,Skilled Manual,Y
24771,MR.,SAMUEL,HARRIS,8/19/1972,M,M,samuel70@adventure-works.com,"$50,000 ",1,Graduate Degree,Skilled Manual,Y
24772,MR.,GREG,RUSSELL,5/22/1972,M,M,greg7@adventure-works.com,"$50,000 ",1,Graduate Degree,Skilled Manual,Y
24773,MRS.,GRACE,STEWART,6/23/1971,M,F,grace25@adventure-works.com,"$70,000 ",1,Graduate Degree,Skilled Manual,Y
24774,MR.,XAVIER,GONZALES,3/22/1971,S,M,xavier57@adventure-works.com,"$70,000 ",1,Graduate Degree,Skilled Manual,Y
24775,MRS.,ALEXANDRA,ALEXANDER,12/27/1971,M,F,alexandra40@adventure-works.com,"$70,000 ",1,Graduate Degree,Skilled Manual,Y
24776,MRS.,SAMANTHA,PERRY,10/5/1971,M,F,samantha33@adventure-works.com,"$70,000 ",1,Graduate Degree,Skilled Manual,Y
24777,MR.,ERIC,ADAMS,2/3/1971,M,M,eric57@adventure-works.com,"$70,000 ",1,Graduate Degree,Skilled Manual,N
24778,MR.,SEAN,BAKER,10/14/1971,M,M,sean39@adventure-works.com,"$70,000 ",1,Graduate Degree,Skilled Manual,Y
24779,MRS.,MORGAN,LEE,5/7/1971,M,F,morgan43@adventure-works.com,"$70,000 ",1,Graduate Degree,Skilled Manual,Y
24780,MRS.,COURTNEY,HALL,7/21/1971,M,F,courtney18@adventure-works.com,"$70,000 ",1,Graduate Degree,Skilled Manual,Y
24781,MRS.,CARMEN,GARCIA,10/22/1972,M,F,carmen0@adventure-works.com,"$50,000 ",1,Graduate Degree,Skilled Manual,Y
24782,MRS.,NICOLE,MORRIS,2/7/1972,M,F,nicole27@adventure-works.com,"$60,000 ",1,Graduate Degree,Skilled Manual,Y
24783,MR.,BARRY,RAMAN,8/4/1972,M,M,barry13@adventure-works.com,"$60,000 ",1,Graduate Degree,Skilled Manual,Y
24784,MRS.,MEGAN,KELLY,5/12/1972,S,F,megan48@adventure-works.com,"$70,000 ",1,Graduate Degree,Professional,N
24785,MR.,CODY,MORRIS,2/28/1970,M,M,cody18@adventure-works.com,"$40,000 ",1,Bachelors,Skilled Manual,Y
24786,MRS.,HALEY,ADAMS,1/24/1970,M,F,haley52@adventure-works.com,"$40,000 ",1,Bachelors,Skilled Manual,Y
24787,MRS.,ANDREA,WATSON,12/25/1970,M,F,andrea9@adventure-works.com,"$40,000 ",1,Bachelors,Skilled Manual,Y
24788,MRS.,ASHLEY,BENNETT,10/2/1970,M,F,ashley27@adventure-works.com,"$40,000 ",1,Bachelors,Skilled Manual,Y
24789,MRS.,TAMARA,HU,6/12/1970,M,F,tamara9@adventure-works.com,"$40,000 ",1,Bachelors,Skilled Manual,Y
24790,MRS.,REBEKAH,NAVARRO,8/6/1970,M,F,rebekah30@adventure-works.com,"$40,000 ",1,Bachelors,Skilled Manual,Y
24791,MRS.,TERESA,ORTEGA,5/25/1970,M,F,teresa21@adventure-works.com,"$40,000 ",1,Bachelors,Skilled Manual,Y
24792,MR.,CLIFFORD,MALHOTRA,10/17/1970,M,M,clifford5@adventure-works.com,"$40,000 ",1,Bachelors,Skilled Manual,Y
24793,MR.,COLE,MORGAN,7/7/1970,M,M,cole13@adventure-works.com,"$40,000 ",1,Bachelors,Skilled Manual,Y
24794,MR.,CODY,SANCHEZ,10/3/1969,M,M,cody17@adventure-works.com,"$60,000 ",1,Bachelors,Skilled Manual,Y
24795,MRS.,ALEXANDRA,LEWIS,11/22/1969,M,F,alexandra85@adventure-works.com,"$60,000 ",2,Bachelors,Skilled Manual,Y
24796,MRS.,JESSICA,SIMMONS,11/19/1969,M,F,jessica39@adventure-works.com,"$60,000 ",2,Bachelors,Skilled Manual,Y
24797,MR.,DYLAN,FLORES,11/5/1969,S,M,dylan11@adventure-works.com,"$60,000 ",2,Bachelors,Skilled Manual,N
24798,MR.,LAWRENCE,MORENO,5/27/1969,S,M,lawrence4@adventure-works.com,"$60,000 ",2,Bachelors,Skilled Manual,Y
24799,MR.,BYRON,SANZ,11/5/1969,S,M,byron14@adventure-works.com,"$60,000 ",2,Bachelors,Skilled Manual,Y
24800,MR.,EDUARDO,YOUNG,6/15/1971,S,M,eduardo25@adventure-works.com,"$60,000 ",1,Graduate Degree,Professional,N
24801,MR.,CHASE,BAILEY,7/11/1971,S,M,chase16@adventure-works.com,"$60,000 ",1,Graduate Degree,Professional,Y
24802,MR.,TIMOTHY,ALLEN,3/3/1971,S,M,timothy41@adventure-works.com,"$70,000 ",3,Graduate Degree,Professional,Y
24803,MRS.,ANNA,DIAZ,9/23/1968,M,F,anna47@adventure-works.com,"$40,000 ",4,High School,Skilled Manual,Y
24804,,TONYA,RAJI,9/19/1968,M,NA,tonya21@adventure-works.com,"$70,000 ",2,Bachelors,Skilled Manual,Y
24805,MRS.,DONNA,LUO,11/18/1967,M,F,donna5@adventure-works.com,"$40,000 ",5,High School,Skilled Manual,Y
24806,MRS.,FAITH,RUSSELL,3/25/1970,M,F,faith19@adventure-works.com,"$70,000 ",4,Graduate Degree,Professional,Y
24807,MRS.,ANNE,MORENO,4/25/1970,M,F,anne7@adventure-works.com,"$70,000 ",4,Graduate Degree,Professional,N
24808,MR.,ERIC,PEREZ,4/25/1970,M,M,eric45@adventure-works.com,"$70,000 ",4,Graduate Degree,Professional,N
24809,MRS.,ALYSSA,MOORE,3/9/1970,M,F,alyssa7@adventure-works.com,"$70,000 ",4,Graduate Degree,Professional,Y
24810,MRS.,ALYSSA,RICHARDSON,2/16/1967,M,F,alyssa36@adventure-works.com,"$50,000 ",2,Bachelors,Skilled Manual,Y
24811,MRS.,TRINITY,RAMIREZ,7/12/1967,S,F,trinity6@adventure-works.com,"$50,000 ",2,Bachelors,Skilled Manual,N
24812,MR.,JOHNATHAN,SAI,8/18/1966,M,M,johnathan7@adventure-works.com,"$80,000 ",3,Bachelors,Skilled Manual,Y
24813,MR.,ARMANDO,SCHMIDT,10/21/1966,M,M,armando20@adventure-works.com,"$80,000 ",3,Bachelors,Skilled Manual,Y
24814,MR.,GABRIEL,WASHINGTON,5/2/1966,S,M,gabriel10@adventure-works.com,"$60,000 ",0,Graduate Degree,Professional,Y
24815,MRS.,VICTORIA,CLARK,6/14/1966,S,F,victoria18@adventure-works.com,"$70,000 ",4,Graduate Degree,Professional,Y
24816,MRS.,LAUREN,PERRY,11/19/1969,M,F,lauren55@adventure-works.com,"$60,000 ",2,Graduate Degree,Professional,N
24817,MRS.,VICTORIA,RICHARDSON,10/11/1969,M,F,victoria36@adventure-works.com,"$60,000 ",2,Graduate Degree,Professional,Y
24818,MRS.,DIANE,RUBIO,3/18/1969,M,F,diane26@adventure-works.com,"$70,000 ",5,Graduate Degree,Professional,Y
24819,MR.,JACK,SHAN,8/16/1969,M,M,jack32@adventure-works.com,"$70,000 ",5,Graduate Degree,Professional,Y
24820,MR.,DAVID,CLARK,10/12/1969,M,M,david82@adventure-works.com,"$70,000 ",5,Graduate Degree,Professional,Y
24821,MRS.,MELISSA,ALEXANDER,9/19/1969,M,F,melissa14@adventure-works.com,"$70,000 ",5,Graduate Degree,Professional,Y
24822,MRS.,PAIGE,COOK,3/11/1969,M,F,paige46@adventure-works.com,"$70,000 ",5,Graduate Degree,Professional,Y
24823,MR.,VINCENT,ZHAO,8/17/1969,M,M,vincent10@adventure-works.com,"$70,000 ",5,Graduate Degree,Professional,Y
24824,MS.,ALEXANDRIA,WOOD,9/8/1965,S,F,alexandria2@adventure-works.com,"$40,000 ",0,Bachelors,Professional,Y
24825,MRS.,ZOE,SANDERS,4/19/1965,M,F,zoe3@adventure-works.com,"$50,000 ",3,Bachelors,Skilled Manual,Y
24826,MR.,RICHARD,POWELL,8/25/1965,M,M,richard63@adventure-works.com,"$50,000 ",3,Bachelors,Skilled Manual,N
24827,MR.,ALEXANDER,MARTINEZ,6/10/1965,M,M,alexander21@adventure-works.com,"$50,000 ",3,Bachelors,Skilled Manual,Y
24828,MS.,BROOKE,REED,3/3/1965,S,F,brooke18@adventure-works.com,"$60,000 ",0,Graduate Degree,Professional,Y
24829,MR.,ETHAN,PATTERSON,2/24/1965,M,M,ethan7@adventure-works.com,"$60,000 ",0,Graduate Degree,Professional,N
24830,MS.,ALEXANDRA,COX,9/8/1965,M,F,alexandra14@adventure-works.com,"$60,000 ",0,Graduate Degree,Professional,Y
24831,MR.,JACKSON,DIAZ,7/13/1965,S,M,jackson23@adventure-works.com,"$60,000 ",0,Graduate Degree,Professional,Y
24832,MS.,MORGAN,MARTIN,8/2/1965,M,F,morgan36@adventure-works.com,"$60,000 ",0,Graduate Degree,Professional,N
24833,MS.,DEANNA,RUIZ,2/18/1968,S,F,deanna27@adventure-works.com,"$40,000 ",0,Graduate Degree,Clerical,Y
24834,MS.,BETHANY,JAI,3/6/1968,M,F,bethany14@adventure-works.com,"$40,000 ",0,Graduate Degree,Clerical,Y
24835,MR.,ANGEL,MORGAN,10/27/1968,S,M,angel13@adventure-works.com,"$40,000 ",0,Graduate Degree,Clerical,Y
24836,MRS.,TAYLOR,ROBINSON,6/15/1925,S,F,taylor65@adventure-works.com,"$10,000 ",4,Partial College,Manual,N
24837,MR.,WYATT,LEWIS,11/6/1957,S,M,wyatt22@adventure-works.com,"$130,000 ",2,Partial College,Professional,N
24838,MR.,ELIJAH,YOUNG,5/26/1957,S,M,elijah42@adventure-works.com,"$130,000 ",3,Partial College,Professional,N
24839,MRS.,TAMARA,GOLDBERG,6/17/1956,S,F,tamara29@adventure-works.com,"$120,000 ",3,High School,Professional,N
24840,MR.,MARCO,SAI,12/11/1956,M,M,marco6@adventure-works.com,"$120,000 ",3,Partial High School,Professional,N
24841,MR.,ANDRES,JAI,11/5/1955,M,M,andres8@adventure-works.com,"$90,000 ",2,High School,Professional,Y
24842,MRS.,MONIQUE,ALONSO,5/22/1955,S,F,monique4@adventure-works.com,"$90,000 ",3,High School,Professional,N
24843,MR.,BRYANT,SUBRAM,4/25/1955,M,M,bryant12@adventure-works.com,"$130,000 ",3,Partial College,Professional,N
24844,MRS.,MARIA,WARD,9/1/1944,S,F,maria15@adventure-works.com,"$70,000 ",5,High School,Professional,Y
24845,MR.,TYRONE,JIMENEZ,11/16/1944,M,M,tyrone5@adventure-works.com,"$70,000 ",5,High School,Professional,Y
24846,MRS.,NAOMI,NAVARRO,8/17/1944,S,F,naomi10@adventure-works.com,"$80,000 ",5,Bachelors,Management,N
24847,MRS.,TONYA,NATH,7/18/1944,M,F,tonya18@adventure-works.com,"$130,000 ",3,Bachelors,Management,Y
24848,MR.,JEFFERY,ZHOU,5/26/1945,M,M,jeffery9@adventure-works.com,"$70,000 ",5,High School,Professional,Y
24849,MRS.,BRIANNA,WARD,8/9/1946,M,F,brianna39@adventure-works.com,"$100,000 ",2,Bachelors,Management,N
24850,MR.,EMMANUEL,PEREZ,7/2/1946,M,M,emmanuel19@adventure-works.com,"$120,000 ",4,Bachelors,Management,Y
24851,,LESLIE,ORTEGA,6/8/1946,M,NA,leslie22@adventure-works.com,"$130,000 ",4,Partial College,Professional,Y
24852,MRS.,CARLA,MARTINEZ,1/3/1946,M,F,carla20@adventure-works.com,"$170,000 ",4,Bachelors,Management,Y
24853,MR.,MIGUEL,LONG,4/4/1954,S,M,miguel56@adventure-works.com,"$80,000 ",4,Partial College,Professional,Y
24854,MRS.,EMMA,JENKINS,3/15/1954,S,F,emma53@adventure-works.com,"$110,000 ",3,Partial College,Professional,Y
24855,MRS.,KAYLEE,WRIGHT,4/25/1954,S,F,kaylee43@adventure-works.com,"$130,000 ",3,Partial College,Professional,N
24856,MRS.,CANDICE,HUANG,2/11/1954,M,F,candice12@adventure-works.com,"$130,000 ",3,Partial College,Professional,N
24857,MRS.,ANNA,HENDERSON,4/20/1954,M,F,anna29@adventure-works.com,"$130,000 ",3,High School,Professional,Y
24858,MR.,CALVIN,XIE,5/5/1954,M,M,calvin3@adventure-works.com,"$130,000 ",3,High School,Professional,Y
24859,MR.,CESAR,ARUN,9/26/1954,S,M,cesar5@adventure-works.com,"$130,000 ",3,High School,Professional,N
24860,MR.,DOUGLAS,GARCIA,10/12/1954,S,M,douglas19@adventure-works.com,"$170,000 ",0,Partial High School,Professional,N
24861,MRS.,EVELYN,VANCE,4/7/1953,M,F,evelyn4@adventure-works.com,"$90,000 ",4,Partial College,Professional,Y
24862,MRS.,TAMARA,ZHOU,6/13/1953,M,F,tamara39@adventure-works.com,"$100,000 ",3,Bachelors,Management,N
24863,MR.,WESLEY,SUN,2/11/1953,S,M,wesley13@adventure-works.com,"$100,000 ",3,Bachelors,Management,N
24864,MR.,JEFFERY,SUN,2/8/1952,M,M,jeffery13@adventure-works.com,"$90,000 ",4,Partial College,Professional,Y
24865,MRS.,ASHLEY,GRIFFIN,11/26/1952,S,F,ashley48@adventure-works.com,"$160,000 ",4,Bachelors,Management,N
24866,MR.,ALEJANDRO,NATH,2/11/1951,M,M,alejandro43@adventure-works.com,"$80,000 ",4,High School,Professional,Y
24867,MRS.,BETH,SUAREZ,5/17/1951,S,F,beth21@adventure-works.com,"$90,000 ",4,High School,Professional,Y
24868,MR.,DARRYL,HU,9/22/1951,M,M,darryl20@adventure-works.com,"$130,000 ",4,High School,Professional,Y
24869,MR.,MISTY,SHOCK,4/12/1951,M,M,misty0@adventure-works.com,"$130,000 ",4,High School,Professional,N
24870,MRS.,TAYLOR,MORGAN,3/14/1951,M,F,taylor6@adventure-works.com,"$150,000 ",4,Bachelors,Management,Y
24871,MRS.,KELSEY,LUO,5/24/1950,S,F,kelsey5@adventure-works.com,"$90,000 ",4,High School,Management,N
24872,MRS.,ALISHA,RAJE,10/3/1950,S,F,alisha38@adventure-works.com,"$90,000 ",4,High School,Management,Y
24873,MRS.,ALISHA,LI,4/2/1950,S,F,alisha3@adventure-works.com,"$110,000 ",4,Partial College,Management,N
24874,MRS.,WENDY,MORENO,3/16/1949,M,F,wendy6@adventure-works.com,"$90,000 ",4,High School,Management,N
24875,MR.,DARRYL,ZHANG,5/21/1949,S,M,darryl0@adventure-works.com,"$90,000 ",4,High School,Management,Y
24876,MR.,JARROD,SUBRAM,7/22/1949,S,M,jarrod13@adventure-works.com,"$130,000 ",4,High School,Management,N
24877,MRS.,MANDY,ZHAO,6/5/1948,M,F,mandy12@adventure-works.com,"$80,000 ",5,High School,Management,Y
24878,MRS.,SANDRA,WANG,4/13/1948,M,F,sandra7@adventure-works.com,"$90,000 ",4,High School,Management,Y
24879,MRS.,DESIREE,MUNOZ,4/11/1948,M,F,desiree3@adventure-works.com,"$90,000 ",4,Partial High School,Skilled Manual,Y
24880,MRS.,SUMMER,CHANDRA,3/8/1948,M,F,summer2@adventure-works.com,"$110,000 ",4,High School,Management,Y
24881,MRS.,TASHA,ASHE,2/24/1948,M,F,tasha22@adventure-works.com,"$150,000 ",4,High School,Management,Y
24882,MRS.,MEREDITH,SRINI,10/28/1947,M,F,meredith7@adventure-works.com,"$90,000 ",5,Partial High School,Skilled Manual,N
24883,MRS.,STACEY,LIN,3/26/1947,S,F,stacey8@adventure-works.com,"$100,000 ",4,Partial High School,Professional,N
24884,MS.,MICHELE,FERNANDEZ,8/19/1975,M,F,michele29@adventure-works.com,"$60,000 ",0,Bachelors,Professional,Y
24885,MR.,COREY,XIE,11/2/1975,S,M,corey3@adventure-works.com,"$60,000 ",0,Bachelors,Professional,Y
24886,MS.,JOY,ROMERO,1/6/1975,S,F,joy10@adventure-works.com,"$60,000 ",0,Bachelors,Professional,Y
24887,MR.,MICAH,SUN,5/5/1975,S,M,micah0@adventure-works.com,"$70,000 ",0,Bachelors,Professional,N
24888,MR.,ROY,SRINI,1/11/1975,S,M,roy9@adventure-works.com,"$70,000 ",0,Bachelors,Professional,N
24889,MS.,KELLI,SHE,12/20/1975,M,F,kelli23@adventure-works.com,"$70,000 ",0,Bachelors,Professional,Y
24890,MS.,BRENDA,VAN,1/10/1976,S,F,brenda7@adventure-works.com,"$70,000 ",0,Bachelors,Professional,Y
24891,MS.,BIANCA,CHEN,7/15/1976,S,F,bianca2@adventure-works.com,"$70,000 ",0,Bachelors,Professional,Y
24892,MR.,ARTHUR,ALVAREZ,4/24/1975,S,M,arthur28@adventure-works.com,"$70,000 ",0,Bachelors,Professional,N
24893,MR.,ALVIN,CHANDE,3/26/1974,S,M,alvin36@adventure-works.com,"$60,000 ",0,Bachelors,Professional,N
24894,MR.,JAIME,JAI,4/25/1974,S,M,jaime33@adventure-works.com,"$70,000 ",0,Bachelors,Professional,N
24895,MR.,DALTON,HENDERSON,11/10/1974,M,M,dalton50@adventure-works.com,"$70,000 ",0,Bachelors,Professional,N
24896,MS.,KENDRA,RAMOS,4/7/1975,S,F,kendra17@adventure-works.com,"$80,000 ",0,Bachelors,Professional,Y
24897,MR.,GLENN,HU,7/16/1974,M,M,glenn21@adventure-works.com,"$80,000 ",0,Bachelors,Professional,Y
24898,MS.,MALLORY,GOMEZ,6/13/1974,S,F,mallory9@adventure-works.com,"$80,000 ",0,Bachelors,Professional,Y
24899,MR.,VINCENT,ZHU,1/18/1973,S,M,vincent13@adventure-works.com,"$80,000 ",0,Bachelors,Professional,N
24900,MS.,EBONY,PEREZ,2/1/1974,S,F,ebony21@adventure-works.com,"$90,000 ",0,Bachelors,Professional,Y
24901,MR.,CLARENCE,SHE,4/25/1974,S,M,clarence16@adventure-works.com,"$110,000 ",0,Partial College,Management,N
24902,MS.,JILL,MURPHY,8/6/1973,S,F,jill31@adventure-works.com,"$90,000 ",0,Bachelors,Professional,Y
24903,MS.,TRACY,BLACK,4/9/1973,S,F,tracy19@adventure-works.com,"$90,000 ",0,Bachelors,Professional,N
24904,MS.,JACLYN,YUAN,10/13/1973,M,F,jaclyn30@adventure-works.com,"$90,000 ",0,Bachelors,Professional,Y
24905,MS.,KELSEY,NARA,10/22/1973,M,F,kelsey15@adventure-works.com,"$90,000 ",0,Bachelors,Professional,Y
24906,MS.,DONNA,RAJI,6/21/1972,S,F,donna19@adventure-works.com,"$80,000 ",0,Bachelors,Professional,N
24907,MS.,MEGAN,PRICE,8/27/1973,M,F,megan50@adventure-works.com,"$100,000 ",0,High School,Management,Y
24908,MR.,MARC,BLANCO,5/22/1972,S,M,marc19@adventure-works.com,"$90,000 ",0,Bachelors,Professional,Y
24909,MR.,GRANT,YUAN,12/12/1972,M,M,grant8@adventure-works.com,"$100,000 ",0,High School,Management,N
24910,MR.,TERRANCE,MADAN,8/13/1972,M,M,terrance5@adventure-works.com,"$100,000 ",0,High School,Management,Y
24911,MR.,MARTIN,MADAN,2/18/1971,S,M,martin12@adventure-works.com,"$80,000 ",0,Bachelors,Professional,N
24912,MS.,KRYSTAL,LI,11/27/1972,S,F,krystal3@adventure-works.com,"$110,000 ",0,High School,Management,N
24913,MS.,KELSEY,LAL,8/14/1971,M,F,kelsey8@adventure-works.com,"$90,000 ",0,Bachelors,Professional,N
24914,MS.,HEATHER,ZHOU,12/18/1971,M,F,heather8@adventure-works.com,"$90,000 ",0,Bachelors,Professional,N
24915,MR.,STANLEY,PATEL,3/23/1971,S,M,stanley3@adventure-works.com,"$100,000 ",0,High School,Management,Y
24916,MS.,KARA,PAL,11/16/1970,S,F,kara11@adventure-works.com,"$90,000 ",0,Bachelors,Professional,N
24917,MR.,ARTHUR,GOMEZ,7/21/1970,S,M,arthur24@adventure-works.com,"$90,000 ",0,Bachelors,Professional,N
24918,MR.,WARREN,CAI,2/20/1970,S,M,warren34@adventure-works.com,"$90,000 ",0,Bachelors,Professional,N
24919,MR.,CARL,SHAN,8/25/1970,M,M,carl10@adventure-works.com,"$100,000 ",0,Partial High School,Professional,Y
24920,MS.,AMY,CAI,10/26/1970,M,F,amy28@adventure-works.com,"$110,000 ",0,High School,Management,Y
24921,MR.,CURTIS,HE,6/3/1970,S,M,curtis15@adventure-works.com,"$120,000 ",0,Partial High School,Professional,N
24922,MS.,NAOMI,JIMENEZ,4/8/1970,M,F,naomi5@adventure-works.com,"$120,000 ",0,Partial High School,Professional,Y
24923,MS.,EBONY,SARA,4/4/1970,M,F,ebony10@adventure-works.com,"$120,000 ",0,Partial High School,Professional,N
24924,MR.,RICHARD,ANDERSON,7/18/1971,M,M,richard50@adventure-works.com,"$110,000 ",0,High School,Management,N
24925,MR.,ERICK,PEREZ,11/27/1948,S,M,erick21@adventure-works.com,"$30,000 ",4,High School,Professional,N
24926,MR.,ERIC,ROBERTS,11/6/1948,S,M,eric46@adventure-works.com,"$30,000 ",4,High School,Professional,N
24927,MRS.,KAITLYN,HARRIS,7/11/1948,S,F,kaitlyn36@adventure-works.com,"$30,000 ",4,High School,Professional,N
24928,MR.,TIMOTHY,WRIGHT,4/9/1948,S,M,timothy43@adventure-works.com,"$30,000 ",4,High School,Professional,N
24929,MR.,LUCAS,BAILEY,9/10/1948,S,M,lucas87@adventure-works.com,"$30,000 ",4,High School,Professional,Y
24930,MRS.,ABIGAIL,LEWIS,12/11/1947,M,F,abigail62@adventure-works.com,"$30,000 ",4,High School,Professional,Y
24931,MRS.,BRIANNA,MILLER,8/2/1937,S,F,brianna5@adventure-works.com,"$40,000 ",4,High School,Professional,Y
24932,MR.,RICHARD,JONES,3/10/1937,M,M,richard43@adventure-works.com,"$40,000 ",4,High School,Professional,Y
24933,MRS.,REGINA,SANCHEZ,5/25/1937,S,F,regina19@adventure-works.com,"$50,000 ",3,Graduate Degree,Management,N
24934,MRS.,LINDSAY,TANG,4/22/1937,S,F,lindsay4@adventure-works.com,"$50,000 ",3,Graduate Degree,Management,N
24935,MR.,JAMES,HAYES,5/9/1938,S,M,james38@adventure-works.com,"$60,000 ",3,Graduate Degree,Management,Y
24936,MR.,CALEB,SCOTT,5/21/1938,M,M,caleb42@adventure-works.com,"$60,000 ",3,Graduate Degree,Management,Y
24937,MRS.,JORDAN,EVANS,9/21/1939,S,F,jordan29@adventure-works.com,"$60,000 ",3,Graduate Degree,Management,Y
24938,MRS.,JULIA,MARTINEZ,6/23/1939,M,F,julia39@adventure-works.com,"$60,000 ",3,Graduate Degree,Management,Y
24939,MRS.,ELIZABETH,BARNES,5/6/1939,S,F,elizabeth32@adventure-works.com,"$60,000 ",3,Graduate Degree,Management,Y
24940,MR.,FERNANDO,MARTIN,6/26/1940,M,M,fernando13@adventure-works.com,"$60,000 ",3,Bachelors,Management,Y
24941,MR.,WYATT,GARCIA,4/24/1940,M,M,wyatt17@adventure-works.com,"$60,000 ",3,Bachelors,Management,Y
24942,MR.,STEVEN,JAMES,7/24/1940,M,M,steven9@adventure-works.com,"$60,000 ",3,Bachelors,Management,N
24943,MR.,DARRELL,CHANDER,7/9/1940,M,M,darrell5@adventure-works.com,"$60,000 ",3,Bachelors,Management,Y
24944,MRS.,WHITNEY,GARCIA,9/11/1940,M,F,whitney14@adventure-works.com,"$60,000 ",3,Bachelors,Management,Y
24945,MR.,LOGAN,HARRIS,12/10/1940,M,M,logan65@adventure-works.com,"$60,000 ",3,Bachelors,Management,Y
24946,MRS.,SARAH,HUGHES,12/11/1940,S,F,sarah36@adventure-works.com,"$60,000 ",3,Graduate Degree,Management,Y
24947,MR.,AARON,PHILLIPS,2/5/1941,S,M,aaron38@adventure-works.com,"$40,000 ",4,High School,Professional,N
24948,MR.,NATHAN,CARTER,3/1/1941,M,M,nathan38@adventure-works.com,"$50,000 ",3,Bachelors,Management,Y
24949,MR.,DEVIN,HOWARD,11/10/1941,S,M,devin79@adventure-works.com,"$50,000 ",3,Bachelors,Management,Y
24950,MRS.,STEPHANIE,ALEXANDER,9/28/1941,S,F,stephanie46@adventure-works.com,"$50,000 ",4,Bachelors,Management,Y
24951,MR.,JEREMY,WARD,9/25/1943,M,M,jeremy34@adventure-works.com,"$60,000 ",4,Bachelors,Management,Y
24952,MRS.,AMANDA,LONG,9/11/1943,S,F,amanda31@adventure-works.com,"$60,000 ",4,Bachelors,Management,N
24953,MR.,AARON,GREEN,10/7/1944,M,M,aaron47@adventure-works.com,"$30,000 ",5,Partial High School,Clerical,N
24954,MR.,JONATHAN,LONG,1/6/1947,M,M,jonathan9@adventure-works.com,"$40,000 ",4,High School,Professional,Y
24955,MR.,DONALD,PEREZ,11/5/1945,S,M,donald23@adventure-works.com,"$30,000 ",5,Partial High School,Skilled Manual,Y
24956,MRS.,ARIANA,WARD,8/5/1945,M,F,ariana11@adventure-works.com,"$30,000 ",5,Partial High School,Skilled Manual,Y
24957,MRS.,ANNA,HOWARD,4/21/1945,M,F,anna16@adventure-works.com,"$30,000 ",5,Partial High School,Skilled Manual,Y
24958,,TAMARA,XU,6/4/1946,S,NA,tamara16@adventure-works.com,"$40,000 ",5,High School,Professional,N
24959,MRS.,KRISTY,BLANCO,10/17/1946,S,F,kristy14@adventure-works.com,"$70,000 ",5,Bachelors,Management,Y
24960,MRS.,BRIANNA,GRAY,2/8/1946,S,F,brianna42@adventure-works.com,"$70,000 ",5,Bachelors,Management,N
24961,MRS.,ALEXANDRA,BENNETT,7/2/1947,M,F,alexandra24@adventure-works.com,"$40,000 ",2,High School,Professional,Y
24962,MR.,JONATHAN,JAI,10/26/1947,M,M,jonathan29@adventure-works.com,"$40,000 ",2,High School,Professional,Y
24963,MRS.,ERICA,ZHAO,4/18/1947,M,F,erica10@adventure-works.com,"$40,000 ",2,High School,Professional,Y
24964,MRS.,SAMANTHA,ANDERSON,7/20/1947,M,F,samantha11@adventure-works.com,"$40,000 ",2,High School,Professional,N
24965,MR.,JUSTIN,HAYES,10/28/1947,M,M,justin20@adventure-works.com,"$40,000 ",2,High School,Professional,N
24966,MRS.,JADE,COOPER,1/9/1947,S,F,jade6@adventure-works.com,"$70,000 ",2,Bachelors,Management,N
24967,MRS.,JASMINE,REED,2/18/1948,S,F,jasmine24@adventure-works.com,"$40,000 ",2,High School,Professional,Y
24968,MR.,DALTON,MOORE,2/18/1948,M,M,dalton7@adventure-works.com,"$60,000 ",2,Partial College,Professional,Y
24969,MRS.,VANESSA,GONZALES,9/26/1948,M,F,vanessa18@adventure-works.com,"$60,000 ",2,Partial College,Professional,Y
24970,MR.,BLAKE,WRIGHT,4/18/1948,M,M,blake28@adventure-works.com,"$60,000 ",2,Partial College,Professional,Y
24971,MRS.,BRITTNEY,LIN,8/21/1948,M,F,brittney6@adventure-works.com,"$60,000 ",2,Partial College,Professional,Y
24972,MR.,EDWARD,GARCIA,9/26/1948,S,M,edward39@adventure-works.com,"$60,000 ",2,Bachelors,Management,N
24973,MRS.,ARIANNA,RIVERA,2/13/1948,M,F,arianna39@adventure-works.com,"$60,000 ",2,Bachelors,Management,Y
24974,MR.,EDUARDO,CARTER,6/1/1948,M,M,eduardo34@adventure-works.com,"$60,000 ",2,Bachelors,Management,Y
24975,MRS.,JULIA,JAMES,8/8/1949,S,F,julia61@adventure-works.com,"$60,000 ",2,Partial College,Professional,Y
24976,MRS.,STEPHANIE,COOPER,7/17/1949,M,F,stephanie14@adventure-works.com,"$60,000 ",2,Partial College,Professional,Y
24977,MRS.,SOPHIA,GREEN,7/12/1949,M,F,sophia14@adventure-works.com,"$60,000 ",2,Partial College,Professional,Y
24978,MRS.,KAYLEE,STEWART,9/15/1949,M,F,kaylee23@adventure-works.com,"$60,000 ",2,Partial College,Professional,Y
24979,MRS.,JADA,ADAMS,6/6/1949,M,F,jada25@adventure-works.com,"$60,000 ",2,Partial College,Professional,Y
24980,MRS.,SAVANNAH,PHILLIPS,7/1/1949,M,F,savannah28@adventure-works.com,"$60,000 ",2,Partial College,Professional,Y
24981,MR.,JOSE,DAVIS,5/6/1950,M,M,jose62@adventure-works.com,"$60,000 ",2,Partial College,Professional,Y
24982,MR.,DEVIN,KING,10/17/1950,M,M,devin25@adventure-works.com,"$60,000 ",2,Partial College,Professional,Y
24983,MRS.,MORGAN,GRIFFIN,8/21/1950,S,F,morgan90@adventure-works.com,"$70,000 ",4,Partial College,Professional,Y
24984,MR.,WILLIAM,MOORE,3/2/1950,M,M,william23@adventure-works.com,"$70,000 ",4,Partial College,Professional,Y
24985,MRS.,JENNA,PHILLIPS,6/4/1950,M,F,jenna5@adventure-works.com,"$80,000 ",3,Bachelors,Management,Y
24986,MRS.,ISABELLE,GRIFFIN,12/12/1951,M,F,isabelle19@adventure-works.com,"$60,000 ",2,High School,Professional,Y
24987,MR.,KRISTOPHER,CHANDRA,4/18/1951,M,M,kristopher2@adventure-works.com,"$60,000 ",2,Partial College,Professional,Y
24988,MRS.,KAYLA,DIAZ,4/10/1951,M,F,kayla46@adventure-works.com,"$70,000 ",4,Partial College,Professional,Y
24989,MRS.,ARIANNA,PETERSON,8/6/1952,M,F,arianna26@adventure-works.com,"$70,000 ",2,High School,Professional,Y
24990,MR.,TIMOTHY,COLLINS,11/19/1952,M,M,timothy27@adventure-works.com,"$70,000 ",2,High School,Professional,Y
24991,MR.,LUKE,BRYANT,5/7/1952,S,M,luke7@adventure-works.com,"$70,000 ",2,Partial High School,Skilled Manual,Y
24992,MRS.,FAITH,BRYANT,3/12/1952,M,F,faith17@adventure-works.com,"$70,000 ",2,Partial High School,Skilled Manual,Y
24993,MR.,MARVIN,ORTEGA,3/22/1952,M,M,marvin22@adventure-works.com,"$70,000 ",2,Partial High School,Skilled Manual,Y
24994,MRS.,LAUREN,SANDERS,6/23/1953,M,F,lauren46@adventure-works.com,"$60,000 ",3,High School,Professional,Y
24995,MRS.,MELISSA,PETERSON,11/19/1953,S,F,melissa27@adventure-works.com,"$60,000 ",3,High School,Professional,Y
24996,MR.,DYLAN,MILLER,3/7/1953,M,M,dylan33@adventure-works.com,"$60,000 ",3,Partial High School,Skilled Manual,Y
24997,MR.,MELVIN,KUMAR,10/1/1953,S,M,melvin8@adventure-works.com,"$60,000 ",3,Partial High School,Skilled Manual,Y
24998,MRS.,OLIVIA,MARTINEZ,4/14/1968,S,F,olivia16@adventure-works.com,"$130,000 ",1,Graduate Degree,Management,Y
24999,MR.,SHAUN,JAI,4/25/1968,S,M,shaun12@adventure-works.com,"$150,000 ",1,Graduate Degree,Management,N
25000,MS.,ALLISON,TURNER,10/18/1979,S,F,allison27@adventure-works.com,"$40,000 ",0,High School,Skilled Manual,N
25001,MR.,CLAYTON,XU,2/26/1944,M,M,clayton25@adventure-works.com,"$20,000 ",4,High School,Skilled Manual,Y
25002,MR.,LOGAN,EDWARDS,10/12/1978,M,M,logan28@adventure-works.com,"$40,000 ",0,High School,Skilled Manual,Y
25004,,SAMUEL,THOMAS,2/14/1978,S,NA,samuel67@adventure-works.com,"$30,000 ",0,Partial College,Skilled Manual,N
25005,MS.,BRIANNA,WILLIAMS,8/16/1978,S,F,brianna2@adventure-works.com,"$30,000 ",0,Partial College,Skilled Manual,N
25006,MS.,BAILEY,MURPHY,2/19/1978,S,F,bailey12@adventure-works.com,"$30,000 ",0,Partial College,Skilled Manual,Y
25007,MS.,ALYSSA,SANDERS,9/2/1978,S,F,alyssa46@adventure-works.com,"$30,000 ",0,Partial College,Skilled Manual,N
25008,MS.,HALEY,PERRY,5/20/1978,S,F,haley26@adventure-works.com,"$60,000 ",0,Partial College,Skilled Manual,N
25009,MRS.,NATASHA,ALONSO,3/6/1945,M,F,natasha7@adventure-works.com,"$10,000 ",2,Partial High School,Clerical,N
25010,MRS.,MISTY,KUMAR,5/2/1946,S,F,misty9@adventure-works.com,"$30,000 ",2,Partial College,Clerical,N
25011,MRS.,TAYLOR,WHITE,8/7/1947,M,F,taylor60@adventure-works.com,"$30,000 ",2,Partial College,Clerical,N
25012,MR.,CRAIG,MARTIN,9/19/1948,M,M,craig2@adventure-works.com,"$10,000 ",2,Partial High School,Clerical,Y
25013,MR.,MITCHELL,STONE,7/19/1948,S,M,mitchell0@adventure-works.com,"$10,000 ",2,Partial High School,Clerical,Y
25014,MR.,JUAN,REED,8/16/1978,S,M,juan30@adventure-works.com,"$60,000 ",0,Partial College,Skilled Manual,N
25015,MS.,JACQUELINE,ROGERS,8/7/1978,M,F,jacqueline44@adventure-works.com,"$70,000 ",0,Partial College,Skilled Manual,N
25016,MR.,ELIJAH,WASHINGTON,4/28/1977,S,M,elijah17@adventure-works.com,"$40,000 ",0,Bachelors,Professional,N
25017,MRS.,CRISTINA,XU,5/24/1948,M,F,cristina5@adventure-works.com,"$10,000 ",2,Partial High School,Clerical,Y
25018,MR.,LUCAS,ROBINSON,2/4/1977,S,M,lucas32@adventure-works.com,"$70,000 ",0,Partial College,Skilled Manual,Y
25019,MRS.,MISTY,SHEN,10/19/1950,M,F,misty3@adventure-works.com,"$10,000 ",2,Partial High School,Clerical,Y
25020,MR.,WALTER,ROMERO,1/7/1950,S,M,walter22@adventure-works.com,"$20,000 ",2,Partial High School,Clerical,Y
25021,MR.,EDWIN,SHARMA,2/4/1950,M,M,edwin32@adventure-works.com,"$20,000 ",2,Partial High School,Clerical,Y
25022,MRS.,PATRICIA,PEREZ,9/13/1951,M,F,patricia22@adventure-works.com,"$20,000 ",2,Partial High School,Clerical,Y
25023,MS.,CAROLYN,SANZ,3/10/1980,S,F,carolyn41@adventure-works.com,"$40,000 ",0,Bachelors,Professional,Y
25024,MR.,BRAD,PRITCHETT,6/2/1980,S,M,brad24@adventure-works.com,"$40,000 ",0,Bachelors,Professional,N
25025,MR.,SPENCER,BRYANT,12/19/1979,S,M,spencer20@adventure-works.com,"$70,000 ",0,Partial College,Skilled Manual,N
25026,MR.,MITCHELL,ANDERSEN,5/6/1952,M,M,mitchell12@adventure-works.com,"$20,000 ",2,Partial High School,Clerical,Y
25027,MRS.,MEREDITH,MEHTA,1/15/1953,M,F,meredith13@adventure-works.com,"$40,000 ",2,Partial College,Skilled Manual,N
25028,MRS.,BRENDA,GONZALEZ,3/26/1953,M,F,brenda22@adventure-works.com,"$40,000 ",2,Partial College,Skilled Manual,Y
25029,MR.,ALBERTO,HERNANDEZ,4/14/1953,S,M,alberto5@adventure-works.com,"$40,000 ",2,Partial College,Skilled Manual,Y
25030,MRS.,JESSIE,ROMERO,6/26/1953,S,F,jessie15@adventure-works.com,"$40,000 ",2,Partial College,Skilled Manual,Y
25031,MRS.,KRISTINA,MALHOTRA,11/27/1954,S,F,kristina5@adventure-works.com,"$40,000 ",3,Partial High School,Clerical,N
25032,MRS.,MEREDITH,RANA,1/17/1954,S,F,meredith10@adventure-works.com,"$40,000 ",3,Partial High School,Clerical,N
25033,MR.,OMAR,ZHU,11/12/1954,S,M,omar13@adventure-works.com,"$40,000 ",3,Partial High School,Clerical,N
25034,MRS.,ANNE,MARTIN,10/25/1955,S,F,anne1@adventure-works.com,"$80,000 ",2,Partial College,Skilled Manual,Y
25035,MRS.,MANDY,LIN,5/2/1955,S,F,mandy9@adventure-works.com,"$80,000 ",2,Partial College,Skilled Manual,N
25036,MRS.,JENNY,YE,4/16/1955,S,F,jenny12@adventure-works.com,"$80,000 ",2,Partial College,Skilled Manual,N
25037,MR.,TERRENCE,RAI,10/9/1955,M,M,terrence18@adventure-works.com,"$80,000 ",2,Partial College,Skilled Manual,N
25038,MS.,ISABELLA,HALL,1/19/1975,S,F,isabella54@adventure-works.com,"$40,000 ",0,Partial College,Skilled Manual,N
25039,MS.,ALEXIS,CLARK,2/12/1975,S,F,alexis16@adventure-works.com,"$40,000 ",0,High School,Skilled Manual,Y
25040,MR.,JULIAN,PERRY,2/21/1975,S,M,julian9@adventure-works.com,"$40,000 ",0,High School,Skilled Manual,N
25041,MR.,HUNTER,PHILLIPS,7/25/1975,S,M,hunter35@adventure-works.com,"$40,000 ",0,High School,Skilled Manual,Y
25042,MS.,ARIF,RIZALDY,8/28/1975,S,F,arif0@adventure-works.com,"$40,000 ",0,High School,Skilled Manual,N
25043,MR.,DAMIEN,RAI,2/20/1975,S,M,damien34@adventure-works.com,"$40,000 ",0,High School,Skilled Manual,Y
25044,MS.,EMMA,BAILEY,8/10/1975,S,F,emma33@adventure-works.com,"$60,000 ",0,Partial College,Skilled Manual,N
25045,MS.,PAIGE,RUSSELL,3/3/1974,M,F,paige19@adventure-works.com,"$50,000 ",0,High School,Skilled Manual,Y
25046,MR.,CALEB,LONG,9/10/1973,M,M,caleb6@adventure-works.com,"$60,000 ",0,Partial College,Skilled Manual,Y
25047,MR.,TREVOR,LONG,11/10/1973,M,M,trevor9@adventure-works.com,"$60,000 ",0,Partial College,Professional,Y
25048,MS.,YOLANDA,SHARMA,2/10/1973,S,F,yolanda8@adventure-works.com,"$70,000 ",0,Partial College,Professional,N
25049,MS.,CANDICE,YE,6/20/1973,M,F,candice15@adventure-works.com,"$70,000 ",0,Partial College,Professional,Y
25050,MR.,DARRYL,CHEN,5/6/1973,S,M,darryl2@adventure-works.com,"$70,000 ",0,Partial College,Professional,Y
25051,MRS.,SUZANNE,CAI,3/27/1956,S,F,suzanne22@adventure-works.com,"$80,000 ",2,High School,Skilled Manual,Y
25052,MRS.,SANDRA,LIN,1/24/1956,S,F,sandra14@adventure-works.com,"$80,000 ",2,High School,Skilled Manual,N
25053,MR.,COLIN,ANDERSEN,8/23/1957,M,M,colin36@adventure-works.com,"$70,000 ",2,High School,Skilled Manual,Y
25054,MRS.,SHEILA,ALONSO,3/2/1958,S,F,sheila8@adventure-works.com,"$100,000 ",1,Bachelors,Management,N
25055,MR.,ERIK,NAVARRO,2/6/1958,M,M,erik10@adventure-works.com,"$100,000 ",1,Bachelors,Management,N
25056,MR.,WAYNE,BLACK,2/19/1958,M,M,wayne22@adventure-works.com,"$100,000 ",1,Bachelors,Management,Y
25057,MR.,JEROME,GOMEZ,11/13/1959,S,M,jerome1@adventure-works.com,"$100,000 ",1,Bachelors,Management,N
25058,MR.,COREY,RAJI,1/6/1959,M,M,corey18@adventure-works.com,"$100,000 ",1,Bachelors,Management,Y
25059,MR.,SEAN,WARD,4/25/1973,S,M,sean20@adventure-works.com,"$70,000 ",0,Partial College,Professional,Y
25060,MR.,NOAH,MARTINEZ,1/17/1973,S,M,noah64@adventure-works.com,"$80,000 ",0,Bachelors,Management,N
25061,MS.,JULIA,HUGHES,7/23/1974,S,F,julia77@adventure-works.com,"$50,000 ",0,High School,Professional,N
25062,MS.,KAITLYN,YOUNG,12/20/1974,S,F,kaitlyn23@adventure-works.com,"$50,000 ",0,High School,Professional,Y
25063,MR.,DYLAN,WILLIAMS,4/19/1974,M,M,dylan37@adventure-works.com,"$50,000 ",0,Partial High School,Skilled Manual,N
25064,MR.,JAMES,HARRIS,2/18/1966,S,M,james86@adventure-works.com,"$150,000 ",0,Bachelors,Management,N
25065,MR.,THOMAS,HENDERSON,11/22/1957,M,M,thomas6@adventure-works.com,"$70,000 ",2,Partial High School,Skilled Manual,Y
25066,MR.,CHARLES,ROBINSON,5/20/1957,S,M,charles22@adventure-works.com,"$70,000 ",2,Partial High School,Skilled Manual,N
25067,MS.,MELANIE,BUTLER,11/12/1964,S,F,melanie1@adventure-works.com,"$40,000 ",0,Bachelors,Professional,N
25068,MR.,ROBERT,SHAN,6/21/1964,S,M,robert42@adventure-works.com,"$60,000 ",4,Bachelors,Skilled Manual,N
25069,MRS.,LORI,ORTEGA,11/2/1964,M,F,lori22@adventure-works.com,"$60,000 ",4,Bachelors,Skilled Manual,Y
25070,MRS.,MELODY,ALVAREZ,3/26/1964,M,F,melody5@adventure-works.com,"$60,000 ",4,Bachelors,Skilled Manual,Y
25071,MRS.,NATALIE,BROOKS,2/18/1964,M,F,natalie22@adventure-works.com,"$60,000 ",5,Bachelors,Skilled Manual,Y
25072,MRS.,ALYSSA,MURPHY,9/27/1964,S,F,alyssa32@adventure-works.com,"$60,000 ",4,Bachelors,Skilled Manual,N
25073,MRS.,SHELBY,STEWART,2/24/1964,M,F,shelby23@adventure-works.com,"$60,000 ",4,Bachelors,Skilled Manual,Y
25074,MRS.,SAMANTHA,JACKSON,11/23/1963,M,F,samantha13@adventure-works.com,"$70,000 ",4,Bachelors,Professional,Y
25075,MRS.,SAMANTHA,THOMPSON,5/27/1963,M,F,samantha17@adventure-works.com,"$70,000 ",4,Bachelors,Professional,Y
25076,MRS.,NICOLE,JENKINS,8/15/1963,M,F,nicole55@adventure-works.com,"$60,000 ",3,Graduate Degree,Professional,N
25077,MR.,WYATT,CLARK,8/9/1963,M,M,wyatt20@adventure-works.com,"$60,000 ",3,Graduate Degree,Professional,N
25078,MR.,JAMES,JENKINS,3/28/1962,M,M,james22@adventure-works.com,"$40,000 ",3,High School,Skilled Manual,Y
25079,MRS.,RILEY,PERRY,6/20/1962,S,F,riley5@adventure-works.com,"$70,000 ",1,Bachelors,Professional,Y
25080,MRS.,MARISSA,LONG,1/15/1962,S,F,marissa7@adventure-works.com,"$70,000 ",1,Bachelors,Professional,Y
25081,MS.,MELANIE,MORRIS,9/8/1961,S,F,melanie43@adventure-works.com,"$30,000 ",0,Bachelors,Professional,N
25082,MR.,WILLIAM,MARTINEZ,2/2/1961,M,M,william12@adventure-works.com,"$40,000 ",4,High School,Skilled Manual,Y
25083,MR.,OMAR,GAO,6/17/1961,M,M,omar14@adventure-works.com,"$40,000 ",4,High School,Skilled Manual,Y
25084,MR.,DALTON,JAMES,10/10/1961,M,M,dalton69@adventure-works.com,"$60,000 ",1,Partial College,Skilled Manual,N
25085,MR.,LUCAS,ROGERS,8/25/1961,M,M,lucas90@adventure-works.com,"$60,000 ",1,Partial College,Skilled Manual,Y
25086,MRS.,JASMINE,COX,8/26/1961,M,F,jasmine30@adventure-works.com,"$60,000 ",1,Partial College,Skilled Manual,Y
25087,MR.,WYATT,YOUNG,5/15/1961,M,M,wyatt27@adventure-works.com,"$60,000 ",1,Partial College,Skilled Manual,N
25088,MRS.,VICTORIA,REED,2/10/1961,M,F,victoria28@adventure-works.com,"$60,000 ",1,Partial College,Skilled Manual,Y
25089,MS.,CHRISTY,XIE,9/8/1960,S,F,christy22@adventure-works.com,"$40,000 ",0,Bachelors,Professional,N
25090,MR.,IVAN,SARA,7/2/1960,M,M,ivan6@adventure-works.com,"$40,000 ",0,Bachelors,Professional,N
25091,MR.,JESSIE,ZENG,1/11/1960,S,M,jessie28@adventure-works.com,"$40,000 ",0,Bachelors,Professional,N
25092,MRS.,EMILY,JACKSON,10/16/1960,M,F,emily12@adventure-works.com,"$60,000 ",1,Partial College,Skilled Manual,Y
25093,MS.,MADISON,GRIFFIN,6/27/1967,S,F,madison33@adventure-works.com,"$50,000 ",0,Partial College,Skilled Manual,N
25094,MR.,CHARLES,THOMAS,3/15/1967,S,M,charles14@adventure-works.com,"$50,000 ",0,Partial College,Skilled Manual,N
25095,MR.,ADAM,JAI,7/14/1967,S,M,adam28@adventure-works.com,"$50,000 ",0,Partial College,Skilled Manual,N
25096,MS.,VICTORIA,BENNETT,4/23/1967,S,F,victoria49@adventure-works.com,"$50,000 ",0,Partial College,Skilled Manual,N
25097,MR.,FERNANDO,GONZALES,6/19/1960,M,M,fernando58@adventure-works.com,"$60,000 ",1,Partial College,Skilled Manual,Y
25098,MR.,LOGAN,LONG,7/27/1960,M,M,logan12@adventure-works.com,"$60,000 ",1,Partial College,Skilled Manual,N
25099,MRS.,MELANIE,HAYES,2/28/1960,M,F,melanie10@adventure-works.com,"$60,000 ",1,Partial College,Skilled Manual,Y
25100,MRS.,KRISTEN,HUANG,5/14/1959,M,F,kristen5@adventure-works.com,"$60,000 ",1,Partial College,Skilled Manual,Y
25101,MR.,WYATT,BAKER,4/21/1959,M,M,wyatt36@adventure-works.com,"$60,000 ",5,Bachelors,Professional,Y
25102,MRS.,STEPHANIE,KELLY,8/18/1959,M,F,stephanie26@adventure-works.com,"$60,000 ",4,Bachelors,Professional,Y
25103,MRS.,SHELBY,BROOKS,2/17/1959,M,F,shelby1@adventure-works.com,"$60,000 ",4,Bachelors,Professional,Y
25104,MRS.,NATALIE,PARKER,10/13/1959,S,F,natalie51@adventure-works.com,"$70,000 ",2,Graduate Degree,Professional,N
25105,MR.,WARREN,NARA,11/20/1959,S,M,warren6@adventure-works.com,"$80,000 ",4,Graduate Degree,Professional,Y
25106,MR.,MICAH,GAO,11/26/1969,M,M,micah2@adventure-works.com,"$90,000 ",1,Graduate Degree,Management,Y
25107,MR.,MASON,RAMIREZ,5/17/1969,S,M,mason8@adventure-works.com,"$90,000 ",2,Bachelors,Professional,N
25108,MR.,GARY,GILL,11/6/1968,M,M,gary24@adventure-works.com,"$60,000 ",2,Bachelors,Professional,N
25109,MR.,DEVIN,RIVERA,5/6/1970,M,M,devin75@adventure-works.com,"$80,000 ",4,Graduate Degree,Management,N
25110,MRS.,TABITHA,SUAREZ,1/26/1970,M,F,tabitha40@adventure-works.com,"$80,000 ",4,Graduate Degree,Management,N
25111,MR.,DREW,CHANDER,10/6/1970,M,M,drew17@adventure-works.com,"$90,000 ",2,Bachelors,Professional,Y
25112,MRS.,SUZANNE,ZHU,10/18/1968,M,F,suzanne15@adventure-works.com,"$60,000 ",2,Bachelors,Professional,N
25113,MR.,RANDY,GAO,4/17/1968,M,M,randy17@adventure-works.com,"$60,000 ",2,Bachelors,Professional,Y
25114,MR.,DONALD,SARA,10/25/1968,S,M,donald12@adventure-works.com,"$60,000 ",2,Bachelors,Professional,N
25115,MR.,RAYMOND,RANA,7/28/1968,M,M,raymond13@adventure-works.com,"$70,000 ",5,Bachelors,Professional,Y
25116,MR.,PHILLIP,SARA,7/8/1968,M,M,phillip11@adventure-works.com,"$70,000 ",5,Bachelors,Professional,Y
25117,MRS.,MINDY,SHAN,4/2/1968,M,F,mindy15@adventure-works.com,"$70,000 ",5,Bachelors,Professional,N
25118,MR.,GERALD,DIAZ,12/8/1967,M,M,gerald11@adventure-works.com,"$70,000 ",5,Bachelors,Professional,Y
25119,MRS.,DEANNA,LOPEZ,5/16/1969,M,F,deanna20@adventure-works.com,"$110,000 ",1,Graduate Degree,Management,Y
25120,MRS.,HEIDI,RODRIGUEZ,12/12/1969,S,F,heidi22@adventure-works.com,"$110,000 ",1,Graduate Degree,Management,N
25121,MR.,CLARENCE,YANG,9/19/1969,M,M,clarence41@adventure-works.com,"$110,000 ",1,Graduate Degree,Management,Y
25122,MRS.,SUSAN,ZHAO,3/16/1967,S,F,susan20@adventure-works.com,"$80,000 ",5,Graduate Degree,Management,Y
25123,MRS.,SHARON,SIMPSON,3/4/1967,M,F,sharon8@adventure-works.com,"$80,000 ",5,Graduate Degree,Management,Y
25124,MR.,KEITH,XU,10/9/1967,S,M,keith7@adventure-works.com,"$80,000 ",5,Graduate Degree,Management,Y
25125,MR.,RANDY,WANG,9/20/1966,M,M,randy3@adventure-works.com,"$80,000 ",5,Bachelors,Professional,Y
25126,MR.,SHANE,SURI,11/25/1966,M,M,shane4@adventure-works.com,"$90,000 ",0,Bachelors,Professional,Y
25128,MR.,CLIFFORD,SAI,6/23/1965,M,M,clifford6@adventure-works.com,"$60,000 ",3,Bachelors,Professional,Y
25129,MR.,ALLEN,RAMAN,12/8/1965,S,M,allen10@adventure-works.com,"$60,000 ",3,Bachelors,Professional,N
25130,MR.,MICAH,HUANG,2/20/1965,M,M,micah16@adventure-works.com,"$70,000 ",5,Bachelors,Professional,N
25131,MR.,GERALD,CHANDRA,10/9/1965,M,M,gerald31@adventure-works.com,"$70,000 ",5,Bachelors,Professional,Y
25132,MRS.,LINDSEY,XIE,3/23/1968,M,F,lindsey3@adventure-works.com,"$70,000 ",5,Bachelors,Professional,N
25133,MS.,KRISTINE,GUTIERREZ,12/5/1968,S,F,kristine12@adventure-works.com,"$70,000 ",0,Bachelors,Professional,Y
25134,MR.,BRETT,RODRIGUEZ,2/15/1968,M,M,brett19@adventure-works.com,"$80,000 ",5,Bachelors,Professional,Y
25135,MR.,KELVIN,ZHAO,5/9/1968,S,M,kelvin29@adventure-works.com,"$80,000 ",5,Bachelors,Professional,Y
25136,MR.,RUBEN,DIAZ,7/17/1968,S,M,ruben26@adventure-works.com,"$80,000 ",5,Bachelors,Professional,Y
25137,MRS.,NINA,RAJE,8/1/1968,M,F,nina14@adventure-works.com,"$80,000 ",5,Bachelors,Professional,Y
25138,MR.,SETH,RUSSELL,9/15/1968,M,M,seth68@adventure-works.com,"$80,000 ",5,Bachelors,Professional,Y
25139,MR.,CARLOS,SHORT,8/25/1964,M,M,carlos0@adventure-works.com,"$60,000 ",3,Bachelors,Professional,N
25140,MRS.,TONI,LOPEZ,3/29/1964,M,F,toni17@adventure-works.com,"$60,000 ",3,Bachelors,Professional,Y
25141,MR.,WALTER,GUTIERREZ,9/16/1973,S,M,walter4@adventure-works.com,"$20,000 ",0,Partial High School,Manual,Y
25142,MS.,REGINA,RAY,11/12/1974,S,F,regina10@adventure-works.com,"$30,000 ",0,Partial College,Clerical,Y
25143,MS.,DESTINY,HENDERSON,4/8/1974,S,F,destiny53@adventure-works.com,"$30,000 ",0,Partial College,Clerical,N
25144,MR.,JOHNATHAN,FERNANDEZ,6/14/1974,S,M,johnathan15@adventure-works.com,"$30,000 ",0,Partial College,Clerical,Y
25145,MR.,CLAYTON,YANG,8/25/1974,S,M,clayton5@adventure-works.com,"$30,000 ",0,Partial College,Clerical,Y
25146,MR.,CARSON,GONZALES,1/25/1953,M,M,carson16@adventure-works.com,"$60,000 ",3,Partial High School,Skilled Manual,Y
25147,MRS.,SAMANTHA,BROWN,3/18/1957,M,F,samantha5@adventure-works.com,"$60,000 ",2,High School,Professional,Y
25148,MR.,RYAN,SIMMONS,10/6/1957,M,M,ryan18@adventure-works.com,"$60,000 ",2,High School,Professional,N
25149,MRS.,SAMANTHA,GRIFFIN,12/15/1957,M,F,samantha43@adventure-works.com,"$60,000 ",2,High School,Professional,Y
25150,MR.,XAVIER,JONES,11/27/1957,S,M,xavier3@adventure-works.com,"$80,000 ",2,Bachelors,Management,Y
25151,MRS.,JASMINE,WASHINGTON,5/11/1956,S,F,jasmine52@adventure-works.com,"$80,000 ",2,Partial High School,Skilled Manual,N
25152,MRS.,MARIA,SANDERS,8/19/1956,S,F,maria22@adventure-works.com,"$60,000 ",2,High School,Professional,Y
25153,MR.,RYAN,COLEMAN,6/24/1965,S,M,ryan8@adventure-works.com,"$100,000 ",4,Bachelors,Management,N
25154,MR.,CLINTON,SERRANO,12/6/1965,M,M,clinton13@adventure-works.com,"$110,000 ",2,Bachelors,Management,Y
25155,MRS.,THERESA,ALONSO,1/6/1965,S,F,theresa5@adventure-works.com,"$110,000 ",3,Bachelors,Management,Y
25156,MRS.,CATHERINE,PETERSON,9/24/1965,S,F,catherine5@adventure-works.com,"$130,000 ",1,Graduate Degree,Management,N
25157,MRS.,DESTINY,MILLER,2/16/1964,S,F,destiny6@adventure-works.com,"$80,000 ",4,Bachelors,Management,Y
25158,MRS.,STEPHANIE,LONG,3/16/1964,M,F,stephanie37@adventure-works.com,"$90,000 ",5,Partial College,Professional,Y
25159,MRS.,KATELYN,COOPER,7/27/1964,S,F,katelyn17@adventure-works.com,"$100,000 ",5,Partial College,Professional,Y
25160,MRS.,MACKENZIE,STEWART,8/23/1964,S,F,mackenzie25@adventure-works.com,"$100,000 ",5,Partial College,Professional,Y
25161,MRS.,ISABELLA,FLORES,5/13/1964,M,F,isabella22@adventure-works.com,"$130,000 ",3,Bachelors,Management,Y
25162,MR.,BRYAN,MORRIS,11/11/1964,S,M,bryan19@adventure-works.com,"$160,000 ",1,Bachelors,Management,N
25163,MRS.,NATALIE,GRIFFIN,4/25/1956,M,F,natalie43@adventure-works.com,"$70,000 ",3,Partial College,Professional,Y
25164,MR.,ISAAC,PARKER,8/24/1956,M,M,isaac22@adventure-works.com,"$70,000 ",3,Partial College,Professional,N
25165,MRS.,ASHLEY,BROWN,1/18/1956,M,F,ashley4@adventure-works.com,"$70,000 ",4,Partial College,Professional,Y
25166,MR.,MIGUEL,JENKINS,4/3/1956,S,M,miguel53@adventure-works.com,"$70,000 ",4,Partial College,Professional,Y
25167,MR.,ELIJAH,HUGHES,11/13/1956,M,M,elijah15@adventure-works.com,"$80,000 ",3,Partial College,Professional,N
25168,MR.,MICHEAL,HERNANDEZ,4/25/1955,M,M,micheal0@adventure-works.com,"$80,000 ",2,Partial High School,Skilled Manual,Y
25169,MR.,ANGEL,PETERSON,9/2/1934,S,M,angel4@adventure-works.com,"$130,000 ",1,Graduate Degree,Management,N
25170,MR.,LOGAN,WALKER,5/18/1963,M,M,logan56@adventure-works.com,"$90,000 ",0,Partial College,Professional,Y
25171,MR.,CHRISTOPHER,RODRIGUEZ,3/22/1963,M,M,christopher20@adventure-works.com,"$90,000 ",0,Partial College,Professional,Y
25172,MR.,EVAN,GRAY,11/16/1963,M,M,evan6@adventure-works.com,"$130,000 ",3,Bachelors,Management,Y
25173,MRS.,MELISSA,STEWART,5/5/1962,M,F,melissa44@adventure-works.com,"$80,000 ",5,Partial College,Professional,Y
25174,MRS.,MONICA,SMITH,8/13/1962,M,F,monica9@adventure-works.com,"$90,000 ",5,Partial College,Professional,Y
25175,MR.,NATHAN,CHEN,10/4/1962,S,M,nathan22@adventure-works.com,"$100,000 ",1,Partial College,Professional,Y
25176,MR.,EDWARD,FLORES,6/14/1962,S,M,edward61@adventure-works.com,"$130,000 ",1,Bachelors,Management,N
25177,MR.,ALBERTO,GOMEZ,9/16/1961,M,M,alberto2@adventure-works.com,"$70,000 ",5,Partial College,Professional,Y
25178,MRS.,JASMINE,KELLY,4/21/1961,M,F,jasmine39@adventure-works.com,"$80,000 ",5,Partial College,Professional,Y
25179,MR.,MIGUEL,THOMPSON,2/5/1961,M,M,miguel15@adventure-works.com,"$80,000 ",5,Partial College,Professional,Y
25180,MRS.,ANA,SIMMONS,3/25/1961,S,F,ana14@adventure-works.com,"$90,000 ",4,High School,Professional,Y
25181,MR.,JESSE,TORRES,6/22/1961,M,M,jesse4@adventure-works.com,"$90,000 ",4,High School,Professional,Y
25182,MRS.,NATALIE,SIMMONS,3/5/1961,M,F,natalie37@adventure-works.com,"$90,000 ",4,High School,Professional,Y
25183,MR.,MICHAEL,THOMAS,4/6/1961,M,M,michael43@adventure-works.com,"$90,000 ",4,High School,Professional,Y
25184,MR.,PETER,TANG,3/25/1961,S,M,peter11@adventure-works.com,"$110,000 ",1,Partial College,Professional,Y
25185,MRS.,JADE,REED,7/8/1961,S,F,jade16@adventure-works.com,"$130,000 ",1,Bachelors,Management,N
25186,MRS.,ANGELICA,COLEMAN,10/3/1955,M,F,angelica5@adventure-works.com,"$80,000 ",3,Partial College,Professional,Y
25187,MRS.,SYDNEY,SCOTT,8/15/1935,M,F,sydney54@adventure-works.com,"$50,000 ",2,Graduate Degree,Management,Y
25188,MR.,KEVIN,LI,1/13/1936,M,M,kevin29@adventure-works.com,"$40,000 ",3,Partial College,Professional,Y
25189,,AIDAN,HAYES,4/14/1936,M,NA,aidan24@adventure-works.com,"$50,000 ",2,Graduate Degree,Management,Y
25190,MRS.,ALLISON,MORRIS,6/14/1936,M,F,allison18@adventure-works.com,"$60,000 ",2,Graduate Degree,Management,Y
25191,MR.,AUSTIN,GONZALES,6/10/1936,S,M,austin13@adventure-works.com,"$120,000 ",1,Graduate Degree,Management,N
25192,MRS.,JANET,GILL,8/1/1960,S,F,janet19@adventure-works.com,"$90,000 ",4,High School,Professional,Y
25193,MRS.,STEPHANIE,HOWARD,10/8/1960,S,F,stephanie17@adventure-works.com,"$90,000 ",4,High School,Professional,Y
25194,MRS.,JADA,BELL,6/10/1954,S,F,jada5@adventure-works.com,"$70,000 ",3,Partial High School,Skilled Manual,Y
25195,MRS.,ALEXANDRA,WILSON,10/20/1954,S,F,alexandra70@adventure-works.com,"$70,000 ",3,Partial High School,Skilled Manual,N
25196,MR.,AARON,YANG,10/24/1954,M,M,aaron27@adventure-works.com,"$60,000 ",2,High School,Professional,Y
25197,MR.,KYLE,PERRY,3/8/1954,M,M,kyle3@adventure-works.com,"$60,000 ",2,High School,Professional,Y
25198,MRS.,MICHELLE,RAMIREZ,5/9/1954,M,F,michelle8@adventure-works.com,"$60,000 ",2,Partial High School,Skilled Manual,Y
25199,MR.,KYLE,GRIFFIN,4/21/1953,M,M,kyle16@adventure-works.com,"$60,000 ",3,Graduate Degree,Management,Y
25200,MR.,NATHAN,WILLIAMS,8/16/1952,M,M,nathan60@adventure-works.com,"$40,000 ",3,Partial College,Professional,Y
25201,MR.,HUNTER,GONZALEZ,3/19/1951,M,M,hunter37@adventure-works.com,"$40,000 ",3,Partial College,Professional,Y
25202,MR.,JONATHAN,KING,7/25/1951,S,M,jonathan49@adventure-works.com,"$40,000 ",3,Partial College,Professional,Y
25203,MRS.,CAROLINE,WOOD,2/23/1951,S,F,caroline4@adventure-works.com,"$40,000 ",3,Partial College,Professional,N
25204,MRS.,KELLY,BARNES,9/20/1950,S,F,kelly7@adventure-works.com,"$40,000 ",4,Partial College,Professional,N
25205,MR.,JOHN,JONES,9/14/1949,S,M,john41@adventure-works.com,"$30,000 ",4,High School,Professional,Y
25206,MR.,RYAN,BRYANT,10/6/1949,S,M,ryan21@adventure-works.com,"$30,000 ",4,High School,Professional,Y
25207,MRS.,DESTINY,MOORE,2/9/1949,S,F,destiny8@adventure-works.com,"$30,000 ",4,High School,Professional,Y
25208,MR.,DANIEL,TAYLOR,10/7/1949,S,M,daniel6@adventure-works.com,"$30,000 ",4,High School,Professional,Y
25209,MRS.,EMMA,WALKER,10/4/1949,S,F,emma22@adventure-works.com,"$30,000 ",4,High School,Professional,N
25210,MRS.,KATHRYN,XU,11/25/1964,M,F,kathryn4@adventure-works.com,"$60,000 ",4,Bachelors,Professional,Y
25211,MRS.,DIANE,TORRES,7/14/1964,M,F,diane16@adventure-works.com,"$60,000 ",4,Bachelors,Professional,Y
25212,MR.,ALBERTO,RUIZ,7/2/1963,M,M,alberto3@adventure-works.com,"$60,000 ",5,Bachelors,Professional,Y
25213,MS.,CHERYL,GUTIERREZ,9/27/1963,S,F,cheryl13@adventure-works.com,"$70,000 ",0,Bachelors,Professional,Y
25214,MR.,ROGER,CHANDER,2/4/1963,S,M,roger43@adventure-works.com,"$70,000 ",0,Bachelors,Professional,N
25215,MS.,NATALIE,GONZALEZ,2/15/1963,S,F,natalie60@adventure-works.com,"$70,000 ",0,Bachelors,Professional,N
25216,MS.,RACHAEL,RAMAN,6/8/1963,S,F,rachael12@adventure-works.com,"$70,000 ",0,Bachelors,Professional,N
25217,MR.,BYRON,MARTIN,10/17/1967,M,M,byron0@adventure-works.com,"$80,000 ",5,Bachelors,Professional,N
25218,MRS.,CHRISTY,SUN,8/19/1967,M,F,christy11@adventure-works.com,"$90,000 ",2,Bachelors,Professional,Y
25219,MRS.,KARLA,LAL,3/20/1967,M,F,karla9@adventure-works.com,"$90,000 ",4,Bachelors,Professional,N
25220,MRS.,EMILY,ANDERSON,11/22/1961,M,F,emily10@adventure-works.com,"$60,000 ",1,Partial College,Skilled Manual,Y
25221,MRS.,ERICA,ZHU,4/17/1961,S,F,erica14@adventure-works.com,"$60,000 ",1,Partial College,Skilled Manual,Y
25222,MRS.,TAMARA,KUMAR,4/21/1961,S,F,tamara19@adventure-works.com,"$60,000 ",1,Partial College,Skilled Manual,N
25223,MR.,ARMANDO,ORTEGA,3/21/1966,S,M,armando22@adventure-works.com,"$110,000 ",0,Graduate Degree,Management,N
25225,MS.,ALICIA,YUAN,4/24/1965,S,F,alicia5@adventure-works.com,"$70,000 ",0,Bachelors,Professional,Y
25226,MR.,ROBERT,KUMAR,11/9/1965,S,M,robert40@adventure-works.com,"$70,000 ",0,Bachelors,Professional,Y
25227,MR.,JAIME,GUTIERREZ,7/23/1965,S,M,jaime49@adventure-works.com,"$80,000 ",5,Bachelors,Professional,Y
25228,MR.,BRAD,ASHE,10/14/1964,S,M,brad23@adventure-works.com,"$70,000 ",0,Bachelors,Professional,Y
25229,MS.,AUTUMN,ZHOU,3/15/1964,S,F,autumn8@adventure-works.com,"$70,000 ",0,Bachelors,Professional,Y
25230,MS.,SOPHIA,CARTER,11/16/1964,S,F,sophia9@adventure-works.com,"$70,000 ",0,Bachelors,Professional,N
25231,MRS.,OLIVIA,MOORE,6/22/1959,S,F,olivia7@adventure-works.com,"$90,000 ",1,Bachelors,Professional,N
25232,MRS.,KELLIE,BLANCO,3/13/1959,M,F,kellie14@adventure-works.com,"$100,000 ",5,Bachelors,Professional,Y
25233,MR.,NATHANIEL,WARD,5/9/1959,M,M,nathaniel13@adventure-works.com,"$100,000 ",4,Bachelors,Professional,Y
25234,MS.,MONICA,PATEL,10/10/1963,S,F,monica3@adventure-works.com,"$70,000 ",0,Bachelors,Professional,Y
25235,MRS.,MONIQUE,TORRES,12/28/1962,M,F,monique8@adventure-works.com,"$60,000 ",1,Partial College,Skilled Manual,Y
25236,MR.,LANCE,MARTIN,1/9/1962,S,M,lance0@adventure-works.com,"$70,000 ",5,Bachelors,Professional,Y
25237,MR.,ROGER,SUN,6/18/1962,M,M,roger18@adventure-works.com,"$70,000 ",5,Partial College,Skilled Manual,Y
25238,MR.,KRISTOPHER,MADAN,1/16/1962,M,M,kristopher7@adventure-works.com,"$70,000 ",5,Partial College,Skilled Manual,Y
25239,MRS.,ISABELLA,BARNES,6/25/1962,M,F,isabella14@adventure-works.com,"$70,000 ",5,Partial College,Skilled Manual,Y
25240,MR.,ROSS,RANA,8/18/1961,M,M,ross11@adventure-works.com,"$70,000 ",5,Partial College,Skilled Manual,Y
25241,MR.,AARON,POWELL,12/25/1958,M,M,aaron8@adventure-works.com,"$90,000 ",2,Bachelors,Professional,Y
25242,MRS.,SUSAN,HU,4/21/1958,S,F,susan31@adventure-works.com,"$90,000 ",2,Bachelors,Management,N
25243,MRS.,TONYA,RAI,3/8/1958,S,F,tonya17@adventure-works.com,"$100,000 ",4,Bachelors,Management,Y
25244,MR.,JAY,WEBER,3/7/1957,S,M,jay10@adventure-works.com,"$70,000 ",1,Partial College,Skilled Manual,Y
25245,MR.,FRANCIS,GUTIERREZ,2/27/1936,S,M,francis8@adventure-works.com,"$30,000 ",2,Partial College,Clerical,N
25246,MR.,WARREN,LAL,6/14/1936,M,M,warren39@adventure-works.com,"$40,000 ",2,Bachelors,Management,Y
25247,MRS.,LINDSAY,NARA,5/16/1960,M,F,lindsay17@adventure-works.com,"$70,000 ",5,Partial College,Skilled Manual,Y
25248,MRS.,DENISE,MADAN,3/19/1960,M,F,denise9@adventure-works.com,"$70,000 ",5,Partial College,Skilled Manual,Y
25249,MRS.,ALEXANDRA,WATSON,8/8/1957,S,F,alexandra20@adventure-works.com,"$70,000 ",1,Partial College,Skilled Manual,N
25250,MR.,ANTHONY,WALKER,4/11/1957,S,M,anthony9@adventure-works.com,"$70,000 ",1,Partial College,Skilled Manual,N
25251,MRS.,TONI,RODRIGUEZ,6/22/1957,S,F,toni20@adventure-works.com,"$70,000 ",1,Partial College,Skilled Manual,Y
25252,MR.,WARREN,ZHANG,4/4/1956,S,M,warren17@adventure-works.com,"$80,000 ",1,Partial College,Skilled Manual,N
25253,MR.,RYAN,MILLER,1/13/1976,M,M,ryan45@adventure-works.com,"$30,000 ",0,High School,Skilled Manual,Y
25254,MS.,KRYSTAL,SHE,6/10/1976,S,F,krystal23@adventure-works.com,"$30,000 ",0,High School,Skilled Manual,Y
25255,MR.,LOGAN,LAL,4/27/1975,M,M,logan2@adventure-works.com,"$40,000 ",0,High School,Skilled Manual,Y
25256,MR.,ERIC,HILL,4/28/1975,M,M,eric54@adventure-works.com,"$40,000 ",0,High School,Skilled Manual,Y
25257,MR.,HAROLD,SANCHEZ,10/2/1980,M,M,harold17@adventure-works.com,"$30,000 ",0,High School,Skilled Manual,Y
25259,MR.,ETHAN,THOMAS,9/22/1979,M,M,ethan44@adventure-works.com,"$30,000 ",0,High School,Skilled Manual,N
25260,MR.,DALTON,HOWARD,8/11/1978,S,M,dalton82@adventure-works.com,"$40,000 ",0,High School,Skilled Manual,Y
25261,MR.,EDUARDO,PHILLIPS,10/2/1978,M,M,eduardo39@adventure-works.com,"$40,000 ",0,High School,Skilled Manual,Y
25262,MR.,ANDRE,CHANDRA,9/6/1938,M,M,andre2@adventure-works.com,"$40,000 ",2,Bachelors,Management,N
25263,MRS.,AUDREY,CARLSON,9/14/1938,S,F,audrey20@adventure-works.com,"$40,000 ",2,Bachelors,Management,Y
25264,MR.,WYATT,BRYANT,4/16/1977,S,M,wyatt68@adventure-works.com,"$40,000 ",0,High School,Skilled Manual,Y
25265,MS.,HANNAH,SMITH,2/22/1979,S,F,hannah1@adventure-works.com,"$30,000 ",0,Partial High School,Clerical,N
25266,MRS.,KARI,SURI,4/23/1939,S,F,kari2@adventure-works.com,"$30,000 ",2,Partial College,Clerical,N
25268,MR.,JAIME,ANDERSEN,2/12/1939,M,M,jaime35@adventure-works.com,"$60,000 ",2,Graduate Degree,Management,N
25269,MRS.,TABITHA,MARTIN,4/3/1939,S,F,tabitha19@adventure-works.com,"$60,000 ",2,Graduate Degree,Management,Y
25270,MRS.,GLORIA,DIAZ,9/3/1943,M,F,gloria5@adventure-works.com,"$40,000 ",2,Bachelors,Management,N
25271,MR.,MARIO,SHAN,11/28/1943,S,M,mario8@adventure-works.com,"$40,000 ",2,Bachelors,Management,N
25272,MR.,EDWIN,XU,3/22/1943,S,M,edwin13@adventure-works.com,"$60,000 ",2,Graduate Degree,Management,N
25273,MR.,KARL,RAI,6/5/1943,M,M,karl18@adventure-works.com,"$60,000 ",2,Graduate Degree,Management,N
25274,MS.,SAMANTHA,HENDERSON,8/13/1976,S,F,samantha30@adventure-works.com,"$40,000 ",0,High School,Skilled Manual,N
25275,MS.,CHRISTINA,WATSON,2/26/1976,S,F,christina0@adventure-works.com,"$40,000 ",0,High School,Skilled Manual,N
25276,MS.,MACKENZIE,RICHARDSON,7/8/1976,S,F,mackenzie8@adventure-works.com,"$40,000 ",0,Partial College,Skilled Manual,N
25277,MR.,JERMAINE,FERNANDEZ,1/15/1976,S,M,jermaine14@adventure-works.com,"$40,000 ",0,Partial College,Skilled Manual,Y
25278,MS.,BRIANNA,BUTLER,12/21/1976,M,F,brianna59@adventure-works.com,"$40,000 ",0,Partial College,Skilled Manual,Y
25279,MS.,JORDYN,BARNES,3/10/1976,S,F,jordyn2@adventure-works.com,"$40,000 ",0,Partial College,Skilled Manual,N
25280,MS.,EMILY,PRICE,6/5/1976,S,F,emily25@adventure-works.com,"$40,000 ",0,Partial College,Skilled Manual,N
25281,MR.,JEREMY,ALLEN,9/14/1975,S,M,jeremy7@adventure-works.com,"$40,000 ",0,High School,Skilled Manual,N
25282,MR.,GABRIEL,PEREZ,1/10/1974,S,M,gabriel33@adventure-works.com,"$50,000 ",0,Partial College,Skilled Manual,N
25283,MS.,CAITLIN,HOWARD,9/4/1974,S,F,caitlin9@adventure-works.com,"$50,000 ",0,Partial College,Skilled Manual,N
25284,MS.,ALLISON,MITCHELL,6/19/1972,S,F,allison34@adventure-works.com,"$70,000 ",0,Partial College,Skilled Manual,Y
25285,MR.,NOAH,WILLIAMS,6/2/1972,S,M,noah58@adventure-works.com,"$70,000 ",0,Partial College,Skilled Manual,Y
25286,MR.,ZACHARY,POWELL,9/4/1972,S,M,zachary7@adventure-works.com,"$80,000 ",0,Bachelors,Management,N
25287,MS.,PAIGE,SANDERS,11/16/1972,S,F,paige26@adventure-works.com,"$80,000 ",0,Bachelors,Management,N
25288,MS.,JORDYN,FLORES,9/8/1968,S,F,jordyn12@adventure-works.com,"$80,000 ",0,Bachelors,Management,N
25289,MS.,AMANDA,BRADLEY,9/1/1968,S,F,amanda5@adventure-works.com,"$80,000 ",0,Bachelors,Management,N
25291,MRS.,MARISSA,GRIFFIN,4/26/1968,M,F,marissa16@adventure-works.com,"$90,000 ",4,Bachelors,Management,Y
25292,MR.,EDUARDO,ADAMS,5/15/1967,S,M,eduardo30@adventure-works.com,"$120,000 ",0,Bachelors,Management,Y
25293,MR.,ERIC,GONZALES,10/23/1963,M,M,eric24@adventure-works.com,"$80,000 ",4,Bachelors,Management,Y
25294,MS.,SHARON,SHARMA,10/19/1971,S,F,sharon16@adventure-works.com,"$130,000 ",0,Partial High School,Management,Y
25295,MR.,CHAD,RAJE,9/1/1969,M,M,chad16@adventure-works.com,"$130,000 ",0,Partial High School,Management,Y
25296,MRS.,CHRISTINA,STEWART,1/5/1957,M,F,christina21@adventure-works.com,"$100,000 ",2,Partial College,Professional,Y
25297,MR.,DEVON,SHAN,3/19/1974,S,M,devon8@adventure-works.com,"$30,000 ",0,Partial College,Clerical,Y
25298,MR.,CEDRIC,HE,4/25/1980,M,M,cedric18@adventure-works.com,"$20,000 ",0,Partial High School,Manual,Y
25299,MR.,HECTOR,ROMERO,10/26/1980,M,M,hector7@adventure-works.com,"$20,000 ",0,Partial High School,Manual,Y
25300,MR.,JAMIE,ASHE,5/2/1980,M,M,jamie32@adventure-works.com,"$20,000 ",0,Partial High School,Manual,Y
25301,MR.,RAUL,BLACK,5/19/1980,S,M,raul18@adventure-works.com,"$20,000 ",0,Partial High School,Manual,Y
25302,MR.,MANUEL,MEHTA,5/26/1978,S,M,manuel12@adventure-works.com,"$30,000 ",0,High School,Manual,N
25303,MR.,JEREMIAH,HERNANDEZ,5/28/1973,S,M,jeremiah13@adventure-works.com,"$30,000 ",0,High School,Manual,Y
25304,MR.,RUBEN,CARLSON,9/17/1972,S,M,ruben41@adventure-works.com,"$10,000 ",0,Partial High School,Manual,Y
25305,MR.,IVAN,RODRIGUEZ,5/10/1973,M,M,ivan16@adventure-works.com,"$40,000 ",1,Bachelors,Skilled Manual,Y
25306,MR.,GLENN,ZENG,12/24/1973,M,M,glenn23@adventure-works.com,"$40,000 ",1,Bachelors,Skilled Manual,Y
25307,MRS.,DAISY,HERNANDEZ,9/24/1973,M,F,daisy0@adventure-works.com,"$40,000 ",1,Bachelors,Skilled Manual,Y
25308,MS.,LINDSEY,TANG,2/13/1972,S,F,lindsey4@adventure-works.com,"$30,000 ",0,High School,Manual,N
25309,MS.,KAREN,ZHOU,5/26/1972,S,F,karen18@adventure-works.com,"$30,000 ",0,High School,Manual,Y
25310,MS.,JANELLE,KAPOOR,10/12/1971,S,F,janelle1@adventure-works.com,"$10,000 ",0,Partial High School,Manual,N
25311,MRS.,LAURA,ZHANG,12/4/1972,M,F,laura7@adventure-works.com,"$40,000 ",1,Bachelors,Skilled Manual,Y
25312,MR.,ERIK,RAMOS,4/8/1972,M,M,erik18@adventure-works.com,"$40,000 ",2,Partial College,Clerical,Y
25313,MR.,TREVOR,COLEMAN,5/3/1971,S,M,trevor5@adventure-works.com,"$10,000 ",0,Partial High School,Manual,N
25314,MR.,CHARLES,BELL,11/4/1971,S,M,charles62@adventure-works.com,"$10,000 ",0,Partial High School,Manual,N
25315,MR.,COLE,COX,6/18/1971,S,M,cole12@adventure-works.com,"$10,000 ",0,Partial High School,Manual,N
25316,MR.,RONNIE,ZHU,10/17/1971,S,M,ronnie12@adventure-works.com,"$20,000 ",0,Partial High School,Manual,N
25317,MR.,ERICK,GARCIA,9/21/1971,S,M,erick14@adventure-works.com,"$20,000 ",0,Partial High School,Manual,N
25318,MR.,DENNIS,WANG,6/24/1971,S,M,dennis2@adventure-works.com,"$20,000 ",0,Partial High School,Manual,Y
25319,MR.,RUBEN,CHANDRA,3/2/1971,M,M,ruben2@adventure-works.com,"$30,000 ",0,High School,Manual,N
25320,MR.,SHANNON,HERNANDEZ,9/11/1971,S,M,shannon25@adventure-works.com,"$30,000 ",0,High School,Manual,N
25321,MR.,FRANCIS,SUAREZ,3/7/1970,S,M,francis17@adventure-works.com,"$40,000 ",2,Partial College,Clerical,Y
25322,MRS.,TINA,PEREZ,3/7/1971,S,F,tina23@adventure-works.com,"$40,000 ",2,Partial College,Clerical,N
25323,MR.,LANCE,DIAZ,5/4/1971,M,M,lance3@adventure-works.com,"$40,000 ",2,Partial College,Clerical,Y
25324,MRS.,BETHANY,ANDERSEN,8/23/1971,S,F,bethany16@adventure-works.com,"$40,000 ",2,Partial College,Clerical,Y
25325,MR.,WYATT,PARKER,2/16/1918,S,M,wyatt45@adventure-works.com,"$10,000 ",4,Partial High School,Manual,N
25326,MR.,HUNTER,SCOTT,3/5/1970,M,M,hunter41@adventure-works.com,"$40,000 ",2,Partial College,Clerical,Y
25327,MR.,ADAM,SIMMONS,5/12/1975,M,M,adam13@adventure-works.com,"$40,000 ",3,Partial College,Clerical,Y
25328,MRS.,RACHEL,PRICE,6/16/1974,M,F,rachel47@adventure-works.com,"$40,000 ",3,Partial College,Clerical,Y
25329,MRS.,JACQUELYN,MORENO,6/20/1974,S,F,jacquelyn6@adventure-works.com,"$40,000 ",3,Partial College,Clerical,N
25330,MRS.,MADISON,GONZALES,9/21/1929,M,F,madison29@adventure-works.com,"$40,000 ",1,Graduate Degree,Skilled Manual,Y
25331,MR.,JAMES,WHITE,10/2/1966,M,M,james85@adventure-works.com,"$80,000 ",0,Graduate Degree,Skilled Manual,N
25332,MR.,JACKSON,BRYANT,7/26/1966,M,M,jackson20@adventure-works.com,"$80,000 ",0,Graduate Degree,Skilled Manual,N
25333,MR.,ROBERT,COLEMAN,7/26/1966,S,M,robert19@adventure-works.com,"$80,000 ",0,Graduate Degree,Skilled Manual,N
25334,MR.,MARCUS,GONZALES,4/14/1966,M,M,marcus67@adventure-works.com,"$80,000 ",0,Graduate Degree,Skilled Manual,Y
25335,MR.,CESAR,RODRIGUEZ,4/15/1954,S,M,cesar19@adventure-works.com,"$20,000 ",2,Partial High School,Manual,N
25336,MR.,CHASE,COOK,8/21/1954,S,M,chase22@adventure-works.com,"$20,000 ",3,Partial High School,Clerical,Y
25337,MRS.,MEGAN,WASHINGTON,10/17/1954,S,F,megan62@adventure-works.com,"$20,000 ",3,Partial High School,Clerical,N
25338,MR.,JASON,PEREZ,10/12/1954,S,M,jason33@adventure-works.com,"$20,000 ",3,Partial High School,Clerical,Y
25339,MR.,ADRIAN,RIVERA,4/13/1954,M,M,adrian17@adventure-works.com,"$40,000 ",1,Partial College,Clerical,Y
25340,MR.,ADRIAN,JAMES,11/21/1955,S,M,adrian1@adventure-works.com,"$20,000 ",3,Partial High School,Clerical,N
25341,MRS.,KAITLYN,COOK,5/25/1955,S,F,kaitlyn51@adventure-works.com,"$20,000 ",3,Partial High School,Clerical,N
25342,MR.,SETH,HILL,10/7/1955,S,M,seth30@adventure-works.com,"$20,000 ",3,Partial High School,Clerical,N
25343,MRS.,CAROL,SIMMONS,9/23/1955,S,F,carol21@adventure-works.com,"$20,000 ",3,Partial High School,Clerical,Y
25344,MR.,THOMAS,BAKER,1/25/1955,M,M,thomas52@adventure-works.com,"$30,000 ",1,High School,Clerical,Y
25345,MRS.,OLIVIA,POWELL,2/12/1956,S,F,olivia54@adventure-works.com,"$20,000 ",3,Partial High School,Clerical,Y
25346,MR.,IAN,GONZALEZ,8/12/1956,S,M,ian32@adventure-works.com,"$20,000 ",3,Partial High School,Clerical,Y
25347,MRS.,JUDITH,REED,12/2/1956,S,F,judith5@adventure-works.com,"$20,000 ",3,Partial High School,Clerical,N
25348,MRS.,ANGELA,WOOD,7/18/1956,S,F,angela4@adventure-works.com,"$30,000 ",2,High School,Skilled Manual,N
25349,MR.,JOSE,COLEMAN,9/25/1956,M,M,jose29@adventure-works.com,"$30,000 ",2,High School,Skilled Manual,Y
25350,MR.,ALBERTO,ALONSO,2/24/1957,M,M,alberto9@adventure-works.com,"$20,000 ",2,Partial High School,Clerical,Y
25351,MRS.,JORDAN,PHILLIPS,10/23/1957,M,F,jordan34@adventure-works.com,"$20,000 ",2,Partial High School,Clerical,Y
25352,MR.,BRANDON,MARTINEZ,2/14/1957,M,M,brandon44@adventure-works.com,"$20,000 ",2,Partial High School,Clerical,N
25353,MRS.,CAITLIN,STEWART,4/20/1957,S,F,caitlin20@adventure-works.com,"$20,000 ",2,Partial High School,Clerical,Y
25354,MR.,KEVIN,HUGHES,8/17/1957,S,M,kevin14@adventure-works.com,"$20,000 ",2,Partial High School,Clerical,Y
25355,MR.,RICHARD,SMITH,6/3/1957,M,M,richard40@adventure-works.com,"$20,000 ",2,Partial High School,Clerical,N
25356,MR.,JONATHAN,MILLER,10/23/1957,M,M,jonathan56@adventure-works.com,"$20,000 ",2,Partial High School,Clerical,Y
25357,MR.,MARCUS,FOSTER,7/23/1957,M,M,marcus66@adventure-works.com,"$20,000 ",2,Partial High School,Clerical,N
25358,MRS.,JADE,TORRES,2/10/1957,S,F,jade3@adventure-works.com,"$20,000 ",2,Partial High School,Clerical,Y
25359,MR.,ALEX,YOUNG,5/27/1957,S,M,alex47@adventure-works.com,"$30,000 ",2,High School,Skilled Manual,Y
25360,MR.,MASON,JAMES,3/19/1957,M,M,mason9@adventure-works.com,"$30,000 ",2,High School,Skilled Manual,Y
25361,MRS.,HALEY,ROSS,6/21/1958,S,F,haley23@adventure-works.com,"$30,000 ",2,High School,Skilled Manual,N
25362,MRS.,MAKAYLA,BAILEY,12/19/1958,M,F,makayla13@adventure-works.com,"$30,000 ",2,High School,Skilled Manual,Y
25363,MRS.,ALEXANDRIA,GRAY,2/19/1958,M,F,alexandria29@adventure-works.com,"$30,000 ",2,High School,Skilled Manual,Y
25364,MR.,ISAAC,ROGERS,7/3/1958,M,M,isaac19@adventure-works.com,"$30,000 ",2,High School,Skilled Manual,Y
25365,MRS.,GABRIELLE,PERRY,8/24/1958,S,F,gabrielle30@adventure-works.com,"$30,000 ",2,High School,Skilled Manual,Y
25367,MRS.,ABIGAIL,TORRES,8/6/1959,M,F,abigail18@adventure-works.com,"$40,000 ",2,Partial College,Clerical,N
25368,MR.,BLAKE,BAKER,7/4/1959,S,M,blake34@adventure-works.com,"$40,000 ",2,Partial College,Clerical,Y
25369,MR.,EVAN,COX,4/7/1959,S,M,evan11@adventure-works.com,"$40,000 ",2,Partial College,Clerical,N
25370,MRS.,ERIN,BAILEY,11/21/1959,S,F,erin20@adventure-works.com,"$40,000 ",2,Partial College,Clerical,N
25371,MS.,RENEE,GOMEZ,2/22/1972,M,F,renee1@adventure-works.com,"$50,000 ",0,Graduate Degree,Skilled Manual,Y
25372,MRS.,CARRIE,TORRES,11/6/1973,M,F,carrie11@adventure-works.com,"$40,000 ",1,Graduate Degree,Skilled Manual,Y
25373,MRS.,NICHOLE,CHANDE,6/8/1973,M,F,nichole14@adventure-works.com,"$40,000 ",1,Graduate Degree,Skilled Manual,Y
25374,MRS.,ANA,POWELL,2/12/1973,S,F,ana8@adventure-works.com,"$40,000 ",1,Graduate Degree,Skilled Manual,Y
25375,MR.,CARSON,FLORES,3/21/1972,M,M,carson11@adventure-works.com,"$50,000 ",1,Graduate Degree,Skilled Manual,Y
25376,MRS.,ALEXIS,GRIFFIN,5/6/1972,M,F,alexis44@adventure-works.com,"$50,000 ",1,Graduate Degree,Skilled Manual,Y
25377,MRS.,LAUREN,ANDERSON,2/13/1971,M,F,lauren28@adventure-works.com,"$70,000 ",1,Graduate Degree,Skilled Manual,Y
25378,MRS.,GABRIELLA,SCOTT,8/16/1971,M,F,gabriella37@adventure-works.com,"$70,000 ",1,Graduate Degree,Skilled Manual,Y
25379,MRS.,HAILEY,YOUNG,4/8/1972,M,F,hailey63@adventure-works.com,"$50,000 ",1,Bachelors,Skilled Manual,Y
25380,MR.,SETH,GONZALES,8/9/1972,M,M,seth65@adventure-works.com,"$60,000 ",1,Graduate Degree,Skilled Manual,Y
25381,MR.,DYLAN,LI,1/6/1972,S,M,dylan26@adventure-works.com,"$60,000 ",1,Graduate Degree,Professional,N
25382,MR.,RICHARD,HUGHES,3/19/1972,S,M,richard66@adventure-works.com,"$60,000 ",1,Graduate Degree,Professional,N
25383,MR.,NATHAN,WALKER,3/11/1970,M,M,nathan59@adventure-works.com,"$40,000 ",1,Bachelors,Skilled Manual,Y
25384,MRS.,MARIA,COOPER,1/15/1970,M,F,maria11@adventure-works.com,"$40,000 ",1,Bachelors,Skilled Manual,Y
25385,MRS.,DESTINY,TORRES,4/5/1970,M,F,destiny39@adventure-works.com,"$40,000 ",1,Bachelors,Skilled Manual,Y
25386,MRS.,ALEXIS,PERRY,5/14/1970,M,F,alexis30@adventure-works.com,"$40,000 ",1,Bachelors,Skilled Manual,Y
25387,MRS.,STEPHANIE,BROOKS,6/1/1970,S,F,stephanie25@adventure-works.com,"$60,000 ",1,Graduate Degree,Professional,N
25388,MR.,ERNEST,HU,8/14/1969,S,M,ernest19@adventure-works.com,"$60,000 ",2,Bachelors,Skilled Manual,N
25389,MRS.,WENDY,SANZ,3/14/1969,M,F,wendy19@adventure-works.com,"$60,000 ",2,Bachelors,Skilled Manual,Y
25390,MRS.,SAMANTHA,POWELL,5/28/1969,M,F,samantha34@adventure-works.com,"$60,000 ",2,Bachelors,Skilled Manual,Y
25391,MRS.,MORGAN,MURPHY,3/25/1969,S,F,morgan53@adventure-works.com,"$60,000 ",2,Bachelors,Skilled Manual,N
25392,MR.,JOSEPH,MOORE,10/4/1969,S,M,joseph14@adventure-works.com,"$60,000 ",2,Bachelors,Skilled Manual,Y
25393,MR.,LUCAS,COX,12/14/1971,M,M,lucas82@adventure-works.com,"$60,000 ",1,Graduate Degree,Professional,Y
25394,MR.,ANTHONY,GARCIA,11/4/1971,M,M,anthony2@adventure-works.com,"$60,000 ",1,Graduate Degree,Professional,Y
25395,MRS.,PAIGE,FLORES,11/3/1971,S,F,paige11@adventure-works.com,"$60,000 ",1,Graduate Degree,Professional,Y
25396,MR.,XAVIER,RAMIREZ,2/20/1971,S,M,xavier73@adventure-works.com,"$70,000 ",3,Graduate Degree,Professional,N
25397,MR.,LUCAS,BRADLEY,4/28/1971,M,M,lucas50@adventure-works.com,"$70,000 ",3,Graduate Degree,Professional,Y
25398,MR.,THOMAS,JONES,6/24/1971,S,M,thomas63@adventure-works.com,"$70,000 ",3,Graduate Degree,Professional,N
25399,MR.,JORGE,LEITÃO,12/14/1971,M,M,jorge0@adventure-works.com,"$70,000 ",3,Graduate Degree,Professional,Y
25400,MR.,KYLE,JAI,10/15/1971,M,M,kyle28@adventure-works.com,"$80,000 ",1,Graduate Degree,Professional,Y
25401,MR.,GABRIEL,YOUNG,4/1/1971,M,M,gabriel46@adventure-works.com,"$80,000 ",1,Graduate Degree,Professional,N
25402,MRS.,MARIA,HUGHES,6/21/1969,M,F,maria34@adventure-works.com,"$60,000 ",1,Graduate Degree,Professional,Y
25403,MRS.,JASMINE,CLARK,5/13/1969,S,F,jasmine16@adventure-works.com,"$60,000 ",1,Graduate Degree,Professional,N
25404,MR.,JOSÉ,LOPEZ,5/23/1968,S,M,josé60@adventure-works.com,"$70,000 ",2,Bachelors,Skilled Manual,Y
25405,MR.,BRANDON,WAGNER,4/17/1968,M,M,brandon21@adventure-works.com,"$70,000 ",2,Bachelors,Skilled Manual,Y
25406,MRS.,CASEY,ANDERSEN,9/22/1968,M,F,casey14@adventure-works.com,"$70,000 ",2,Bachelors,Skilled Manual,Y
25407,MR.,TONY,ANAND,11/7/1968,S,M,tony24@adventure-works.com,"$70,000 ",2,Bachelors,Skilled Manual,N
25408,MRS.,KAREN,ZHAO,6/13/1968,M,F,karen20@adventure-works.com,"$70,000 ",2,Bachelors,Skilled Manual,Y
25409,MR.,THEODORE,GUTIERREZ,6/19/1968,S,M,theodore11@adventure-works.com,"$70,000 ",2,Bachelors,Skilled Manual,N
25410,MRS.,KAITLYN,WARD,10/17/1968,S,F,kaitlyn59@adventure-works.com,"$70,000 ",2,Bachelors,Skilled Manual,N
25411,MS.,RILEY,FLORES,2/25/1967,S,F,riley10@adventure-works.com,"$40,000 ",0,Bachelors,Professional,N
25412,MR.,MICHAEL,WILLIAMS,3/12/1970,S,M,michael34@adventure-works.com,"$60,000 ",2,Graduate Degree,Professional,Y
25413,MRS.,ZOE,RIVERA,6/7/1970,S,F,zoe15@adventure-works.com,"$60,000 ",2,Graduate Degree,Professional,N
25414,MRS.,GRACE,BAILEY,11/11/1970,M,F,grace32@adventure-works.com,"$70,000 ",4,Graduate Degree,Professional,Y
25415,MR.,AARON,EVANS,2/25/1970,S,M,aaron33@adventure-works.com,"$70,000 ",4,Graduate Degree,Professional,N
25416,MR.,JACK,COLEMAN,6/6/1919,M,M,jack6@adventure-works.com,"$20,000 ",3,Partial High School,Clerical,N
25417,MRS.,SAVANNAH,BELL,5/27/1967,S,F,savannah13@adventure-works.com,"$50,000 ",2,Bachelors,Skilled Manual,N
25418,MRS.,ALEXIA,HAYES,10/15/1967,S,F,alexia19@adventure-works.com,"$50,000 ",2,Bachelors,Skilled Manual,N
25419,MR.,HUNTER,KING,9/9/1967,S,M,hunter43@adventure-works.com,"$50,000 ",2,Bachelors,Skilled Manual,N
25420,MRS.,JORDAN,SCOTT,12/27/1967,M,F,jordan42@adventure-works.com,"$50,000 ",2,Bachelors,Skilled Manual,Y
25421,MR.,MARCUS,LEWIS,9/16/1967,S,M,marcus22@adventure-works.com,"$50,000 ",2,Bachelors,Skilled Manual,Y
25422,MR.,ELIJAH,KING,2/19/1966,M,M,elijah46@adventure-works.com,"$80,000 ",3,Bachelors,Skilled Manual,Y
25423,MR.,JAKE,ZHOU,2/7/1966,S,M,jake9@adventure-works.com,"$80,000 ",3,Bachelors,Skilled Manual,N
25424,MR.,IAN,ROBERTS,8/3/1966,S,M,ian35@adventure-works.com,"$70,000 ",0,Graduate Degree,Professional,N
25425,MR.,ZACHARY,DIAZ,10/10/1966,S,M,zachary20@adventure-works.com,"$70,000 ",0,Graduate Degree,Professional,Y
25426,MR.,TRISTAN,FOSTER,3/22/1966,S,M,tristan16@adventure-works.com,"$70,000 ",4,Graduate Degree,Professional,Y
25427,MR.,OMAR,ZENG,11/23/1966,M,M,omar21@adventure-works.com,"$70,000 ",5,Graduate Degree,Professional,Y
25428,MRS.,VICTORIA,JENKINS,7/15/1969,S,F,victoria54@adventure-works.com,"$70,000 ",5,Graduate Degree,Professional,Y
25429,MRS.,CANDACE,RANA,4/3/1969,S,F,candace11@adventure-works.com,"$80,000 ",2,Graduate Degree,Professional,Y
25430,MRS.,ALYSSA,HALL,7/7/1969,M,F,alyssa23@adventure-works.com,"$80,000 ",3,Graduate Degree,Professional,Y
25431,MS.,ANN,SANCHEZ,7/15/1965,S,F,ann25@adventure-works.com,"$40,000 ",0,Bachelors,Professional,N
25432,MS.,KELLIE,GOMEZ,8/11/1965,S,F,kellie1@adventure-works.com,"$40,000 ",0,Bachelors,Professional,N
25433,,ZACHARY,KUMAR,11/5/1965,S,NA,zachary26@adventure-works.com,"$40,000 ",0,Bachelors,Professional,N
25434,MR.,GABRIEL,HILL,4/8/1965,S,M,gabriel44@adventure-works.com,"$50,000 ",3,Bachelors,Skilled Manual,N
25435,MRS.,JENNIFER,TURNER,3/25/1965,M,F,jennifer7@adventure-works.com,"$50,000 ",3,Bachelors,Skilled Manual,Y
25436,MRS.,DESTINY,ROSS,7/4/1965,S,F,destiny52@adventure-works.com,"$50,000 ",3,Bachelors,Skilled Manual,Y
25437,MR.,ADAM,WASHINGTON,11/17/1965,M,M,adam11@adventure-works.com,"$50,000 ",3,Bachelors,Skilled Manual,Y
25438,MRS.,LAUREN,MURPHY,10/25/1965,S,F,lauren6@adventure-works.com,"$50,000 ",3,Bachelors,Skilled Manual,N
25439,MRS.,JANELLE,ARTHUR,7/17/1965,M,F,janelle6@adventure-works.com,"$50,000 ",3,Bachelors,Skilled Manual,Y
25440,MR.,ANDRE,GONZALEZ,4/8/1965,M,M,andre18@adventure-works.com,"$50,000 ",3,Bachelors,Skilled Manual,Y
25441,MRS.,ISABELLA,TORRES,7/26/1965,M,F,isabella3@adventure-works.com,"$50,000 ",4,Bachelors,Skilled Manual,Y
25442,MR.,MELVIN,GOEL,5/4/1968,M,M,melvin18@adventure-works.com,"$40,000 ",0,Graduate Degree,Clerical,Y
25443,MS.,STACEY,HUANG,6/21/1968,M,F,stacey6@adventure-works.com,"$40,000 ",0,Graduate Degree,Clerical,Y
25444,MS.,MEAGAN,MARTINEZ,3/18/1968,S,F,meagan17@adventure-works.com,"$40,000 ",0,Graduate Degree,Clerical,Y
25445,MS.,GRACE,COOK,11/16/1968,M,F,grace28@adventure-works.com,"$40,000 ",0,Graduate Degree,Clerical,Y
25446,MS.,KRISTINA,GARCIA,10/10/1968,M,F,kristina15@adventure-works.com,"$40,000 ",0,Graduate Degree,Clerical,Y
25447,MR.,MARSHALL,LIANG,2/15/1968,M,M,marshall15@adventure-works.com,"$40,000 ",0,Bachelors,Clerical,Y
25448,MR.,ERICK,SARA,8/6/1968,S,M,erick10@adventure-works.com,"$40,000 ",0,Bachelors,Clerical,N
25449,MR.,MARVIN,DOMINGUEZ,6/15/1967,S,M,marvin13@adventure-works.com,"$10,000 ",4,Partial High School,Manual,Y
25450,MR.,DARRELL,DENG,11/12/1967,S,M,darrell12@adventure-works.com,"$20,000 ",1,Partial College,Manual,Y
25451,MR.,GEOFFREY,SUBRAM,8/28/1967,S,M,geoffrey11@adventure-works.com,"$20,000 ",1,Partial College,Manual,N
25452,MRS.,ERICA,WU,10/5/1967,M,F,erica6@adventure-works.com,"$30,000 ",1,Bachelors,Clerical,Y
25453,MR.,DREW,SHE,2/26/1967,S,M,drew0@adventure-works.com,"$30,000 ",1,Bachelors,Clerical,N
25454,MR.,TERRY,SHE,4/2/1967,S,M,terry3@adventure-works.com,"$30,000 ",1,Bachelors,Clerical,N
25455,MR.,JORGE,ZHENG,7/17/1966,M,M,jorge22@adventure-works.com,"$10,000 ",4,Partial High School,Manual,Y
25456,MR.,KELVIN,CAI,1/22/1966,M,M,kelvin40@adventure-works.com,"$10,000 ",5,Partial High School,Manual,Y
25457,MR.,DARREN,SAI,6/2/1966,S,M,darren8@adventure-works.com,"$10,000 ",5,Partial High School,Manual,Y
25458,MR.,BRUCE,MEHTA,2/8/1966,M,M,bruce13@adventure-works.com,"$20,000 ",1,High School,Manual,N
25459,MR.,RONALD,VANCE,9/27/1966,M,M,ronald6@adventure-works.com,"$20,000 ",1,High School,Manual,Y
25460,MRS.,ALISHA,ANDERSEN,7/24/1966,M,F,alisha37@adventure-works.com,"$20,000 ",2,High School,Manual,Y
25461,MR.,FERNANDO,COLLINS,10/9/1967,S,M,fernando43@adventure-works.com,"$40,000 ",0,Bachelors,Clerical,Y
25462,MR.,ANGEL,GRAY,5/18/1967,S,M,angel5@adventure-works.com,"$40,000 ",0,Bachelors,Clerical,N
25463,MR.,MIGUEL,ROBINSON,2/25/1966,S,M,miguel18@adventure-works.com,"$20,000 ",2,High School,Manual,Y
25464,MR.,JOSE,WILSON,3/3/1966,M,M,jose67@adventure-works.com,"$20,000 ",2,High School,Manual,Y
25465,MRS.,MARIAH,DIAZ,2/8/1966,M,F,mariah26@adventure-works.com,"$20,000 ",2,High School,Manual,Y
25466,MRS.,JANET,YOUNG,11/16/1965,S,F,janet34@adventure-works.com,"$10,000 ",4,Partial High School,Manual,N
25467,MR.,TROY,MADAN,8/10/1965,M,M,troy8@adventure-works.com,"$20,000 ",2,High School,Manual,Y
25468,MRS.,KRISTA,SUAREZ,2/13/1965,M,F,krista18@adventure-works.com,"$20,000 ",2,High School,Manual,Y
25469,MRS.,MARTHA,WU,6/17/1965,M,F,martha6@adventure-works.com,"$20,000 ",2,High School,Manual,Y
25470,MR.,DARREN,RAMOS,3/17/1965,M,M,darren40@adventure-works.com,"$20,000 ",2,High School,Manual,Y
25471,MR.,SPENCER,ROSS,5/21/1965,M,M,spencer5@adventure-works.com,"$20,000 ",2,High School,Manual,Y
25472,MR.,DON,MALHOTRA,8/22/1965,M,M,don5@adventure-works.com,"$30,000 ",1,Bachelors,Skilled Manual,Y
25473,MRS.,KRISTIN,GOEL,8/12/1965,M,F,kristin17@adventure-works.com,"$30,000 ",1,Bachelors,Skilled Manual,Y
25474,MR.,JIMMY,DIAZ,12/10/1964,M,M,jimmy5@adventure-works.com,"$10,000 ",4,Partial High School,Manual,Y
25475,MRS.,DESTINY,MARTIN,2/6/1964,M,F,destiny14@adventure-works.com,"$10,000 ",3,Partial High School,Manual,Y
25476,MRS.,KAREN,YE,3/3/1964,M,F,karen19@adventure-works.com,"$20,000 ",2,High School,Manual,Y
25477,MRS.,HOLLY,RAMAN,8/3/1933,M,F,holly11@adventure-works.com,"$30,000 ",1,Bachelors,Skilled Manual,Y
25478,MS.,JENNIFER,BUTLER,2/15/1966,M,F,jennifer87@adventure-works.com,"$40,000 ",0,Bachelors,Professional,N
25479,MR.,BOBBY,SANCHEZ,7/26/1966,M,M,bobby12@adventure-works.com,"$40,000 ",0,Bachelors,Professional,N
25480,MR.,MIGUEL,THOMAS,6/11/1966,S,M,miguel10@adventure-works.com,"$40,000 ",0,Bachelors,Professional,N
25481,MR.,LUCAS,JACKSON,8/27/1966,S,M,lucas25@adventure-works.com,"$80,000 ",0,Graduate Degree,Skilled Manual,N
25482,MR.,DONALD,MARTINEZ,3/20/1962,S,M,donald19@adventure-works.com,"$30,000 ",1,Partial College,Clerical,Y
25483,MR.,DENNIS,MA,2/3/1934,S,M,dennis17@adventure-works.com,"$20,000 ",2,Partial College,Clerical,N
25484,MRS.,BAILEY,WRIGHT,6/14/1965,M,F,bailey40@adventure-works.com,"$30,000 ",2,Partial College,Clerical,Y
25485,MR.,ROBERTO,RUBIO,4/12/1965,M,M,roberto19@adventure-works.com,"$30,000 ",2,Partial College,Clerical,Y
25486,MR.,EDGAR,RODRIGUEZ,9/20/1965,S,M,edgar20@adventure-works.com,"$30,000 ",2,Partial College,Clerical,Y
25487,MRS.,ALLISON,ROGERS,7/22/1965,M,F,allison19@adventure-works.com,"$30,000 ",2,Partial College,Clerical,Y
25488,MRS.,DAWN,YE,11/18/1965,M,F,dawn11@adventure-works.com,"$40,000 ",1,Bachelors,Skilled Manual,Y
25489,MR.,BRAD,TANG,11/3/1965,M,M,brad4@adventure-works.com,"$40,000 ",1,Bachelors,Skilled Manual,Y
25490,MR.,ALVIN,HE,11/10/1964,M,M,alvin17@adventure-works.com,"$30,000 ",2,Partial College,Clerical,Y
25491,MRS.,KRYSTAL,XU,1/5/1964,S,F,krystal12@adventure-works.com,"$30,000 ",2,Partial College,Clerical,Y
25492,MRS.,GABRIELLA,SANCHEZ,5/27/1964,M,F,gabriella25@adventure-works.com,"$40,000 ",1,Bachelors,Skilled Manual,N
25493,MR.,HUNTER,EVANS,9/19/1964,M,M,hunter29@adventure-works.com,"$40,000 ",1,Bachelors,Skilled Manual,Y
25494,MR.,LEE,JIMENEZ,6/3/1963,M,M,lee3@adventure-works.com,"$30,000 ",2,Partial College,Clerical,Y
25495,MRS.,SHEENA,KENNEDY,10/10/1963,M,F,sheena6@adventure-works.com,"$30,000 ",2,Partial College,Clerical,Y
25496,MRS.,REGINA,SARA,3/17/1963,M,F,regina9@adventure-works.com,"$30,000 ",2,Partial College,Clerical,Y
25497,MR.,MARCUS,TORRES,12/1/1963,M,M,marcus79@adventure-works.com,"$40,000 ",1,Bachelors,Skilled Manual,N
25498,MR.,SHANE,KAPOOR,6/13/1963,M,M,shane5@adventure-works.com,"$40,000 ",1,Bachelors,Skilled Manual,Y
25499,MRS.,MEREDITH,SCHMIDT,10/18/1979,M,F,meredith9@adventure-works.com,"$30,000 ",3,Partial College,Clerical,Y
25502,MRS.,CARMEN,KIM,1/1/1963,M,F,carmen5@adventure-works.com,"$40,000 ",1,Bachelors,Skilled Manual,Y
25503,MR.,RICHARD,HILL,2/19/1962,S,M,richard24@adventure-works.com,"$30,000 ",1,Partial College,Clerical,N
25504,MR.,CALVIN,SUTTON,10/12/1978,S,M,calvin4@adventure-works.com,"$30,000 ",3,Partial College,Clerical,Y
25505,MR.,CURTIS,ZHOU,11/20/1978,M,M,curtis8@adventure-works.com,"$30,000 ",4,Partial College,Clerical,Y
25506,MRS.,CRISTINA,RAJI,3/24/1978,M,F,cristina18@adventure-works.com,"$30,000 ",5,Partial College,Clerical,Y
25507,MRS.,SUZANNE,GUO,11/27/1977,S,F,suzanne19@adventure-works.com,"$30,000 ",5,Partial College,Clerical,N
25508,MS.,MELISSA,COOK,6/3/1977,S,F,melissa43@adventure-works.com,"$30,000 ",0,Partial College,Clerical,N
25510,MR.,GRANT,KUMAR,10/28/1977,S,M,grant9@adventure-works.com,"$30,000 ",0,Partial College,Clerical,N
25511,MS.,CHELSEA,ARUN,9/8/1977,S,F,chelsea7@adventure-works.com,"$30,000 ",0,Partial College,Clerical,N
25512,MR.,DEVIN,CLARK,8/24/1976,S,M,devin18@adventure-works.com,"$20,000 ",0,High School,Manual,N
25513,MS.,GRACE,WALKER,9/8/1976,S,F,grace22@adventure-works.com,"$20,000 ",0,High School,Manual,Y
25514,MR.,DOMINIC,MARTINEZ,7/12/1976,S,M,dominic18@adventure-works.com,"$20,000 ",0,High School,Manual,N
25515,MS.,TARA,DENG,12/5/1976,S,F,tara1@adventure-works.com,"$20,000 ",0,High School,Manual,N
25516,MS.,CHERYL,HERNANDEZ,8/26/1975,S,F,cheryl5@adventure-works.com,"$10,000 ",0,Partial High School,Manual,Y
25517,MS.,CHRISTINA,COOK,6/17/1976,S,F,christina20@adventure-works.com,"$20,000 ",0,High School,Manual,N
25518,MR.,OSCAR,LU,10/5/1976,S,M,oscar1@adventure-works.com,"$20,000 ",0,High School,Manual,N
25519,MS.,MARGARET,SUN,12/23/1976,S,F,margaret19@adventure-works.com,"$20,000 ",0,High School,Manual,N
25520,MS.,CANDICE,ZENG,11/11/1976,S,F,candice6@adventure-works.com,"$20,000 ",0,High School,Manual,N
25521,MR.,DOUGLAS,SANCHEZ,7/25/1976,S,M,douglas24@adventure-works.com,"$20,000 ",0,Partial High School,Manual,Y
25522,,CASEY,ANAND,9/13/1976,S,NA,casey22@adventure-works.com,"$30,000 ",0,Partial College,Clerical,N
25523,MR.,NATHAN,THOMPSON,9/22/1975,S,M,nathan73@adventure-works.com,"$20,000 ",0,Partial High School,Manual,N
25524,MR.,SHAUN,ANAND,12/3/1974,M,M,shaun22@adventure-works.com,"$20,000 ",0,Partial High School,Manual,N
25525,MS.,HEIDI,SRINI,10/19/1975,M,F,heidi10@adventure-works.com,"$30,000 ",0,Partial College,Clerical,N
25526,MR.,ARMANDO,RUBIO,11/7/1975,S,M,armando21@adventure-works.com,"$30,000 ",0,Partial College,Clerical,N
25527,MR.,ROBERT,JOHNSON,5/11/1913,S,M,robert85@adventure-works.com,"$20,000 ",2,Partial High School,Manual,N
25528,MS.,ALEXANDRIA,BUTLER,8/5/1974,S,F,alexandria14@adventure-works.com,"$30,000 ",0,Partial College,Clerical,N
25529,MR.,JARED,SANDERS,3/22/1962,S,M,jared5@adventure-works.com,"$10,000 ",1,Graduate Degree,Manual,Y
25530,MR.,GERALD,LOPEZ,5/4/1962,S,M,gerald2@adventure-works.com,"$10,000 ",1,Graduate Degree,Manual,N
25531,MRS.,EBONY,PATEL,11/7/1962,M,F,ebony2@adventure-works.com,"$30,000 ",5,Graduate Degree,Clerical,N
25532,MR.,WARREN,NATH,4/2/1962,S,M,warren8@adventure-works.com,"$30,000 ",5,Graduate Degree,Clerical,Y
25533,MRS.,SUZANNE,HUANG,7/2/1961,S,F,suzanne7@adventure-works.com,"$10,000 ",1,Bachelors,Manual,N
25534,MR.,CASEY,SANZ,9/18/1935,M,M,casey44@adventure-works.com,"$20,000 ",1,Graduate Degree,Clerical,N
25535,MRS.,BRANDI,NAVARRO,7/21/1936,S,F,brandi10@adventure-works.com,"$20,000 ",1,Graduate Degree,Clerical,Y
25536,MRS.,REBEKAH,SAI,10/26/1936,S,F,rebekah6@adventure-works.com,"$20,000 ",1,Graduate Degree,Clerical,Y
25537,MR.,NATHAN,PHILLIPS,2/7/1936,S,M,nathan35@adventure-works.com,"$20,000 ",1,Graduate Degree,Clerical,N
25538,MR.,ANDY,JIMÉNEZ,7/6/1962,S,M,andy10@adventure-works.com,"$30,000 ",5,Graduate Degree,Clerical,Y
25539,MR.,MATHEW,ORTEGA,7/21/1962,M,M,mathew18@adventure-works.com,"$30,000 ",5,Graduate Degree,Clerical,Y
25540,MR.,RODNEY,ALONSO,7/8/1962,M,M,rodney4@adventure-works.com,"$30,000 ",4,Graduate Degree,Clerical,Y
25541,MR.,GARY,HERNANDEZ,9/22/1958,M,M,gary14@adventure-works.com,"$10,000 ",1,Bachelors,Manual,N
25542,MR.,GERALD,GUTIERREZ,1/12/1958,S,M,gerald19@adventure-works.com,"$10,000 ",1,Bachelors,Manual,N
25543,MR.,RAMON,CHEN,9/23/1956,M,M,ramon1@adventure-works.com,"$10,000 ",2,Partial College,Manual,Y
25544,MR.,SERGIO,FERNANDEZ,12/25/1956,S,M,sergio16@adventure-works.com,"$20,000 ",1,Bachelors,Clerical,N
25545,MRS.,KELLY,LONG,6/20/1955,S,F,kelly14@adventure-works.com,"$10,000 ",2,Partial College,Manual,N
25546,MRS.,BRIANNA,JONES,1/22/1954,S,F,brianna3@adventure-works.com,"$10,000 ",2,Partial College,Manual,Y
25547,MRS.,CARLA,SURI,5/14/1939,S,F,carla3@adventure-works.com,"$20,000 ",1,Bachelors,Clerical,N
25548,MRS.,COLLEEN,YUAN,5/23/1940,S,F,colleen31@adventure-works.com,"$20,000 ",1,Bachelors,Clerical,Y
25549,MRS.,MALLORY,DOMINGUEZ,10/27/1941,S,F,mallory19@adventure-works.com,"$10,000 ",2,Partial College,Manual,N
25550,MRS.,KRISTA,MUNOZ,8/3/1941,M,F,krista8@adventure-works.com,"$20,000 ",1,Partial College,Manual,Y
25551,MR.,ROSS,TORRES,6/25/1941,M,M,ross30@adventure-works.com,"$20,000 ",1,Partial College,Manual,N
25552,MRS.,RILEY,WARD,4/7/1941,S,F,riley32@adventure-works.com,"$30,000 ",1,Bachelors,Clerical,Y
25553,MR.,BRETT,SRINI,2/22/1941,M,M,brett8@adventure-works.com,"$30,000 ",1,Bachelors,Clerical,Y
25554,MR.,JERMAINE,PEREZ,10/22/1943,S,M,jermaine20@adventure-works.com,"$10,000 ",3,Partial College,Manual,N
25555,MS.,TRISHA,LU,2/13/1980,M,F,trisha6@adventure-works.com,"$10,000 ",0,Partial College,Manual,N
25556,MS.,JOAN,MARTIN,9/26/1980,S,F,joan19@adventure-works.com,"$10,000 ",0,Partial College,Manual,Y
25557,MR.,TYRONE,NAVARRO,8/2/1980,M,M,tyrone9@adventure-works.com,"$10,000 ",0,Partial College,Manual,Y
25558,MR.,ZACHARY,WILSON,3/15/1980,S,M,zachary36@adventure-works.com,"$10,000 ",0,Partial College,Manual,Y
25559,MR.,TROY,SANCHEZ,9/10/1980,S,M,troy22@adventure-works.com,"$20,000 ",0,Bachelors,Clerical,Y
25560,MS.,DAISY,VAZQUEZ,5/25/1978,M,F,daisy9@adventure-works.com,"$10,000 ",0,Partial College,Manual,Y
25561,MR.,MICAH,ZENG,2/23/1977,S,M,micah10@adventure-works.com,"$10,000 ",0,High School,Manual,N
25562,MS.,BONNIE,SHARMA,10/9/1979,M,F,bonnie15@adventure-works.com,"$20,000 ",0,Bachelors,Clerical,Y
25563,MS.,NATASHA,SERRANO,4/28/1978,S,F,natasha16@adventure-works.com,"$20,000 ",0,Bachelors,Clerical,N
25564,MR.,FERNANDO,NELSON,9/20/1977,S,M,fernando34@adventure-works.com,"$10,000 ",1,High School,Manual,Y
25565,MR.,KEVIN,PEREZ,12/7/1977,S,M,kevin40@adventure-works.com,"$10,000 ",1,High School,Manual,N
25566,MS.,KRISTINE,NAVARRO,9/26/1977,M,F,kristine11@adventure-works.com,"$20,000 ",0,Partial College,Manual,Y
25567,MR.,DENNIS,ZHENG,7/12/1977,S,M,dennis21@adventure-works.com,"$20,000 ",0,Partial College,Manual,N
25568,MS.,CHRISTY,WU,9/21/1977,M,F,christy6@adventure-works.com,"$20,000 ",0,Partial College,Manual,Y
25569,MR.,JÉSUS,ALVAREZ,7/18/1943,S,M,jésus5@adventure-works.com,"$10,000 ",3,Partial College,Manual,N
25570,MRS.,ROBYN,TORRES,5/17/1943,S,F,robyn9@adventure-works.com,"$20,000 ",1,Partial College,Manual,Y
25571,MR.,RICHARD,LOPEZ,6/9/1943,S,M,richard23@adventure-works.com,"$30,000 ",1,Bachelors,Clerical,N
25572,MR.,ALLEN,GONZALEZ,9/3/1943,S,M,allen17@adventure-works.com,"$30,000 ",1,Bachelors,Clerical,N
25573,MRS.,ROSA,ZHOU,4/9/1943,M,F,rosa9@adventure-works.com,"$30,000 ",1,Bachelors,Clerical,Y
25574,MR.,BRADLEY,RAJE,9/12/1961,S,M,bradley16@adventure-works.com,"$30,000 ",4,Graduate Degree,Clerical,N
25575,MR.,ELIJAH,CAMPBELL,8/27/1961,S,M,elijah35@adventure-works.com,"$30,000 ",4,Graduate Degree,Clerical,N
25576,MRS.,DEBORAH,SHE,3/12/1961,S,F,deborah4@adventure-works.com,"$30,000 ",3,Graduate Degree,Clerical,N
25577,MR.,ELIJAH,WRIGHT,7/18/1961,S,M,elijah44@adventure-works.com,"$30,000 ",3,Graduate Degree,Clerical,Y
25578,MRS.,SABRINA,MARTIN,5/21/1961,M,F,sabrina16@adventure-works.com,"$30,000 ",3,Graduate Degree,Clerical,Y
25579,MR.,BOBBY,PRASAD,2/9/1960,M,M,bobby5@adventure-works.com,"$10,000 ",1,High School,Manual,N
25580,MRS.,AMBER,ALLEN,10/21/1960,M,F,amber23@adventure-works.com,"$10,000 ",1,High School,Manual,Y
25581,MRS.,KAYLA,BRYANT,7/27/1960,S,F,kayla42@adventure-works.com,"$20,000 ",1,Partial College,Manual,Y
25582,MR.,LEONARD,LUO,6/19/1960,M,M,leonard7@adventure-works.com,"$20,000 ",1,Partial College,Manual,N
25583,MRS.,CAROLYN,ARTHUR,3/7/1959,S,F,carolyn6@adventure-works.com,"$20,000 ",2,Partial College,Manual,N
25584,MRS.,DOMINIQUE,SURI,4/17/1959,M,F,dominique0@adventure-works.com,"$30,000 ",3,Graduate Degree,Clerical,Y
25585,MR.,BRENT,SUN,4/10/1959,M,M,brent12@adventure-works.com,"$30,000 ",3,Graduate Degree,Clerical,Y
25586,MRS.,MOLLY,SUBRAM,8/23/1958,S,F,molly12@adventure-works.com,"$30,000 ",1,Graduate Degree,Clerical,Y
25587,MR.,ISAIAH,YOUNG,4/20/1960,M,M,isaiah42@adventure-works.com,"$30,000 ",3,Bachelors,Clerical,Y
25588,MR.,JERRY,PAL,8/4/1959,S,M,jerry13@adventure-works.com,"$30,000 ",3,Bachelors,Clerical,Y
25589,MS.,LYDIA,PEREZ,2/27/1959,S,F,lydia19@adventure-works.com,"$30,000 ",0,Bachelors,Clerical,Y
25590,MS.,NAOMI,GILL,9/24/1970,S,F,naomi14@adventure-works.com,"$20,000 ",0,Partial College,Manual,N
25591,MR.,PRESTON,RAY,4/22/1970,S,M,preston10@adventure-works.com,"$20,000 ",0,Partial College,Manual,Y
25592,MRS.,KENDRA,ORTEGA,9/18/1969,S,F,kendra22@adventure-works.com,"$10,000 ",2,High School,Manual,N
25593,MR.,MICHEAL,GILL,2/17/1969,M,M,micheal9@adventure-works.com,"$10,000 ",2,High School,Manual,Y
25594,MS.,CINDY,MALHOTRA,7/3/1970,M,F,cindy5@adventure-works.com,"$30,000 ",0,Bachelors,Clerical,Y
25595,MR.,LARRY,ROWE,8/3/1970,S,M,larry3@adventure-works.com,"$30,000 ",0,Bachelors,Clerical,N
25596,MS.,CHERYL,MORENO,10/24/1970,M,F,cheryl8@adventure-works.com,"$30,000 ",0,Bachelors,Clerical,N
25597,MR.,ALAN,SHE,5/6/1970,S,M,alan27@adventure-works.com,"$30,000 ",0,Bachelors,Clerical,N
25598,,KENDRA,RUIZ,7/17/1970,M,NA,kendra2@adventure-works.com,"$40,000 ",0,Graduate Degree,Clerical,Y
25599,MR.,AARON,RUSSELL,6/8/1969,S,M,aaron19@adventure-works.com,"$10,000 ",2,High School,Manual,Y
25600,MR.,DEREK,ANAND,2/22/1969,M,M,derek20@adventure-works.com,"$30,000 ",0,Bachelors,Clerical,Y
25601,MRS.,GRACE,MORGAN,10/20/1969,S,F,grace29@adventure-works.com,"$30,000 ",1,Bachelors,Clerical,N
25602,MR.,JERMAINE,SARA,1/5/1969,S,M,jermaine8@adventure-works.com,"$60,000 ",0,Graduate Degree,Skilled Manual,Y
25603,MS.,DAWN,GUO,3/24/1969,S,F,dawn19@adventure-works.com,"$60,000 ",0,Graduate Degree,Skilled Manual,Y
25604,MR.,MARTIN,VANCE,3/27/1969,S,M,martin9@adventure-works.com,"$60,000 ",0,Graduate Degree,Skilled Manual,N
25605,MRS.,ABBY,KOVÁR,4/22/1952,S,F,abby3@adventure-works.com,"$20,000 ",2,Partial College,Manual,N
25606,MRS.,MEREDITH,FERNANDEZ,11/9/1952,S,F,meredith15@adventure-works.com,"$20,000 ",2,Partial College,Manual,Y
25607,MRS.,SHARON,CHANDER,11/26/1952,S,F,sharon21@adventure-works.com,"$20,000 ",2,Partial College,Manual,N
25608,MRS.,SANDRA,ZENG,8/3/1952,S,F,sandra29@adventure-works.com,"$20,000 ",2,Partial College,Manual,N
25609,MRS.,JAIME,RUIZ,11/3/1951,S,F,jaime2@adventure-works.com,"$20,000 ",2,Partial College,Manual,N
25610,MRS.,BRITTNEY,ZHAO,4/23/1968,S,F,brittney9@adventure-works.com,"$10,000 ",2,High School,Manual,Y
25611,MRS.,DEANNA,RODRIGUEZ,11/10/1968,S,F,deanna23@adventure-works.com,"$10,000 ",3,High School,Manual,Y
25612,MR.,CLINTON,RUBIO,9/21/1968,S,M,clinton17@adventure-works.com,"$20,000 ",1,Partial College,Manual,N
25613,MR.,ERIK,RUIZ,12/19/1968,M,M,erik3@adventure-works.com,"$20,000 ",1,Partial College,Manual,Y
25614,MRS.,DEANNA,SUBRAM,5/16/1968,M,F,deanna16@adventure-works.com,"$20,000 ",1,Partial College,Manual,Y
25615,MRS.,DESTINY,HALL,4/28/1968,M,F,destiny22@adventure-works.com,"$30,000 ",1,Bachelors,Clerical,Y
25616,MR.,JÉSUS,RUBIO,2/27/1968,M,M,jésus20@adventure-works.com,"$30,000 ",1,Bachelors,Clerical,Y
25618,MR.,ALBERT,HERNANDEZ,6/24/1968,M,M,albert6@adventure-works.com,"$30,000 ",1,Bachelors,Clerical,N
25619,MR.,RAFAEL,RAJI,3/23/1968,M,M,rafael45@adventure-works.com,"$30,000 ",1,Bachelors,Clerical,Y
25620,MR.,ALEJANDRO,LU,4/27/1968,M,M,alejandro14@adventure-works.com,"$90,000 ",4,Bachelors,Management,Y
25621,MR.,BRANDON,FLORES,1/14/1968,M,M,brandon9@adventure-works.com,"$90,000 ",4,Bachelors,Management,Y
25622,MRS.,MARY,HILL,1/10/1968,S,F,mary26@adventure-works.com,"$100,000 ",2,Bachelors,Management,Y
25623,MRS.,MARIA,OLIVER,3/5/1968,M,F,maria52@adventure-works.com,"$100,000 ",2,Bachelors,Management,Y
25624,MRS.,MARY,SCOTT,10/10/1968,M,F,mary27@adventure-works.com,"$100,000 ",3,Bachelors,Management,Y
25625,MRS.,KRYSTAL,CAI,7/18/1964,M,F,krystal21@adventure-works.com,"$10,000 ",3,Partial High School,Manual,Y
25626,MRS.,JANET,DIAZ,5/21/1964,M,F,janet8@adventure-works.com,"$10,000 ",3,Partial High School,Manual,Y
25627,MR.,JOE,CARLSON,3/24/1964,M,M,joe42@adventure-works.com,"$20,000 ",2,High School,Manual,Y
25628,MRS.,JESSIE,DOMINGUEZ,5/27/1964,M,F,jessie32@adventure-works.com,"$20,000 ",3,High School,Manual,Y
25629,MR.,MICHEAL,SERRANO,10/7/1963,M,M,micheal12@adventure-works.com,"$10,000 ",3,Partial High School,Manual,Y
25630,MRS.,MANDY,ZENG,10/14/1963,M,F,mandy23@adventure-works.com,"$10,000 ",3,Partial High School,Manual,Y
25631,MRS.,JULIE,DENG,8/8/1963,S,F,julie5@adventure-works.com,"$20,000 ",3,High School,Manual,N
25632,MR.,LEE,MORENO,10/17/1932,S,M,lee4@adventure-works.com,"$20,000 ",2,Partial College,Manual,N
25633,MRS.,TARA,SUTTON,8/11/1933,M,F,tara4@adventure-works.com,"$30,000 ",1,Bachelors,Skilled Manual,Y
25634,MS.,LYDIA,ARUN,11/25/1966,S,F,lydia6@adventure-works.com,"$40,000 ",0,Bachelors,Professional,N
25635,MR.,WARREN,ZHAO,4/9/1966,M,M,warren26@adventure-works.com,"$40,000 ",0,Bachelors,Professional,N
25636,MR.,TOMMY,RAJI,3/26/1966,S,M,tommy18@adventure-works.com,"$40,000 ",0,Bachelors,Professional,N
25637,MS.,RAQUEL,MORENO,4/24/1966,M,F,raquel4@adventure-works.com,"$80,000 ",0,Graduate Degree,Skilled Manual,Y
25638,MR.,DALE,TANG,3/11/1965,S,M,dale3@adventure-works.com,"$30,000 ",2,Partial College,Clerical,N
25639,MR.,RUSSELL,LAL,8/2/1965,M,M,russell11@adventure-works.com,"$30,000 ",2,Partial College,Clerical,Y
25640,MRS.,CANDICE,ZHAO,11/25/1965,S,F,candice16@adventure-works.com,"$30,000 ",2,Partial College,Clerical,Y
25641,MRS.,DANA,SCHMIDT,2/26/1965,M,F,dana13@adventure-works.com,"$40,000 ",1,Bachelors,Skilled Manual,Y
25642,MR.,JON,RAI,3/12/1965,M,M,jon14@adventure-works.com,"$40,000 ",1,Bachelors,Skilled Manual,Y
25643,MR.,SERGIO,ARUN,8/19/1964,M,M,sergio7@adventure-works.com,"$30,000 ",2,Partial College,Clerical,Y
25644,MR.,ANDREW,LEWIS,7/8/1964,M,M,andrew28@adventure-works.com,"$30,000 ",2,Partial College,Clerical,Y
25645,MR.,TOMMY,SHEN,8/23/1964,S,M,tommy0@adventure-works.com,"$30,000 ",2,Partial College,Clerical,Y
25646,MR.,RANDALL,TORRES,10/17/1964,M,M,randall13@adventure-works.com,"$40,000 ",1,Bachelors,Skilled Manual,Y
25647,MRS.,KAITLYN,HERNANDEZ,2/9/1964,M,F,kaitlyn16@adventure-works.com,"$40,000 ",1,Bachelors,Skilled Manual,Y
25648,MRS.,MICHELE,CARLSON,6/19/1963,M,F,michele52@adventure-works.com,"$30,000 ",2,Partial College,Clerical,Y
25649,MRS.,TRINITY,MORGAN,11/24/1963,S,F,trinity19@adventure-works.com,"$30,000 ",3,Partial College,Clerical,Y
25650,MRS.,JILLIAN,SRINI,5/6/1963,M,F,jillian9@adventure-works.com,"$30,000 ",3,Partial College,Clerical,Y
25651,MR.,ALVIN,YUAN,6/16/1963,M,M,alvin29@adventure-works.com,"$40,000 ",1,Bachelors,Skilled Manual,N
25652,MS.,RACHAEL,SARA,6/27/1978,S,F,rachael10@adventure-works.com,"$20,000 ",0,High School,Manual,N
25653,MR.,ALAN,GAO,9/20/1977,S,M,alan18@adventure-works.com,"$20,000 ",0,High School,Manual,N
25654,MRS.,CARLA,MALHOTRA,4/3/1979,M,F,carla8@adventure-works.com,"$20,000 ",4,High School,Manual,Y
25655,MRS.,VIRGINIA,ARUN,2/15/1963,M,F,virginia8@adventure-works.com,"$40,000 ",1,Bachelors,Skilled Manual,Y
25656,MRS.,BRENDA,SANCHEZ,11/9/1962,M,F,brenda24@adventure-works.com,"$40,000 ",1,Bachelors,Skilled Manual,Y
25657,MRS.,TAMMY,GONZALEZ,4/14/1962,M,F,tammy19@adventure-works.com,"$40,000 ",1,Bachelors,Skilled Manual,Y
25658,MR.,RICKY,DOMINGUEZ,5/4/1962,M,M,ricky13@adventure-works.com,"$40,000 ",1,Bachelors,Skilled Manual,N
25659,MR.,LEE,NAVARRO,2/5/1962,M,M,lee8@adventure-works.com,"$40,000 ",1,Bachelors,Skilled Manual,Y
25660,MR.,WARREN,PAL,3/27/1962,M,M,warren1@adventure-works.com,"$40,000 ",1,Bachelors,Skilled Manual,Y
25661,MR.,MANUEL,SAI,7/12/1962,M,M,manuel4@adventure-works.com,"$40,000 ",1,Bachelors,Skilled Manual,Y
25662,MR.,ANDRE,KAPOOR,5/9/1978,M,M,andre1@adventure-works.com,"$30,000 ",3,Partial College,Clerical,Y
25663,MR.,MASATO,KAWAI,7/23/1978,M,M,masato0@adventure-works.com,"$30,000 ",3,Partial College,Clerical,Y
25664,MR.,JON,HU,7/22/1978,M,M,jon40@adventure-works.com,"$30,000 ",4,Partial College,Clerical,Y
25665,MS.,THERESA,ROMERO,10/5/1977,S,F,theresa6@adventure-works.com,"$20,000 ",0,High School,Manual,N
25666,MR.,MICHEAL,MUNOZ,11/5/1977,M,M,micheal2@adventure-works.com,"$30,000 ",5,Partial College,Clerical,Y
25667,MS.,JACLYN,GAO,10/28/1977,S,F,jaclyn16@adventure-works.com,"$30,000 ",0,Partial College,Clerical,N
25668,MS.,CAROLYN,LOPEZ,9/25/1977,S,F,carolyn16@adventure-works.com,"$30,000 ",0,Partial College,Clerical,Y
25669,MS.,STACY,ORTEGA,11/27/1977,S,F,stacy22@adventure-works.com,"$30,000 ",0,Partial College,Clerical,N
25670,MS.,ARIANA,BROOKS,7/9/1976,S,F,ariana1@adventure-works.com,"$20,000 ",0,High School,Manual,N
25671,MR.,BRETT,ARUN,11/6/1976,S,M,brett6@adventure-works.com,"$20,000 ",0,High School,Manual,N
25672,MS.,JANELLE,SUBRAM,4/13/1975,S,F,janelle10@adventure-works.com,"$10,000 ",0,Partial High School,Manual,Y
25673,MR.,ISAIAH,TURNER,4/10/1976,S,M,isaiah28@adventure-works.com,"$20,000 ",0,High School,Manual,Y
25674,MR.,REGINALD,NAVARRO,7/26/1976,S,M,reginald17@adventure-works.com,"$30,000 ",0,Partial College,Clerical,N
25675,MR.,JOE,BLANCO,6/11/1976,S,M,joe39@adventure-works.com,"$30,000 ",0,Partial College,Clerical,N
25676,MS.,MACKENZIE,SCOTT,8/13/1976,S,F,mackenzie34@adventure-works.com,"$30,000 ",0,Partial College,Clerical,Y
25677,MS.,VERONICA,LOPEZ,2/25/1974,M,F,veronica18@adventure-works.com,"$20,000 ",0,Partial High School,Manual,Y
25678,MS.,ERICA,YANG,11/3/1974,S,F,erica4@adventure-works.com,"$20,000 ",0,Partial High School,Manual,N
25679,MS.,MEREDITH,RODRIGUEZ,6/21/1975,S,F,meredith19@adventure-works.com,"$30,000 ",0,Partial College,Clerical,N
25680,MR.,MANUEL,SUBRAM,9/26/1975,S,M,manuel11@adventure-works.com,"$30,000 ",0,Partial College,Clerical,N
25681,MS.,MELINDA,SERRANO,3/2/1975,S,F,melinda11@adventure-works.com,"$30,000 ",0,Partial College,Clerical,N
25682,MS.,CHERYL,RAMOS,11/26/1973,M,F,cheryl20@adventure-works.com,"$10,000 ",0,Partial High School,Manual,Y
25683,MS.,EBONY,RUIZ,8/25/1970,S,F,ebony24@adventure-works.com,"$10,000 ",0,Graduate Degree,Manual,N
25684,MR.,JERMAINE,SANCHEZ,3/3/1962,S,M,jermaine19@adventure-works.com,"$10,000 ",1,Graduate Degree,Manual,N
25685,MRS.,BARBARA,LIU,12/20/1962,M,F,barbara14@adventure-works.com,"$10,000 ",1,Bachelors,Manual,Y
25686,MRS.,NAOMI,HERNANDEZ,5/9/1962,S,F,naomi3@adventure-works.com,"$20,000 ",1,Graduate Degree,Manual,N
25687,MRS.,JADE,COOK,9/13/1961,S,F,jade17@adventure-works.com,"$10,000 ",1,Bachelors,Manual,N
25688,MR.,PATRICK,MORRIS,7/25/1961,S,M,patrick23@adventure-works.com,"$10,000 ",1,Bachelors,Manual,Y
25689,MRS.,ANDREA,CAMPBELL,5/23/1962,S,F,andrea32@adventure-works.com,"$20,000 ",1,Graduate Degree,Clerical,Y
25690,MR.,THEODORE,ALVAREZ,6/13/1961,M,M,theodore5@adventure-works.com,"$20,000 ",1,Graduate Degree,Clerical,Y
25691,MR.,MITCHELL,BLACK,7/25/1961,M,M,mitchell17@adventure-works.com,"$20,000 ",1,Graduate Degree,Clerical,N
25692,MR.,KELVIN,YUAN,6/17/1935,M,M,kelvin4@adventure-works.com,"$30,000 ",1,Graduate Degree,Clerical,Y
25693,MRS.,BRANDY,SUBRAM,8/22/1962,S,F,brandy9@adventure-works.com,"$30,000 ",5,Graduate Degree,Clerical,Y
25694,MRS.,DAWN,RAJE,4/23/1962,S,F,dawn38@adventure-works.com,"$30,000 ",4,Graduate Degree,Clerical,Y
25695,MRS.,KRISTINE,BLANCO,4/16/1958,S,F,kristine16@adventure-works.com,"$10,000 ",1,Bachelors,Manual,N
25696,MR.,DAMIEN,LUO,8/22/1957,M,M,damien23@adventure-works.com,"$10,000 ",1,Partial College,Manual,Y
25697,MR.,MIGUEL,HARRIS,4/11/1956,S,M,miguel13@adventure-works.com,"$10,000 ",2,Partial College,Manual,N
25698,MRS.,ARIANA,MURPHY,7/28/1956,M,F,ariana13@adventure-works.com,"$10,000 ",2,Partial College,Manual,Y
25699,MR.,MARCUS,KELLY,9/21/1956,S,M,marcus76@adventure-works.com,"$10,000 ",2,Partial College,Manual,Y
25700,MRS.,FAITH,COLEMAN,8/18/1954,S,F,faith5@adventure-works.com,"$10,000 ",2,Partial College,Manual,Y
25701,MR.,FRANCISCO,GARCIA,6/4/1940,M,M,francisco16@adventure-works.com,"$20,000 ",1,Bachelors,Clerical,Y
25702,MRS.,EVELYN,LOPEZ,4/14/1942,S,F,evelyn17@adventure-works.com,"$20,000 ",1,Partial College,Manual,Y
25703,MRS.,SUMMER,RANA,7/21/1942,M,F,summer9@adventure-works.com,"$30,000 ",1,Bachelors,Clerical,Y
25704,MR.,SETH,MURPHY,2/5/1980,S,M,seth86@adventure-works.com,"$10,000 ",0,Partial College,Manual,Y
25705,MR.,LEVI,PRASAD,6/26/1979,S,M,levi8@adventure-works.com,"$10,000 ",0,Partial College,Manual,Y
25706,MR.,FRANCISCO,MADAN,6/14/1978,S,M,francisco8@adventure-works.com,"$10,000 ",0,Partial College,Manual,N
25707,MR.,LOUIS,RAJE,11/23/1978,M,M,louis30@adventure-works.com,"$10,000 ",0,Partial College,Manual,Y
25708,MS.,MISTY,SHARMA,7/9/1978,S,F,misty11@adventure-works.com,"$10,000 ",0,Partial College,Manual,N
25709,MRS.,SAVANNAH,LOPEZ,1/9/1979,M,F,savannah44@adventure-works.com,"$10,000 ",1,High School,Manual,Y
25710,MS.,DIANA,GILL,11/21/1979,M,F,diana13@adventure-works.com,"$20,000 ",0,Bachelors,Clerical,N
25711,MR.,MARIO,LUO,9/23/1979,S,M,mario5@adventure-works.com,"$20,000 ",0,Bachelors,Clerical,N
25712,MR.,BRENT,HE,8/16/1979,S,M,brent18@adventure-works.com,"$20,000 ",0,Bachelors,Clerical,Y
25713,MS.,LATASHA,GILL,3/19/1979,S,F,latasha13@adventure-works.com,"$20,000 ",0,Bachelors,Clerical,Y
25714,MR.,DARREN,GUTIERREZ,9/3/1978,S,M,darren33@adventure-works.com,"$20,000 ",0,Bachelors,Clerical,Y
25715,MS.,TABITHA,SARA,7/21/1978,S,F,tabitha8@adventure-works.com,"$20,000 ",0,Bachelors,Clerical,N
25716,MR.,EDWIN,GAO,11/25/1978,S,M,edwin16@adventure-works.com,"$20,000 ",0,Bachelors,Clerical,N
25717,MR.,ERNEST,GUO,3/18/1978,M,M,ernest17@adventure-works.com,"$20,000 ",0,Bachelors,Clerical,Y
25718,MR.,TERRANCE,MARTINEZ,8/24/1977,S,M,terrance15@adventure-works.com,"$20,000 ",0,Partial College,Manual,N
25719,MRS.,KRISTINE,DIAZ,2/11/1943,S,F,kristine4@adventure-works.com,"$20,000 ",2,Partial College,Manual,N
25720,MR.,RONALD,GARCIA,4/4/1943,M,M,ronald17@adventure-works.com,"$20,000 ",2,Partial College,Manual,N
25721,MRS.,APRIL,NARA,10/20/1943,M,F,april13@adventure-works.com,"$30,000 ",1,Bachelors,Clerical,Y
25722,MR.,NOAH,MITCHELL,7/19/1961,S,M,noah38@adventure-works.com,"$20,000 ",1,Partial College,Manual,N
25723,MRS.,KATE,NARA,11/13/1961,S,F,kate13@adventure-works.com,"$30,000 ",4,Graduate Degree,Clerical,N
25724,MRS.,TABITHA,FERNANDEZ,8/26/1961,M,F,tabitha13@adventure-works.com,"$30,000 ",4,Graduate Degree,Clerical,Y
25725,MR.,CHAD,LAL,2/4/1961,M,M,chad10@adventure-works.com,"$30,000 ",4,Graduate Degree,Clerical,Y
25726,MR.,BRENDAN,DENG,11/5/1961,S,M,brendan1@adventure-works.com,"$30,000 ",4,Graduate Degree,Clerical,Y
25727,MRS.,CHERYL,TORRES,11/21/1961,M,F,cheryl14@adventure-works.com,"$30,000 ",4,Graduate Degree,Clerical,Y
25728,MR.,NELSON,ROMERO,3/8/1961,M,M,nelson8@adventure-works.com,"$30,000 ",3,Graduate Degree,Clerical,N
25729,MRS.,TABITHA,KAPOOR,1/12/1960,M,F,tabitha1@adventure-works.com,"$20,000 ",1,Partial College,Manual,Y
25730,MRS.,ISABELLE,SIMMONS,1/13/1960,S,F,isabelle14@adventure-works.com,"$20,000 ",1,Partial College,Manual,Y
25731,MRS.,COLLEEN,TANG,5/3/1960,S,F,colleen28@adventure-works.com,"$20,000 ",1,Partial College,Manual,Y
25732,MRS.,JOANNA,SANZ,9/10/1960,M,F,joanna19@adventure-works.com,"$20,000 ",1,Partial College,Manual,N
25733,MRS.,JOANNA,BLANCO,11/18/1959,S,F,joanna14@adventure-works.com,"$10,000 ",1,High School,Manual,Y
25734,MR.,ALVIN,ZHENG,9/13/1958,S,M,alvin18@adventure-works.com,"$30,000 ",1,Graduate Degree,Clerical,N
25736,MR.,DARRELL,STONE,3/8/1960,M,M,darrell11@adventure-works.com,"$30,000 ",3,Bachelors,Clerical,Y
25737,MR.,MARSHALL,LIU,3/20/1960,M,M,marshall3@adventure-works.com,"$40,000 ",3,Graduate Degree,Clerical,Y
25738,MS.,JACQUELYN,RUIZ,7/16/1959,M,F,jacquelyn2@adventure-works.com,"$30,000 ",0,Bachelors,Clerical,Y
25739,MR.,CORY,RODRIGUEZ,6/20/1958,S,M,cory16@adventure-works.com,"$30,000 ",1,Bachelors,Clerical,N
25740,MRS.,KELLIE,MUNOZ,3/22/1970,M,F,kellie6@adventure-works.com,"$10,000 ",1,High School,Manual,Y
25741,MS.,TABITHA,SAI,4/26/1970,M,F,tabitha4@adventure-works.com,"$30,000 ",0,Bachelors,Clerical,Y
25742,MRS.,TAMARA,HE,2/11/1969,S,F,tamara8@adventure-works.com,"$10,000 ",2,High School,Manual,Y
25743,MR.,ALVIN,LIU,10/12/1970,M,M,alvin5@adventure-works.com,"$30,000 ",0,Bachelors,Clerical,N
25744,MR.,GABRIEL,GRIFFIN,5/20/1970,M,M,gabriel18@adventure-works.com,"$30,000 ",0,Bachelors,Clerical,Y
25745,MS.,MAYRA,ARUN,6/10/1969,S,F,mayra6@adventure-works.com,"$20,000 ",0,Partial College,Manual,N
25746,MS.,LINDSAY,SIMPSON,4/26/1969,S,F,lindsay2@adventure-works.com,"$20,000 ",0,Partial College,Manual,Y
25747,MR.,MARSHALL,XU,7/21/1969,S,M,marshall11@adventure-works.com,"$20,000 ",0,Partial College,Manual,N
25748,MRS.,KAYLA,BUTLER,8/11/1969,S,F,kayla38@adventure-works.com,"$30,000 ",1,Bachelors,Clerical,N
25749,MRS.,ASHLEE,MOYER,8/6/1969,M,F,ashlee2@adventure-works.com,"$30,000 ",1,Bachelors,Clerical,N
25750,MR.,FRANCIS,BLANCO,3/2/1969,S,M,francis13@adventure-works.com,"$40,000 ",0,Graduate Degree,Clerical,Y
25751,MS.,GINA,ALVAREZ,2/3/1969,M,F,gina5@adventure-works.com,"$60,000 ",0,Graduate Degree,Skilled Manual,Y
25752,MRS.,CHRISTY,MCDONALD,10/25/1952,S,F,christy7@adventure-works.com,"$20,000 ",2,Partial College,Manual,N
25753,MRS.,NICHOLE,LAL,8/14/1951,S,F,nichole8@adventure-works.com,"$10,000 ",3,High School,Manual,N
25754,MR.,CALVIN,SHARMA,11/21/1951,S,M,calvin9@adventure-works.com,"$10,000 ",4,High School,Manual,N
25755,MR.,JEFFERY,HUANG,4/24/1968,M,M,jeffery6@adventure-works.com,"$10,000 ",3,High School,Manual,Y
25756,MRS.,CASSANDRA,MALHOTRA,8/12/1968,M,F,cassandra5@adventure-works.com,"$20,000 ",1,Partial College,Manual,Y
25757,MR.,JEFFERY,WU,7/11/1968,S,M,jeffery7@adventure-works.com,"$20,000 ",1,Partial College,Manual,N
25758,MRS.,LESLIE,GUTIERREZ,4/7/1968,M,F,leslie12@adventure-works.com,"$20,000 ",1,Partial College,Manual,N
25759,MRS.,SAVANNAH,KELLY,2/13/1968,S,F,savannah1@adventure-works.com,"$20,000 ",1,Partial College,Manual,Y
25762,MRS.,STEFANIE,FERNANDEZ,2/12/1968,M,F,stefanie13@adventure-works.com,"$30,000 ",1,Bachelors,Clerical,Y
25763,MRS.,HANNAH,JOHNSON,11/3/1968,M,F,hannah2@adventure-works.com,"$90,000 ",4,Partial College,Skilled Manual,Y
25764,MRS.,ALEXANDRIA,PRICE,3/17/1968,S,F,alexandria0@adventure-works.com,"$90,000 ",4,Partial College,Skilled Manual,N
25765,MRS.,NATALIE,WATSON,11/16/1968,S,F,natalie21@adventure-works.com,"$100,000 ",2,Bachelors,Management,N
25766,MRS.,ALLISON,KELLY,3/9/1968,M,F,allison1@adventure-works.com,"$100,000 ",3,Bachelors,Management,Y
25767,MRS.,BAILEY,HILL,10/22/1968,S,F,bailey32@adventure-works.com,"$100,000 ",3,Bachelors,Management,N
25768,MR.,TYRONE,RUIZ,1/2/1957,M,M,tyrone1@adventure-works.com,"$120,000 ",2,High School,Professional,Y
25769,MR.,GERALD,RUBIO,6/27/1957,S,M,gerald28@adventure-works.com,"$130,000 ",2,Partial College,Professional,N
25770,MR.,REGINALD,BLANCO,9/23/1956,M,M,reginald1@adventure-works.com,"$90,000 ",2,High School,Professional,Y
25771,MRS.,GABRIELLA,RIVERA,4/8/1956,S,F,gabriella15@adventure-works.com,"$120,000 ",3,High School,Professional,N
25772,MR.,HAROLD,KAPOOR,11/5/1956,S,M,harold19@adventure-works.com,"$120,000 ",3,High School,Professional,Y
25773,MR.,JACK,SIMMONS,5/24/1956,S,M,jack15@adventure-works.com,"$120,000 ",3,High School,Professional,N
25774,MR.,COREY,PAL,3/5/1956,M,M,corey10@adventure-works.com,"$130,000 ",3,Partial College,Professional,Y
25775,MRS.,MARIE,CHANDRA,5/22/1956,M,F,marie6@adventure-works.com,"$130,000 ",3,Partial College,Professional,Y
25776,MR.,DAMIEN,ZHOU,5/17/1956,M,M,damien6@adventure-works.com,"$160,000 ",2,High School,Professional,Y
25777,MRS.,STEPHANIE,BUTLER,3/10/1955,M,F,stephanie41@adventure-works.com,"$90,000 ",2,High School,Professional,Y
25778,MR.,LARRY,GOMEZ,4/6/1955,M,M,larry2@adventure-works.com,"$130,000 ",3,Partial College,Professional,Y
25779,MR.,MARSHALL,CAI,5/16/1944,M,M,marshall19@adventure-works.com,"$90,000 ",5,Partial College,Professional,N
25780,MRS.,DANA,GILL,6/5/1944,S,F,dana6@adventure-works.com,"$90,000 ",5,Partial College,Professional,N
25781,MR.,ALEJANDRO,XIE,2/19/1944,S,M,alejandro29@adventure-works.com,"$160,000 ",3,Bachelors,Management,N
25782,MR.,MARSHALL,GAO,7/4/1946,M,M,marshall14@adventure-works.com,"$130,000 ",4,Partial College,Professional,N
25783,MR.,OMAR,SUN,9/15/1946,S,M,omar12@adventure-works.com,"$130,000 ",4,Partial College,Professional,N
25784,MR.,DAMIEN,RAJE,12/3/1946,S,M,damien30@adventure-works.com,"$160,000 ",3,Bachelors,Management,N
25785,MR.,JACKSON,EDWARDS,8/15/1954,S,M,jackson31@adventure-works.com,"$90,000 ",3,High School,Professional,Y
25786,MRS.,CHERYL,ROMERO,7/1/1953,M,F,cheryl11@adventure-works.com,"$90,000 ",3,Partial College,Professional,Y
25787,MR.,LEE,SERRANO,3/28/1954,M,M,lee15@adventure-works.com,"$100,000 ",3,High School,Professional,Y
25788,MRS.,NICHOLE,YUAN,10/8/1954,S,F,nichole6@adventure-works.com,"$110,000 ",3,Partial College,Professional,N
25789,MRS.,JULIA,MITCHELL,8/12/1953,S,F,julia9@adventure-works.com,"$90,000 ",4,Partial College,Professional,Y
25790,MR.,CAMERON,PATTERSON,9/10/1953,M,M,cameron5@adventure-works.com,"$100,000 ",3,Bachelors,Management,N
25791,MR.,SETH,FOSTER,5/27/1953,S,M,seth64@adventure-works.com,"$100,000 ",3,Bachelors,Management,N
25792,MRS.,ALYSSA,GONZALES,4/7/1953,S,F,alyssa62@adventure-works.com,"$110,000 ",3,Bachelors,Management,Y
25793,MRS.,ANN,RANA,8/17/1953,M,F,ann16@adventure-works.com,"$110,000 ",2,Partial College,Professional,N
25794,MRS.,KRISTIN,TANG,10/24/1952,S,F,kristin6@adventure-works.com,"$90,000 ",4,High School,Professional,Y
25795,MRS.,MARIE,GOMEZ,7/13/1952,S,F,marie25@adventure-works.com,"$110,000 ",4,Partial College,Professional,Y
25796,MR.,KELVIN,JAI,3/12/1952,M,M,kelvin8@adventure-works.com,"$130,000 ",4,High School,Professional,Y
25797,MR.,MAX,TORRES,11/8/1951,M,M,max12@adventure-works.com,"$80,000 ",4,High School,Professional,Y
25798,MR.,CHRISTIAN,COLEMAN,3/24/1951,S,M,christian20@adventure-works.com,"$130,000 ",4,High School,Professional,N
25799,MRS.,ARIANNA,JAMES,3/18/1951,S,F,arianna29@adventure-works.com,"$130,000 ",4,High School,Professional,N
25800,MRS.,SHEENA,NATH,5/19/1950,S,F,sheena17@adventure-works.com,"$110,000 ",4,High School,Management,N
25801,MR.,COLIN,RAJI,5/2/1950,M,M,colin44@adventure-works.com,"$150,000 ",4,Partial College,Management,N
25802,MR.,CLAYTON,HE,11/14/1949,S,M,clayton17@adventure-works.com,"$120,000 ",4,Partial College,Management,N
25803,MR.,GREGORY,XU,5/9/1949,M,M,gregory9@adventure-works.com,"$120,000 ",4,High School,Management,Y
25804,MR.,NELSON,TORRES,4/8/1949,M,M,nelson10@adventure-works.com,"$150,000 ",4,Partial College,Management,Y
25805,MRS.,MELODY,GOMEZ,5/1/1949,M,F,melody1@adventure-works.com,"$170,000 ",5,Partial College,Management,N
25806,MR.,DWAYNE,DOMINGUEZ,5/6/1948,S,M,dwayne12@adventure-works.com,"$70,000 ",5,Partial High School,Skilled Manual,Y
25807,MRS.,KAITLIN,LOPEZ,11/10/1947,M,F,kaitlin15@adventure-works.com,"$90,000 ",5,Partial High School,Skilled Manual,Y
25808,MRS.,JANET,CARLSON,5/2/1947,S,F,janet24@adventure-works.com,"$90,000 ",5,Partial High School,Skilled Manual,Y
25809,MR.,NICHOLAS,WILLIAMS,11/26/1975,M,M,nicholas4@adventure-works.com,"$60,000 ",0,Bachelors,Professional,Y
25810,MR.,JIMMY,SANZ,3/14/1975,S,M,jimmy24@adventure-works.com,"$60,000 ",0,Bachelors,Professional,Y
25811,MR.,MIGUEL,WRIGHT,7/26/1976,S,M,miguel28@adventure-works.com,"$70,000 ",0,Bachelors,Professional,N
25812,MS.,DONNA,LAL,3/15/1976,S,F,donna8@adventure-works.com,"$70,000 ",0,Bachelors,Professional,Y
25813,MR.,ISAAC,HERNANDEZ,12/9/1975,S,M,isaac42@adventure-works.com,"$80,000 ",0,Bachelors,Professional,Y
25814,MS.,KRYSTAL,ZENG,10/13/1975,S,F,krystal22@adventure-works.com,"$80,000 ",0,Bachelors,Professional,N
25815,MS.,JACQUELYN,ROMERO,3/25/1975,M,F,jacquelyn9@adventure-works.com,"$80,000 ",0,Bachelors,Professional,Y
25816,,TERESA,NAVARRO,8/10/1975,M,NA,teresa10@adventure-works.com,"$80,000 ",0,Bachelors,Professional,N
25817,MR.,ISAAC,PHILLIPS,11/5/1973,M,M,isaac28@adventure-works.com,"$80,000 ",0,Bachelors,Professional,Y
25818,MR.,AARON,HILL,11/8/1974,S,M,aaron46@adventure-works.com,"$80,000 ",0,Bachelors,Professional,Y
25819,MR.,CARLOS,MORGAN,8/18/1973,M,M,carlos15@adventure-works.com,"$90,000 ",0,Bachelors,Professional,N
25820,MR.,ADAM,EVANS,11/25/1973,M,M,adam30@adventure-works.com,"$90,000 ",0,Bachelors,Professional,Y
25821,MS.,KRYSTAL,GAO,7/16/1973,S,F,krystal15@adventure-works.com,"$110,000 ",0,Partial College,Management,Y
25823,MR.,JAIME,XIE,7/26/1973,S,M,jaime27@adventure-works.com,"$110,000 ",0,Partial College,Management,Y
25824,MR.,TERRY,PAL,6/25/1972,M,M,terry15@adventure-works.com,"$90,000 ",0,Bachelors,Professional,N
25825,MS.,TAMMY,FERNANDEZ,6/7/1972,M,F,tammy16@adventure-works.com,"$90,000 ",0,Bachelors,Professional,Y
25826,MR.,NATHANIEL,WATSON,4/10/1972,M,M,nathaniel1@adventure-works.com,"$110,000 ",0,Partial College,Management,N
25827,MS.,KARLA,NARA,3/2/1971,S,F,karla18@adventure-works.com,"$100,000 ",0,High School,Management,Y
25828,MR.,RONALD,MADAN,9/3/1970,M,M,ronald9@adventure-works.com,"$100,000 ",0,Partial High School,Professional,Y
25829,MS.,TONI,PATEL,3/16/1970,M,F,toni2@adventure-works.com,"$110,000 ",0,High School,Management,Y
25830,MR.,LOUIS,NATH,3/1/1970,M,M,louis34@adventure-works.com,"$120,000 ",0,Partial High School,Professional,Y
25831,MR.,SEBASTIAN,TORRES,6/25/1971,M,M,sebastian5@adventure-works.com,"$110,000 ",0,High School,Management,Y
25832,MR.,SHAWN,TANG,4/3/1971,S,M,shawn6@adventure-works.com,"$110,000 ",0,Partial High School,Professional,N
25833,MRS.,SABRINA,HERNANDEZ,2/8/1949,M,F,sabrina1@adventure-works.com,"$40,000 ",4,High School,Professional,Y
25834,MR.,JEREMY,DAVIS,11/18/1948,S,M,jeremy20@adventure-works.com,"$30,000 ",4,High School,Professional,N
25835,MRS.,DESTINY,FLORES,12/10/1947,M,F,destiny60@adventure-works.com,"$30,000 ",4,High School,Professional,N
25836,MR.,JAIME,LUO,12/19/1937,M,M,jaime29@adventure-works.com,"$50,000 ",3,Graduate Degree,Management,Y
25837,MR.,TIMOTHY,COOK,10/26/1937,M,M,timothy23@adventure-works.com,"$50,000 ",3,Graduate Degree,Management,Y
25838,MRS.,MAKAYLA,REED,2/27/1938,S,F,makayla16@adventure-works.com,"$60,000 ",3,Graduate Degree,Management,Y
25839,MR.,CONNOR,POWELL,9/6/1938,M,M,connor5@adventure-works.com,"$60,000 ",3,Graduate Degree,Management,Y
25840,MRS.,KARLA,PAL,1/17/1938,M,F,karla13@adventure-works.com,"$60,000 ",3,Graduate Degree,Management,Y
25841,MRS.,LINDSEY,BECKER,3/27/1938,S,F,lindsey20@adventure-works.com,"$60,000 ",3,Graduate Degree,Management,N
25842,MR.,COLE,BROOKS,4/10/1939,M,M,cole2@adventure-works.com,"$60,000 ",3,Graduate Degree,Management,Y
25843,MR.,HUNTER,PEREZ,2/17/1939,S,M,hunter32@adventure-works.com,"$60,000 ",3,Graduate Degree,Management,Y
25844,MRS.,RILEY,BUTLER,10/19/1940,S,F,riley12@adventure-works.com,"$40,000 ",4,High School,Professional,N
25845,MR.,TIMOTHY,CAMPBELL,7/13/1940,S,M,timothy32@adventure-works.com,"$60,000 ",3,Bachelors,Management,N
25846,MRS.,FAITH,BAILEY,8/26/1940,M,F,faith33@adventure-works.com,"$60,000 ",3,Bachelors,Management,Y
25847,MRS.,DESTINY,BROWN,12/12/1940,M,F,destiny4@adventure-works.com,"$60,000 ",3,Graduate Degree,Management,Y
25848,MR.,SAMUEL,ROBINSON,6/11/1941,S,M,samuel58@adventure-works.com,"$40,000 ",4,High School,Professional,Y
25849,MRS.,DANIELLE,COOPER,7/26/1941,M,F,danielle20@adventure-works.com,"$50,000 ",3,Bachelors,Management,Y
25850,MR.,JARED,SANCHEZ,3/24/1941,M,M,jared19@adventure-works.com,"$50,000 ",3,Bachelors,Management,Y
25851,MR.,SETH,WASHINGTON,3/14/1941,S,M,seth61@adventure-works.com,"$50,000 ",4,Bachelors,Management,N
25852,MRS.,AMANDA,BENNETT,6/27/1942,S,F,amanda22@adventure-works.com,"$50,000 ",4,Bachelors,Management,N
25853,MRS.,CHLOE,COLLINS,8/3/1943,M,F,chloe1@adventure-works.com,"$60,000 ",4,Bachelors,Management,Y
25854,MR.,JORDAN,CHEN,8/10/1943,M,M,jordan21@adventure-works.com,"$60,000 ",4,Bachelors,Management,Y
25855,MR.,DYLAN,DIAZ,4/5/1943,S,M,dylan21@adventure-works.com,"$60,000 ",4,Bachelors,Management,N
25856,MR.,BENJAMIN,SHARMA,5/17/1944,S,M,benjamin32@adventure-works.com,"$30,000 ",4,High School,Professional,Y
25857,MRS.,ABIGAIL,PERRY,9/5/1944,S,F,abigail75@adventure-works.com,"$30,000 ",5,Partial High School,Clerical,N
25858,MRS.,MARIAH,GONZALES,11/5/1945,S,F,mariah22@adventure-works.com,"$20,000 ",5,Partial High School,Clerical,Y
25859,MRS.,MACKENZIE,PETERSON,6/4/1945,S,F,mackenzie3@adventure-works.com,"$20,000 ",5,Partial High School,Clerical,Y
25860,MR.,JUSTIN,THOMAS,5/27/1945,S,M,justin30@adventure-works.com,"$20,000 ",5,Partial High School,Clerical,Y
25861,MR.,GARRETT,COOPER,2/26/1945,M,M,garrett13@adventure-works.com,"$30,000 ",5,Partial High School,Skilled Manual,Y
25862,MR.,JARED,BELL,9/2/1945,M,M,jared15@adventure-works.com,"$30,000 ",2,Partial High School,Skilled Manual,N
25863,MRS.,SYDNEY,WRIGHT,12/3/1946,S,F,sydney61@adventure-works.com,"$40,000 ",5,High School,Professional,Y
25864,MRS.,PETR,LAZECKY,6/7/1946,M,F,petr0@adventure-works.com,"$40,000 ",5,High School,Professional,Y
25866,MR.,TRISTAN,PERRY,11/10/1946,M,M,tristan8@adventure-works.com,"$40,000 ",5,High School,Professional,Y
25867,MR.,CARLOS,CARTER,10/20/1946,S,M,carlos38@adventure-works.com,"$70,000 ",5,Bachelors,Management,Y
25868,MRS.,JESSICA,LEWIS,11/4/1946,M,F,jessica69@adventure-works.com,"$70,000 ",5,Bachelors,Management,Y
25869,MR.,LUCAS,PARKER,8/10/1947,M,M,lucas9@adventure-works.com,"$40,000 ",2,High School,Professional,Y
25870,MR.,EDWARD,GONZALES,10/2/1947,M,M,edward65@adventure-works.com,"$40,000 ",2,High School,Professional,Y
25871,MR.,JASON,NELSON,6/23/1947,S,M,jason38@adventure-works.com,"$40,000 ",2,High School,Professional,Y
25872,MRS.,MELANIE,ROSS,10/18/1947,S,F,melanie19@adventure-works.com,"$70,000 ",2,Bachelors,Management,N
25874,MRS.,JESSICA,HALL,8/15/1947,M,F,jessica72@adventure-works.com,"$70,000 ",2,Bachelors,Management,Y
25875,MRS.,JOCELYN,PRICE,6/12/1948,M,F,jocelyn0@adventure-works.com,"$40,000 ",2,High School,Professional,N
25876,MR.,NOAH,KING,6/2/1948,M,M,noah46@adventure-works.com,"$60,000 ",2,Partial College,Professional,Y
25877,MRS.,ALYSSA,PRICE,12/4/1948,S,F,alyssa47@adventure-works.com,"$60,000 ",2,Partial College,Professional,Y
25878,MRS.,BRIANNA,SIMMONS,6/9/1948,S,F,brianna60@adventure-works.com,"$60,000 ",2,Bachelors,Management,N
25879,MRS.,ALYSSA,WOOD,6/11/1948,S,F,alyssa48@adventure-works.com,"$60,000 ",2,Bachelors,Management,Y
25880,MR.,JACKSON,KUMAR,5/8/1948,M,M,jackson1@adventure-works.com,"$60,000 ",2,Bachelors,Management,Y
25881,MRS.,JENNIFER,CLARK,3/22/1948,M,F,jennifer46@adventure-works.com,"$60,000 ",2,Bachelors,Management,Y
25882,MR.,EDWARD,ROBERTS,8/23/1948,M,M,edward15@adventure-works.com,"$60,000 ",2,Bachelors,Management,Y
25883,MR.,LUIS,CARTER,2/3/1949,M,M,luis43@adventure-works.com,"$60,000 ",2,Partial College,Professional,Y
25884,MR.,ELIJAH,EVANS,10/19/1950,M,M,elijah29@adventure-works.com,"$40,000 ",2,Partial High School,Skilled Manual,Y
25885,MRS.,HAILEY,WASHINGTON,10/17/1950,M,F,hailey33@adventure-works.com,"$40,000 ",2,Partial High School,Skilled Manual,Y
25886,MRS.,RACHEL,ROGERS,5/17/1950,M,F,rachel30@adventure-works.com,"$60,000 ",2,Partial College,Professional,Y
25888,MRS.,MORGAN,EDWARDS,4/23/1950,M,F,morgan1@adventure-works.com,"$60,000 ",2,Partial College,Professional,Y
25889,,REGINALD,MUNOZ,5/26/1950,M,NA,reginald14@adventure-works.com,"$60,000 ",2,Partial College,Professional,N
25890,MRS.,CHLOE,BROWN,9/15/1950,M,F,chloe38@adventure-works.com,"$60,000 ",2,Partial College,Professional,Y
25891,MR.,BRANDON,JOHNSON,9/21/1950,S,M,brandon38@adventure-works.com,"$80,000 ",3,Bachelors,Management,N
25892,MRS.,STEPHANIE,PRICE,3/21/1951,M,F,stephanie28@adventure-works.com,"$60,000 ",2,High School,Professional,Y
25893,MRS.,ALEXIA,ALEXANDER,4/26/1951,S,F,alexia15@adventure-works.com,"$60,000 ",2,High School,Professional,Y
25894,MR.,STEVE,ZENG,5/3/1951,M,M,steve25@adventure-works.com,"$60,000 ",2,Partial College,Professional,Y
25895,MR.,JESSE,RICHARDSON,3/5/1952,M,M,jesse9@adventure-works.com,"$40,000 ",2,Partial High School,Skilled Manual,N
25896,MRS.,MARISSA,COLEMAN,8/3/1952,M,F,marissa4@adventure-works.com,"$70,000 ",2,High School,Professional,Y
25897,MRS.,KIMBERLY,BAILEY,10/12/1952,M,F,kimberly18@adventure-works.com,"$70,000 ",2,High School,Professional,Y
25898,MRS.,BRITTNEY,CAI,11/16/1952,M,F,brittney20@adventure-works.com,"$70,000 ",2,High School,Professional,Y
25899,MRS.,CAITLIN,ROGERS,10/4/1952,M,F,caitlin17@adventure-works.com,"$70,000 ",2,High School,Professional,Y
25900,MRS.,HALEY,SANDERS,4/14/1952,M,F,haley19@adventure-works.com,"$70,000 ",2,Partial High School,Skilled Manual,Y
25901,MR.,LUCAS,HARRIS,11/15/1952,M,M,lucas27@adventure-works.com,"$70,000 ",2,Partial High School,Skilled Manual,N
25902,MR.,CAMERON,LI,7/6/1952,M,M,cameron22@adventure-works.com,"$70,000 ",2,Partial High School,Skilled Manual,Y
25903,MR.,MARSHALL,RAI,5/23/1952,M,M,marshall38@adventure-works.com,"$70,000 ",2,Partial High School,Skilled Manual,Y
25904,MR.,IAN,COLLINS,11/15/1953,S,M,ian39@adventure-works.com,"$60,000 ",3,High School,Professional,Y
25905,MR.,NATHAN,HAYES,11/25/1953,M,M,nathan19@adventure-works.com,"$60,000 ",3,Partial High School,Skilled Manual,N
25906,MRS.,CRYSTAL,ZHAO,4/2/1944,S,F,crystal11@adventure-works.com,"$10,000 ",5,High School,Skilled Manual,N
25907,MRS.,KELLI,SHEN,8/24/1944,M,F,kelli25@adventure-works.com,"$10,000 ",2,High School,Skilled Manual,Y
25908,MS.,MELISSA,LONG,3/23/1979,M,F,melissa4@adventure-works.com,"$60,000 ",0,Partial College,Skilled Manual,N
25909,MR.,CHASE,JAMES,6/5/1979,M,M,chase0@adventure-works.com,"$60,000 ",0,Partial College,Skilled Manual,Y
25910,MS.,NATALIE,MILLER,9/18/1979,M,F,natalie73@adventure-works.com,"$60,000 ",0,Partial College,Skilled Manual,Y
25911,MS.,ALEXANDRA,SANDERS,4/2/1978,S,F,alexandra22@adventure-works.com,"$40,000 ",0,High School,Skilled Manual,N
25912,MR.,WALTER,RUBIO,6/22/1947,M,M,walter14@adventure-works.com,"$10,000 ",2,Partial High School,Clerical,Y
25913,MR.,BETH,SRINI,8/10/1947,M,M,beth25@adventure-works.com,"$10,000 ",2,Partial High School,Clerical,Y
25914,MR.,SETH,HUGHES,4/1/1978,M,M,seth59@adventure-works.com,"$30,000 ",0,Partial College,Skilled Manual,Y
25915,MS.,PAIGE,BRYANT,5/9/1978,S,F,paige17@adventure-works.com,"$30,000 ",0,Partial College,Skilled Manual,N
25916,MS.,NAOMI,SERRANO,7/13/1978,M,F,naomi17@adventure-works.com,"$60,000 ",0,Partial College,Skilled Manual,Y
25917,MR.,KYLE,LONG,3/25/1978,M,M,kyle4@adventure-works.com,"$60,000 ",0,Partial College,Skilled Manual,N
25918,MRS.,CARLY,ANAND,2/10/1946,S,F,carly20@adventure-works.com,"$30,000 ",2,Partial College,Clerical,N
25919,MRS.,DANA,RAMOS,11/3/1946,M,F,dana10@adventure-works.com,"$30,000 ",2,Partial College,Clerical,N
25920,MR.,ORLANDO,GUTIERREZ,6/17/1946,M,M,orlando10@adventure-works.com,"$40,000 ",2,Bachelors,Management,N
25921,MR.,COLIN,SHAN,9/20/1947,S,M,colin33@adventure-works.com,"$30,000 ",2,Partial College,Clerical,N
25922,MRS.,VERONICA,MALHOTRA,9/14/1947,S,F,veronica5@adventure-works.com,"$30,000 ",2,Partial College,Clerical,Y
25923,MR.,MASON,PARKER,2/23/1948,S,M,mason20@adventure-works.com,"$10,000 ",2,Partial High School,Clerical,Y
25924,MS.,HANNAH,ROBINSON,11/20/1978,S,F,hannah16@adventure-works.com,"$70,000 ",0,Partial College,Skilled Manual,N
25925,MS.,BRIANNA,COOPER,11/2/1977,M,F,brianna35@adventure-works.com,"$40,000 ",0,Bachelors,Professional,N
25926,MR.,LARRY,GUTIERREZ,9/15/1948,M,M,larry13@adventure-works.com,"$20,000 ",4,High School,Skilled Manual,Y
25927,MRS.,TIFFANY,GUO,12/4/1948,S,F,tiffany18@adventure-works.com,"$20,000 ",2,High School,Skilled Manual,Y
25928,MR.,MARIO,SHARMA,6/8/1948,M,M,mario7@adventure-works.com,"$20,000 ",2,High School,Skilled Manual,Y
25929,MS.,ALEXANDRA,GRAY,9/25/1977,S,F,alexandra17@adventure-works.com,"$40,000 ",0,Partial College,Skilled Manual,N
25930,MR.,ETHAN,HARRIS,7/10/1977,S,M,ethan47@adventure-works.com,"$40,000 ",0,Partial College,Skilled Manual,Y
25931,MR.,RYAN,HENDERSON,8/10/1977,S,M,ryan7@adventure-works.com,"$40,000 ",0,Partial College,Skilled Manual,Y
25932,MR.,MARCUS,RODRIGUEZ,11/25/1977,S,M,marcus21@adventure-works.com,"$40,000 ",0,Partial College,Skilled Manual,N
25933,MR.,DALTON,STEWART,6/5/1977,S,M,dalton88@adventure-works.com,"$60,000 ",0,Partial College,Skilled Manual,N
25934,MR.,LUKE,KING,9/23/1977,S,M,luke49@adventure-works.com,"$70,000 ",0,Partial College,Skilled Manual,N
25935,MRS.,APRIL,TANG,3/18/1949,M,F,april4@adventure-works.com,"$20,000 ",2,Partial High School,Clerical,Y
25936,MRS.,DEANNA,SCHMIDT,10/27/1949,S,F,deanna46@adventure-works.com,"$20,000 ",2,Partial High School,Clerical,Y
25937,MR.,JON,YUAN,4/22/1949,M,M,jon47@adventure-works.com,"$20,000 ",2,Partial High School,Clerical,Y
25938,MR.,MARVIN,GUTIERREZ,10/22/1949,S,M,marvin11@adventure-works.com,"$30,000 ",3,Partial College,Clerical,N
25939,MR.,WILLIE,TANG,10/24/1950,M,M,willie23@adventure-works.com,"$20,000 ",2,Partial High School,Clerical,Y
25940,MR.,GERALD,ARUN,8/14/1951,S,M,gerald36@adventure-works.com,"$20,000 ",2,Partial High School,Clerical,Y
25941,MRS.,MOLLY,PEREZ,5/17/1951,M,F,molly20@adventure-works.com,"$20,000 ",2,Partial High School,Clerical,Y
25942,MS.,BRIANNA,BROOKS,1/17/1980,S,F,brianna45@adventure-works.com,"$60,000 ",0,Partial College,Skilled Manual,N
25943,MS.,BRIANNA,MCDONALD,2/3/1979,S,F,brianna55@adventure-works.com,"$70,000 ",0,Partial College,Skilled Manual,N
25944,MR.,RONALD,PEREZ,10/18/1952,S,M,ronald24@adventure-works.com,"$20,000 ",2,Partial High School,Clerical,Y
25945,MR.,BRENT,GUO,2/17/1952,M,M,brent17@adventure-works.com,"$30,000 ",3,High School,Skilled Manual,Y
25946,MRS.,BRITTA,SIMON,3/23/1953,M,F,britta1@adventure-works.com,"$40,000 ",2,Partial College,Skilled Manual,Y
25947,MR.,SAM,WILSON,10/13/1954,S,M,sam3@adventure-works.com,"$40,000 ",3,Partial High School,Clerical,Y
25948,MRS.,CHRISTINE,STONE,5/10/1954,S,F,christine1@adventure-works.com,"$40,000 ",3,Partial High School,Clerical,N
25949,MRS.,SUMMER,RAMAN,1/18/1954,S,F,summer10@adventure-works.com,"$40,000 ",3,Partial High School,Clerical,Y
25950,MR.,KYLE,KUMAR,6/26/1975,S,M,kyle24@adventure-works.com,"$40,000 ",0,High School,Skilled Manual,Y
25951,MR.,ANTHONY,ANDERSON,3/19/1975,S,M,anthony19@adventure-works.com,"$40,000 ",0,High School,Skilled Manual,N
25952,MR.,JON,ALONSO,5/22/1975,S,M,jon18@adventure-works.com,"$40,000 ",0,High School,Skilled Manual,N
25953,MR.,HUNTER,BUTLER,11/11/1975,M,M,hunter11@adventure-works.com,"$40,000 ",0,High School,Skilled Manual,Y
25954,MR.,NOAH,CARTER,8/10/1975,M,M,noah37@adventure-works.com,"$60,000 ",0,Partial College,Skilled Manual,N
25955,MS.,ANNA,ROBINSON,5/16/1975,S,F,anna56@adventure-works.com,"$60,000 ",0,Partial College,Skilled Manual,N
25956,MR.,CHARLES,RAMIREZ,12/20/1974,M,M,charles55@adventure-works.com,"$50,000 ",0,High School,Skilled Manual,Y
25957,MS.,STEPHANIE,WASHINGTON,7/10/1976,M,F,stephanie40@adventure-works.com,"$60,000 ",0,Partial College,Professional,N
25958,MR.,ALFREDO,ORTEGA,3/11/1956,S,M,alfredo23@adventure-works.com,"$80,000 ",2,High School,Skilled Manual,Y
25959,,KATHERINE,HALL,11/10/1976,S,NA,katherine96@adventure-works.com,"$60,000 ",0,Partial College,Professional,N
25960,MR.,WILLIE,CAI,6/5/1957,M,M,willie19@adventure-works.com,"$70,000 ",2,High School,Skilled Manual,Y
25961,MR.,RICARDO,GOEL,3/27/1957,S,M,ricardo18@adventure-works.com,"$70,000 ",2,High School,Skilled Manual,Y
25962,MS.,JORDYN,JENKINS,1/28/1973,S,F,jordyn6@adventure-works.com,"$80,000 ",0,Bachelors,Management,N
25963,MR.,CHARLES,MORRIS,11/14/1974,S,M,charles66@adventure-works.com,"$60,000 ",0,Partial College,Professional,Y
25964,MR.,CHRISTOPHER,WINSTON,2/9/1974,S,M,christopher26@adventure-works.com,"$60,000 ",0,Partial College,Professional,N
25965,MS.,ANDREA,ROBERTS,6/22/1966,S,F,andrea29@adventure-works.com,"$130,000 ",0,Graduate Degree,Management,N
25966,MR.,ALEX,WATSON,6/17/1966,M,M,alex3@adventure-works.com,"$130,000 ",1,Graduate Degree,Management,Y
25967,MRS.,ALEXIS,MARTINEZ,9/25/1957,M,F,alexis14@adventure-works.com,"$70,000 ",2,Partial High School,Skilled Manual,Y
25968,MR.,BENJAMIN,POWELL,10/9/1964,M,M,benjamin9@adventure-works.com,"$60,000 ",4,Bachelors,Skilled Manual,Y
25969,MR.,JASON,PARKER,4/17/1964,M,M,jason29@adventure-works.com,"$60,000 ",4,Bachelors,Skilled Manual,N
25970,MRS.,HAILEY,JAMES,9/13/1964,S,F,hailey17@adventure-works.com,"$60,000 ",4,Bachelors,Skilled Manual,N
25971,MRS.,SAVANNAH,YOUNG,4/8/1963,S,F,savannah40@adventure-works.com,"$70,000 ",4,Bachelors,Professional,Y
25972,MRS.,JOCELYN,HENDERSON,7/5/1963,S,F,jocelyn5@adventure-works.com,"$70,000 ",4,Bachelors,Professional,N
25973,MRS.,MARIAH,GRIFFIN,3/14/1963,S,F,mariah25@adventure-works.com,"$70,000 ",4,Bachelors,Professional,N
25974,MR.,NOAH,JAI,4/5/1963,M,M,noah26@adventure-works.com,"$70,000 ",4,Bachelors,Professional,Y
25975,MRS.,EBONY,GUTIERREZ,3/21/1963,S,F,ebony33@adventure-works.com,"$70,000 ",4,Bachelors,Professional,N
25976,MR.,HUNTER,COLEMAN,4/17/1968,S,M,hunter2@adventure-works.com,"$70,000 ",0,Bachelors,Professional,N
25977,MRS.,JENNA,LOPEZ,4/23/1968,M,F,jenna20@adventure-works.com,"$60,000 ",2,Graduate Degree,Professional,Y
25978,MRS.,MORGAN,PEREZ,11/23/1925,S,F,morgan9@adventure-works.com,"$90,000 ",5,Bachelors,Professional,Y
25979,MR.,MIGUEL,EDWARDS,2/2/1963,S,M,miguel44@adventure-works.com,"$70,000 ",4,Bachelors,Professional,Y
25980,MRS.,JULIA,JONES,4/10/1963,S,F,julia25@adventure-works.com,"$70,000 ",4,Bachelors,Professional,Y
25981,MR.,ISAIAH,HOWARD,11/15/1963,M,M,isaiah10@adventure-works.com,"$70,000 ",4,Bachelors,Professional,Y
25982,MS.,REBECCA,PHILLIPS,4/17/1963,S,F,rebecca8@adventure-works.com,"$70,000 ",0,Bachelors,Professional,N
25983,MR.,JACK,ALEXANDER,8/22/1963,M,M,jack19@adventure-works.com,"$70,000 ",0,Bachelors,Professional,N
25984,MRS.,ISABELLA,WRIGHT,11/26/1963,S,F,isabella51@adventure-works.com,"$60,000 ",3,Graduate Degree,Professional,Y
25985,MR.,JUSTIN,HARRIS,5/27/1963,M,M,justin41@adventure-works.com,"$60,000 ",3,Graduate Degree,Professional,N
25986,MRS.,ISABEL,BRYANT,1/24/1963,M,F,isabel17@adventure-works.com,"$60,000 ",3,Graduate Degree,Professional,N
25987,MR.,HUNTER,KUMAR,5/25/1962,M,M,hunter23@adventure-works.com,"$40,000 ",3,High School,Skilled Manual,Y
25988,MR.,VICTOR,MUÑOZ,1/18/1962,S,M,victor9@adventure-works.com,"$40,000 ",4,High School,Skilled Manual,Y
25989,MR.,JEREMY,PRICE,1/18/1962,M,M,jeremy21@adventure-works.com,"$70,000 ",1,Bachelors,Professional,Y
25990,MRS.,JENNA,PARKER,8/22/1962,S,F,jenna7@adventure-works.com,"$70,000 ",1,Bachelors,Professional,N
25991,MRS.,ARIANNA,HAYES,3/12/1962,M,F,arianna20@adventure-works.com,"$70,000 ",1,Partial College,Skilled Manual,Y
25992,MRS.,STEPHANIE,FLORES,5/12/1962,M,F,stephanie39@adventure-works.com,"$70,000 ",1,Partial College,Skilled Manual,Y
25993,MRS.,HEIDI,CHANDRA,5/27/1961,S,F,heidi4@adventure-works.com,"$40,000 ",4,High School,Skilled Manual,Y
25994,MR.,RICHARD,GARCIA,3/17/1961,S,M,richard10@adventure-works.com,"$40,000 ",4,High School,Skilled Manual,Y
25995,MR.,JACK,PHILLIPS,4/2/1961,M,M,jack41@adventure-works.com,"$40,000 ",4,High School,Skilled Manual,Y
25996,MRS.,FAITH,MURPHY,8/15/1961,M,F,faith32@adventure-works.com,"$60,000 ",1,Partial College,Skilled Manual,Y
25997,MRS.,KATHERINE,WRIGHT,11/21/1961,M,F,katherine68@adventure-works.com,"$60,000 ",1,Partial College,Skilled Manual,Y
25998,MR.,RICHARD,RIVERA,3/4/1961,M,M,richard89@adventure-works.com,"$60,000 ",1,Partial College,Skilled Manual,Y
25999,MR.,JOSHUA,THOMPSON,7/1/1960,M,M,joshua17@adventure-works.com,"$40,000 ",4,High School,Skilled Manual,Y
26000,MR.,CONNOR,LOPEZ,10/5/1960,S,M,connor40@adventure-works.com,"$40,000 ",0,Bachelors,Professional,N
26001,MR.,NICHOLAS,LEE,3/25/1967,S,M,nicholas2@adventure-works.com,"$50,000 ",0,Partial College,Skilled Manual,N
26002,MR.,SAMUEL,WALKER,10/3/1967,S,M,samuel72@adventure-works.com,"$50,000 ",0,Partial College,Skilled Manual,N
26003,MS.,DENISE,SUBRAM,11/25/1967,S,F,denise14@adventure-works.com,"$60,000 ",0,Graduate Degree,Professional,N
26004,MRS.,ARTHUR,WASHINGTON,11/8/1960,M,F,arthur45@adventure-works.com,"$60,000 ",1,Partial College,Skilled Manual,Y
26005,MRS.,ELIZABETH,CLARK,11/18/1960,M,F,elizabeth23@adventure-works.com,"$60,000 ",1,Partial College,Skilled Manual,Y
26006,MR.,GARRETT,PETERSON,10/24/1959,M,M,garrett10@adventure-works.com,"$60,000 ",4,Bachelors,Professional,Y
26007,MR.,JESSE,MORGAN,4/8/1959,M,M,jesse13@adventure-works.com,"$60,000 ",4,Bachelors,Professional,N
26008,MRS.,JENNIFER,GONZALES,6/23/1959,M,F,jennifer90@adventure-works.com,"$70,000 ",5,Graduate Degree,Professional,Y
26009,MR.,LUIS,FOSTER,9/13/1959,M,M,luis15@adventure-works.com,"$70,000 ",5,Graduate Degree,Professional,Y
26010,MRS.,MORGAN,CAMPBELL,12/23/1959,M,F,morgan5@adventure-works.com,"$70,000 ",5,Graduate Degree,Professional,Y
26011,MRS.,DAISUKE,YANAGISHIMA,3/11/1959,S,F,daisuke0@adventure-works.com,"$80,000 ",2,Graduate Degree,Professional,N
26012,MR.,MARK,BEBBINGTON,8/16/1958,M,M,mark8@adventure-works.com,"$80,000 ",1,Partial College,Skilled Manual,Y
26013,MRS.,VICTORIA,TAYLOR,4/21/1958,S,F,victoria10@adventure-works.com,"$60,000 ",1,Bachelors,Professional,Y
26014,MRS.,OLIVIA,TORRES,6/21/1958,S,F,olivia39@adventure-works.com,"$60,000 ",1,Bachelors,Professional,N
26015,MR.,GABRIEL,CHOW,4/22/1958,M,M,gabriel22@adventure-works.com,"$60,000 ",1,Bachelors,Professional,Y
26016,MR.,FERNANDO,KING,5/9/1958,S,M,fernando25@adventure-works.com,"$60,000 ",1,Bachelors,Professional,N
26017,MR.,DERRICK,ALONSO,5/7/1958,M,M,derrick8@adventure-works.com,"$70,000 ",5,Graduate Degree,Professional,N
26018,MR.,ZACHARY,THOMPSON,7/18/1958,M,M,zachary46@adventure-works.com,"$80,000 ",5,Graduate Degree,Professional,Y
26019,MR.,LUIS,ALLEN,5/5/1969,M,M,luis54@adventure-works.com,"$80,000 ",4,Graduate Degree,Management,Y
26020,MR.,BARRY,LOPEZ,4/20/1969,M,M,barry17@adventure-works.com,"$100,000 ",1,Graduate Degree,Management,Y
26021,MRS.,MEGHAN,GUTIERREZ,7/28/1969,S,F,meghan10@adventure-works.com,"$100,000 ",1,Graduate Degree,Management,Y
26022,MRS.,JAMIE,GAO,4/4/1969,M,F,jamie18@adventure-works.com,"$100,000 ",1,Graduate Degree,Management,Y
26023,MRS.,CRYSTAL,HUANG,11/9/1968,M,F,crystal8@adventure-works.com,"$60,000 ",2,Bachelors,Professional,N
26024,MRS.,JILL,GUTIERREZ,10/21/1970,S,F,jill18@adventure-works.com,"$80,000 ",4,Graduate Degree,Management,Y
26025,MRS.,AIMEE,ZHANG,2/15/1970,S,F,aimee0@adventure-works.com,"$90,000 ",2,Bachelors,Professional,Y
26026,MRS.,CINDY,SRINI,5/14/1967,S,F,cindy8@adventure-works.com,"$70,000 ",5,Bachelors,Professional,Y
26027,MRS.,MICHELE,LUO,12/24/1969,S,F,michele6@adventure-works.com,"$110,000 ",1,Graduate Degree,Management,N
26028,MRS.,BRANDY,GARCIA,10/14/1969,S,F,brandy11@adventure-works.com,"$130,000 ",1,Graduate Degree,Management,N
26029,MR.,ROY,VAZQUEZ,7/19/1966,M,M,roy34@adventure-works.com,"$80,000 ",5,Graduate Degree,Management,N
26030,MRS.,REBEKAH,SUBRAM,10/22/1965,M,F,rebekah12@adventure-works.com,"$60,000 ",3,Bachelors,Professional,Y
26031,MRS.,KATRINA,KUMAR,5/27/1965,S,F,katrina7@adventure-works.com,"$60,000 ",3,Bachelors,Professional,N
26032,MRS.,LESLIE,RUIZ,8/5/1965,M,F,leslie2@adventure-works.com,"$70,000 ",5,Bachelors,Professional,Y
26033,MR.,DANNY,VAZQUEZ,7/13/1965,S,M,danny15@adventure-works.com,"$70,000 ",0,Bachelors,Professional,Y
26034,MRS.,ROSA,GAO,6/27/1964,M,F,rosa14@adventure-works.com,"$60,000 ",3,Bachelors,Professional,Y
26035,MR.,SHANNON,VAZQUEZ,5/28/1964,S,M,shannon36@adventure-works.com,"$60,000 ",3,Bachelors,Professional,Y
26036,MRS.,HALEY,WRIGHT,10/20/1964,S,F,haley54@adventure-works.com,"$60,000 ",3,Bachelors,Professional,Y
26037,MR.,ERIK,DOMINGUEZ,6/17/1973,S,M,erik13@adventure-works.com,"$20,000 ",0,Partial High School,Manual,Y
26038,MS.,NICOLE,FLORES,12/24/1973,S,F,nicole61@adventure-works.com,"$30,000 ",0,Partial College,Clerical,N
26039,MR.,ROBERT,GARCIA,1/13/1957,M,M,robert75@adventure-works.com,"$60,000 ",2,High School,Professional,Y
26040,MRS.,ANA,BUTLER,5/24/1957,M,F,ana13@adventure-works.com,"$70,000 ",2,Partial College,Professional,Y
26041,MRS.,GLORIA,TORRES,7/5/1957,M,F,gloria12@adventure-works.com,"$70,000 ",3,Partial College,Professional,Y
26042,MR.,DEVIN,GRIFFIN,10/6/1957,M,M,devin58@adventure-works.com,"$90,000 ",2,Partial College,Professional,N
26043,MRS.,JODI,BECKER,8/8/1956,M,F,jodi21@adventure-works.com,"$80,000 ",2,Partial High School,Skilled Manual,Y
26044,MR.,GAVIN,HUGHES,4/18/1956,S,M,gavin11@adventure-works.com,"$80,000 ",2,Partial High School,Skilled Manual,N
26045,MR.,SAMUEL,JENKINS,6/14/1956,S,M,samuel5@adventure-works.com,"$80,000 ",2,Partial High School,Skilled Manual,N
26046,MRS.,KARA,KUMAR,5/18/1956,S,F,kara8@adventure-works.com,"$80,000 ",2,Partial High School,Skilled Manual,Y
26047,MRS.,ASHLEY,HALL,4/7/1956,M,F,ashley25@adventure-works.com,"$80,000 ",2,Partial High School,Skilled Manual,Y
26048,MR.,BRAD,OLIVER,1/1/1956,M,M,brad12@adventure-works.com,"$60,000 ",2,High School,Professional,Y
26049,MR.,CHRISTOPHER,WHITE,6/7/1956,M,M,christopher13@adventure-works.com,"$60,000 ",2,High School,Professional,N
26050,MR.,CLARENCE,YE,9/14/1956,S,M,clarence5@adventure-works.com,"$60,000 ",2,High School,Professional,N
26051,MR.,JOSHUA,WILLIAMS,12/24/1932,M,M,joshua4@adventure-works.com,"$40,000 ",3,Partial College,Professional,Y
26052,MRS.,CAROLYN,SUBRAM,4/24/1965,M,F,carolyn12@adventure-works.com,"$90,000 ",5,Partial College,Professional,Y
26053,MR.,AUSTIN,ANDERSON,3/22/1965,M,M,austin47@adventure-works.com,"$100,000 ",3,Bachelors,Management,Y
26054,MR.,DYLAN,LEE,1/13/1965,S,M,dylan52@adventure-works.com,"$100,000 ",4,Bachelors,Management,N
26055,MR.,ETHAN,FOSTER,8/20/1965,S,M,ethan12@adventure-works.com,"$100,000 ",4,Partial College,Professional,Y
26056,MRS.,KAREN,ZENG,12/15/1965,S,F,karen31@adventure-works.com,"$100,000 ",4,Partial College,Professional,Y
26057,MR.,BARRY,SUBRAM,2/17/1965,S,M,barry14@adventure-works.com,"$110,000 ",2,Bachelors,Management,Y
26058,MRS.,FAITH,STEWART,11/25/1965,S,F,faith38@adventure-works.com,"$120,000 ",3,Bachelors,Management,Y
26059,MR.,ANDREW,ANDERSON,10/21/1965,M,M,andrew19@adventure-works.com,"$130,000 ",1,Graduate Degree,Management,Y
26060,MR.,KYLE,EDWARDS,11/12/1965,M,M,kyle31@adventure-works.com,"$130,000 ",1,Graduate Degree,Management,Y
26061,MR.,CONNOR,BUTLER,4/18/1965,S,M,connor9@adventure-works.com,"$170,000 ",0,Graduate Degree,Management,N
26062,MR.,CHAD,RAJI,9/11/1964,M,M,chad21@adventure-works.com,"$80,000 ",4,Partial College,Professional,Y
26063,MR.,WESLEY,LU,7/13/1964,M,M,wesley11@adventure-works.com,"$80,000 ",4,Partial College,Professional,Y
26064,MR.,LOGAN,SCOTT,6/20/1964,M,M,logan40@adventure-works.com,"$100,000 ",5,Partial College,Professional,Y
26065,MRS.,CHLOE,POWELL,2/20/1964,S,F,chloe75@adventure-works.com,"$110,000 ",3,Bachelors,Management,N
26066,MRS.,ELIZABETH,MARTINEZ,7/27/1956,M,F,elizabeth21@adventure-works.com,"$70,000 ",3,Partial College,Professional,N
26067,MRS.,ERIN,MORGAN,1/23/1956,M,F,erin17@adventure-works.com,"$70,000 ",3,Partial College,Professional,N
26068,MR.,DYLAN,PATTERSON,12/16/1956,M,M,dylan9@adventure-works.com,"$70,000 ",4,Partial College,Professional,Y
26069,MRS.,JESSICA,FOSTER,9/19/1956,M,F,jessica40@adventure-works.com,"$70,000 ",4,Partial College,Professional,Y
26070,MR.,ELIJAH,PATTERSON,7/3/1956,S,M,elijah14@adventure-works.com,"$90,000 ",2,Partial College,Professional,Y
26071,MRS.,BRITTANY,HENDERSON,7/8/1955,S,F,brittany4@adventure-works.com,"$80,000 ",2,Partial High School,Skilled Manual,N
26072,MRS.,KELLI,ZHANG,7/5/1955,S,F,kelli0@adventure-works.com,"$80,000 ",2,Partial High School,Skilled Manual,Y
26073,MRS.,JULIA,ADAMS,4/11/1934,S,F,julia12@adventure-works.com,"$50,000 ",2,Graduate Degree,Management,N
26074,MR.,ISAAC,REED,10/16/1963,M,M,isaac20@adventure-works.com,"$80,000 ",4,Partial College,Professional,Y
26075,MS.,JESSICA,WALKER,4/27/1963,S,F,jessica71@adventure-works.com,"$90,000 ",0,Partial College,Professional,Y
26076,MRS.,KELLY,ROSS,11/13/1962,M,F,kelly8@adventure-works.com,"$80,000 ",5,Partial College,Professional,Y
26077,MR.,ISAAC,COLLINS,11/23/1962,M,M,isaac25@adventure-works.com,"$80,000 ",5,Partial College,Professional,Y
26078,MR.,ALBERTO,DOMINGUEZ,5/11/1962,M,M,alberto13@adventure-works.com,"$90,000 ",5,Partial College,Professional,Y
26079,MR.,RYAN,ROBINSON,9/13/1962,M,M,ryan54@adventure-works.com,"$90,000 ",5,Partial College,Professional,Y
26080,MRS.,SYDNEY,ROBERTS,11/23/1962,M,F,sydney47@adventure-works.com,"$100,000 ",1,Partial College,Professional,Y
26081,MR.,EDWARD,GREEN,8/23/1962,S,M,edward7@adventure-works.com,"$100,000 ",1,Partial College,Professional,N
26082,MR.,CHRISTIAN,JOHNSON,7/5/1962,S,M,christian31@adventure-works.com,"$130,000 ",1,Bachelors,Management,N
26083,MRS.,ALYSSA,SMITH,2/5/1962,S,F,alyssa0@adventure-works.com,"$150,000 ",1,Partial College,Professional,N
26084,MR.,LUKE,JENKINS,4/26/1962,M,M,luke25@adventure-works.com,"$160,000 ",1,Bachelors,Management,N
26085,MR.,IAN,POWELL,7/26/1961,M,M,ian49@adventure-works.com,"$70,000 ",5,Partial College,Professional,Y
26086,MR.,SEAN,COX,7/20/1961,M,M,sean18@adventure-works.com,"$80,000 ",5,Partial College,Professional,Y
26087,MRS.,ASHLEY,PRICE,7/27/1961,M,F,ashley26@adventure-works.com,"$90,000 ",4,High School,Professional,Y
26088,MR.,ETHAN,PERRY,9/16/1961,M,M,ethan4@adventure-works.com,"$90,000 ",4,High School,Professional,Y
26089,MR.,TERRY,RAI,8/11/1961,S,M,terry20@adventure-works.com,"$110,000 ",1,Bachelors,Management,N
26090,MR.,MATHEW,MORENO,10/23/1961,S,M,mathew2@adventure-works.com,"$110,000 ",1,Bachelors,Management,Y
26091,MRS.,CHLOE,BENNETT,8/21/1961,M,F,chloe67@adventure-works.com,"$160,000 ",1,Bachelors,Management,N
26092,MR.,DEVIN,MORGAN,5/4/1955,S,M,devin80@adventure-works.com,"$80,000 ",2,Partial High School,Skilled Manual,Y
26093,MRS.,NICOLE,WASHINGTON,8/10/1955,S,F,nicole62@adventure-works.com,"$60,000 ",2,High School,Professional,N
26094,MRS.,SARAH,BUTLER,6/11/1955,M,F,sarah39@adventure-works.com,"$60,000 ",2,High School,Professional,N
26095,MRS.,TRINITY,KELLY,7/15/1955,M,F,trinity2@adventure-works.com,"$70,000 ",4,High School,Professional,Y
26096,MR.,KEVIN,WRIGHT,1/25/1955,M,M,kevin55@adventure-works.com,"$90,000 ",2,High School,Professional,Y
26097,MR.,ROBERT,FLORES,6/11/1935,S,M,robert25@adventure-works.com,"$130,000 ",2,Graduate Degree,Management,N
26098,MR.,DANIEL,LEE,9/9/1935,S,M,daniel13@adventure-works.com,"$130,000 ",2,Graduate Degree,Management,N
26099,MRS.,CHRISTINA,BELL,1/9/1936,M,F,christina12@adventure-works.com,"$40,000 ",3,Partial College,Professional,N
26100,MRS.,JAMES,PTASZYNSKI,4/2/1936,S,F,james49@adventure-works.com,"$40,000 ",3,Partial College,Professional,Y
26101,MR.,PHILLIP,SMITH,1/13/1936,M,M,phillip9@adventure-works.com,"$50,000 ",2,Graduate Degree,Management,Y
26102,MRS.,ANA,WOOD,6/22/1960,S,F,ana2@adventure-works.com,"$90,000 ",4,High School,Professional,N
26103,MR.,JACK,YANG,3/26/1960,M,M,jack28@adventure-works.com,"$90,000 ",4,High School,Professional,Y
26104,MR.,TIMOTHY,EDWARDS,2/14/1960,M,M,timothy26@adventure-works.com,"$100,000 ",0,Partial College,Professional,N
26105,MRS.,MORGAN,GONZALES,11/10/1960,M,F,morgan86@adventure-works.com,"$110,000 ",3,Partial College,Professional,N
26106,MR.,CONNOR,KING,3/12/1960,S,M,connor47@adventure-works.com,"$120,000 ",5,High School,Professional,Y
26107,MRS.,ALEXIS,THOMAS,4/12/1960,M,F,alexis10@adventure-works.com,"$130,000 ",4,Bachelors,Management,Y
26108,MR.,DYLAN,THOMPSON,5/5/1960,S,M,dylan45@adventure-works.com,"$170,000 ",1,Graduate Degree,Management,N
26109,MR.,DALTON,RODRIGUEZ,9/3/1954,M,M,dalton19@adventure-works.com,"$70,000 ",3,Partial High School,Skilled Manual,Y
26110,MR.,JAMES,ALEXANDER,11/5/1954,M,M,james34@adventure-works.com,"$70,000 ",3,High School,Professional,Y
26111,MRS.,SARAH,COLEMAN,7/10/1954,M,F,sarah31@adventure-works.com,"$70,000 ",3,High School,Professional,Y
26112,MR.,LUKE,PERRY,8/10/1953,M,M,luke26@adventure-works.com,"$70,000 ",3,Graduate Degree,Management,Y
26113,MRS.,CAITLIN,RIVERA,3/13/1953,S,F,caitlin14@adventure-works.com,"$70,000 ",3,Graduate Degree,Management,Y
26114,MR.,ISAAC,PETERSON,2/17/1953,S,M,isaac4@adventure-works.com,"$70,000 ",3,Graduate Degree,Management,Y
26115,MRS.,SAVANNAH,MITCHELL,10/24/1953,S,F,savannah33@adventure-works.com,"$70,000 ",3,Graduate Degree,Management,N
26116,MRS.,ASHLEY,MARTIN,7/5/1953,S,F,ashley15@adventure-works.com,"$70,000 ",3,Graduate Degree,Management,N
26117,MR.,SAMUEL,WRIGHT,10/8/1952,M,M,samuel50@adventure-works.com,"$40,000 ",3,Partial College,Professional,Y
26118,MRS.,ASHLEY,BUTLER,8/25/1952,M,F,ashley41@adventure-works.com,"$40,000 ",3,Partial College,Professional,Y
26119,MRS.,DANIELLE,GRAY,11/18/1951,M,F,danielle8@adventure-works.com,"$40,000 ",3,Partial College,Professional,Y
26120,MR.,MIGUEL,LEWIS,4/21/1951,S,M,miguel21@adventure-works.com,"$40,000 ",3,Partial College,Professional,N
26121,MRS.,MADELINE,NELSON,7/17/1951,M,F,madeline9@adventure-works.com,"$40,000 ",3,Partial College,Professional,N
26122,MRS.,LAUREN,GONZALES,4/7/1951,S,F,lauren63@adventure-works.com,"$40,000 ",4,Partial College,Professional,Y
26123,MRS.,ISABELLA,SCOTT,11/7/1951,S,F,isabella44@adventure-works.com,"$40,000 ",4,Partial College,Professional,Y
26124,MRS.,RILEY,JAMES,3/12/1950,M,F,riley27@adventure-works.com,"$40,000 ",4,Partial College,Professional,Y
26125,MRS.,SARA,ROBERTS,11/14/1950,S,F,sara30@adventure-works.com,"$40,000 ",4,Partial College,Professional,Y
26126,MRS.,ALEXANDRA,BELL,10/26/1949,M,F,alexandra7@adventure-works.com,"$30,000 ",4,High School,Professional,Y
26127,MR.,TERRY,CHANDER,4/2/1949,M,M,terry18@adventure-works.com,"$30,000 ",4,High School,Professional,Y
26128,MR.,SAMUEL,PHILLIPS,5/27/1949,S,M,samuel36@adventure-works.com,"$30,000 ",4,High School,Professional,Y
26129,MRS.,JODI,ANAND,4/4/1964,M,F,jodi22@adventure-works.com,"$60,000 ",4,Bachelors,Professional,Y
26130,MR.,RONNIE,LIU,11/13/1964,M,M,ronnie3@adventure-works.com,"$60,000 ",4,Bachelors,Professional,Y
26131,MR.,LAWRENCE,SUAREZ,10/26/1963,M,M,lawrence18@adventure-works.com,"$60,000 ",3,Bachelors,Professional,Y
26132,MS.,SHELBY,WARD,12/14/1963,S,F,shelby13@adventure-works.com,"$70,000 ",0,Bachelors,Professional,N
26133,MR.,JESSE,HALL,7/11/1963,S,M,jesse46@adventure-works.com,"$70,000 ",0,Bachelors,Professional,Y
26134,MRS.,BRIDGET,GOEL,5/5/1967,M,F,bridget21@adventure-works.com,"$90,000 ",3,Bachelors,Professional,Y
26135,MRS.,ERICA,SUN,2/21/1967,M,F,erica13@adventure-works.com,"$90,000 ",3,Bachelors,Professional,Y
26136,MRS.,TABITHA,GONZALEZ,6/27/1967,M,F,tabitha15@adventure-works.com,"$90,000 ",3,Bachelors,Professional,Y
26137,MR.,JOSHUA,CLARK,4/8/1967,M,M,joshua21@adventure-works.com,"$90,000 ",4,Bachelors,Professional,Y
26138,MRS.,LATOYA,CHANDER,3/9/1962,M,F,latoya14@adventure-works.com,"$70,000 ",1,Partial College,Skilled Manual,Y
26139,MR.,DEREK,NARA,7/21/1961,S,M,derek15@adventure-works.com,"$60,000 ",1,Partial College,Skilled Manual,Y
26140,MS.,EMILY,LONG,12/28/1966,S,F,emily34@adventure-works.com,"$100,000 ",0,Graduate Degree,Management,N
26141,MR.,JORGE,ZHU,9/27/1966,S,M,jorge16@adventure-works.com,"$110,000 ",0,Graduate Degree,Management,Y
26142,MR.,MICHEAL,DOMINGUEZ,12/26/1960,M,M,micheal8@adventure-works.com,"$60,000 ",1,Partial College,Skilled Manual,Y
26143,MRS.,MICHELE,MEHTA,8/9/1959,M,F,michele27@adventure-works.com,"$90,000 ",1,Bachelors,Professional,Y
26144,MRS.,CASSIDY,RUSSELL,2/8/1933,S,F,cassidy21@adventure-works.com,"$40,000 ",2,Bachelors,Professional,Y
26145,MR.,CALVIN,SHEN,10/13/1965,M,M,calvin2@adventure-works.com,"$70,000 ",0,Bachelors,Professional,N
26146,MRS.,LAURA,WANG,3/11/1965,M,F,laura8@adventure-works.com,"$80,000 ",5,Bachelors,Professional,Y
26147,MR.,IVAN,SUBRAM,2/1/1965,M,M,ivan9@adventure-works.com,"$80,000 ",5,Bachelors,Professional,Y
26148,MR.,MICHAEL,THOMPSON,3/27/1965,M,M,michael47@adventure-works.com,"$80,000 ",5,Bachelors,Professional,Y
26149,MS.,CASEY,CHANDE,3/14/1964,S,F,casey16@adventure-works.com,"$70,000 ",0,Bachelors,Professional,N
26150,MS.,NANCY,RANA,10/27/1964,S,F,nancy14@adventure-works.com,"$70,000 ",0,Bachelors,Professional,N
26151,MR.,AUSTIN,LEE,2/5/1959,M,M,austin37@adventure-works.com,"$90,000 ",1,Bachelors,Professional,Y
26152,MS.,JAIME,GILL,8/13/1963,S,F,jaime15@adventure-works.com,"$70,000 ",0,Bachelors,Professional,N
26153,MRS.,REBECCA,COLLINS,5/10/1962,M,F,rebecca5@adventure-works.com,"$60,000 ",1,Partial College,Skilled Manual,Y
26154,MR.,CORY,MADAN,10/28/1962,M,M,cory6@adventure-works.com,"$60,000 ",1,Partial College,Skilled Manual,Y
26155,MR.,CHAD,XIE,9/22/1962,M,M,chad4@adventure-works.com,"$70,000 ",5,Bachelors,Professional,Y
26156,MRS.,SHANNON,CAI,4/6/1962,M,F,shannon20@adventure-works.com,"$70,000 ",5,Partial College,Skilled Manual,Y
26157,MR.,BRAD,XU,2/11/1961,M,M,brad5@adventure-works.com,"$70,000 ",5,Partial College,Skilled Manual,Y
26158,MRS.,LISA,WU,8/15/1957,M,F,lisa10@adventure-works.com,"$70,000 ",1,Partial College,Skilled Manual,Y
26159,MRS.,VIRGINIA,RAMAN,7/10/1957,S,F,virginia14@adventure-works.com,"$70,000 ",1,Partial College,Skilled Manual,Y
26160,MR.,LEONARD,LAL,8/26/1957,M,M,leonard10@adventure-works.com,"$70,000 ",1,Partial College,Skilled Manual,Y
26161,MR.,WAYNE,RAJI,10/19/1960,M,M,wayne23@adventure-works.com,"$60,000 ",3,Partial College,Skilled Manual,Y
26163,MRS.,AUTUMN,CAI,5/18/1960,M,F,autumn20@adventure-works.com,"$70,000 ",5,Partial College,Skilled Manual,Y
26164,MRS.,KRISTA,VAZQUEZ,12/12/1960,M,F,krista14@adventure-works.com,"$70,000 ",5,Partial College,Skilled Manual,N
26165,MRS.,ALEXANDRA,FLORES,2/26/1957,M,F,alexandra35@adventure-works.com,"$70,000 ",1,Partial College,Skilled Manual,Y
26166,MR.,BRETT,VAN,3/7/1956,M,M,brett3@adventure-works.com,"$80,000 ",1,Partial College,Skilled Manual,N
26167,MRS.,JACLYN,ZHAO,5/21/1953,S,F,jaclyn11@adventure-works.com,"$40,000 ",2,Bachelors,Management,N
26168,MR.,IAN,CAMPBELL,8/26/1976,S,M,ian37@adventure-works.com,"$30,000 ",0,High School,Skilled Manual,Y
26169,MS.,ALEXANDRA,WHITE,3/2/1976,M,F,alexandra76@adventure-works.com,"$30,000 ",0,High School,Skilled Manual,Y
26170,MR.,JEREMIAH,JENKINS,5/4/1976,S,M,jeremiah29@adventure-works.com,"$30,000 ",0,High School,Skilled Manual,N
26171,MR.,RANDALL,RUIZ,9/3/1975,M,M,randall3@adventure-works.com,"$40,000 ",0,High School,Skilled Manual,Y
26172,MS.,MADELINE,HERNANDEZ,8/18/1975,S,F,madeline16@adventure-works.com,"$40,000 ",0,High School,Skilled Manual,N
26173,MS.,ARIANA,RIVERA,10/2/1976,M,F,ariana15@adventure-works.com,"$40,000 ",0,High School,Skilled Manual,Y
26174,MR.,ISAAC,ADAMS,6/26/1980,S,M,isaac36@adventure-works.com,"$30,000 ",0,High School,Skilled Manual,N
26175,MR.,JOSE,HUGHES,8/17/1980,M,M,jose34@adventure-works.com,"$30,000 ",0,High School,Skilled Manual,Y
26176,MR.,JASON,HAYES,8/16/1980,S,M,jason20@adventure-works.com,"$30,000 ",0,High School,Skilled Manual,Y
26177,MS.,NICOLE,SIMMONS,10/7/1980,M,F,nicole64@adventure-works.com,"$30,000 ",0,High School,Skilled Manual,N
26178,MS.,PAIGE,PRICE,5/2/1980,M,F,paige0@adventure-works.com,"$40,000 ",0,High School,Skilled Manual,Y
26179,MRS.,RUTH,RODRIGUEZ,6/10/1946,S,F,ruth23@adventure-works.com,"$10,000 ",5,High School,Skilled Manual,N
26180,MR.,JONATHAN,BUTLER,2/2/1978,S,M,jonathan14@adventure-works.com,"$30,000 ",0,Partial High School,Clerical,N
26181,MR.,LUCAS,ROSS,2/16/1978,M,M,lucas53@adventure-works.com,"$40,000 ",0,High School,Skilled Manual,Y
26182,MRS.,BRITTNEY,LIANG,4/10/1938,S,F,brittney15@adventure-works.com,"$30,000 ",2,Partial College,Clerical,N
26183,MR.,ALLEN,ARTHUR,2/4/1977,S,M,allen6@adventure-works.com,"$30,000 ",0,Partial High School,Clerical,N
26184,,LOUIS,LAL,3/2/1977,S,NA,louis26@adventure-works.com,"$30,000 ",0,Partial High School,Clerical,N
26185,MS.,KAYLEE,GREEN,1/21/1977,S,F,kaylee37@adventure-works.com,"$40,000 ",0,High School,Skilled Manual,Y
26186,MRS.,JOANNA,GILL,10/26/1939,S,F,joanna12@adventure-works.com,"$30,000 ",2,Partial College,Clerical,N
26187,MR.,HECTOR,GILL,5/22/1940,S,M,hector11@adventure-works.com,"$40,000 ",2,Bachelors,Management,Y
26188,MR.,GEOFFREY,SARA,10/8/1940,M,M,geoffrey8@adventure-works.com,"$40,000 ",2,Bachelors,Management,Y
26189,MR.,PEDRO,SERRANO,4/2/1940,M,M,pedro37@adventure-works.com,"$40,000 ",2,Bachelors,Management,N
26190,MR.,ARTHUR,SURI,8/15/1941,S,M,arthur2@adventure-works.com,"$40,000 ",2,Bachelors,Management,N
26191,MR.,JON,WANG,3/11/1943,M,M,jon20@adventure-works.com,"$40,000 ",2,Bachelors,Management,N
26192,MR.,NOAH,HILL,7/12/1943,M,M,noah39@adventure-works.com,"$40,000 ",2,Bachelors,Management,Y
26193,MR.,LUIS,EDWARDS,2/1/1976,S,M,luis34@adventure-works.com,"$40,000 ",0,Partial College,Skilled Manual,N
26194,MR.,MIGUEL,BROWN,12/11/1976,S,M,miguel3@adventure-works.com,"$40,000 ",0,Partial College,Skilled Manual,Y
26195,MS.,ALYSSA,RIVERA,3/19/1976,S,F,alyssa34@adventure-works.com,"$40,000 ",0,Partial College,Skilled Manual,Y
26196,MR.,GAVIN,GRIFFIN,5/21/1975,S,M,gavin19@adventure-works.com,"$40,000 ",0,High School,Skilled Manual,Y
26197,MR.,MARCUS,LOPEZ,3/3/1975,S,M,marcus31@adventure-works.com,"$40,000 ",0,Partial College,Skilled Manual,N
26198,MS.,ALYSSA,TAYLOR,4/21/1974,S,F,alyssa8@adventure-works.com,"$50,000 ",0,Partial College,Skilled Manual,N
26199,MR.,MATTHEW,WHITE,10/6/1974,S,M,matthew18@adventure-works.com,"$50,000 ",0,Partial College,Skilled Manual,N
26200,,IAN,BAKER,8/1/1972,S,NA,ian31@adventure-works.com,"$70,000 ",0,Partial College,Skilled Manual,Y
26201,MR.,DALTON,WATSON,10/22/1968,S,M,dalton70@adventure-works.com,"$80,000 ",0,Bachelors,Management,Y
26202,MS.,HALEY,SIMMONS,8/14/1968,M,F,haley34@adventure-works.com,"$80,000 ",0,Bachelors,Management,N
26203,MS.,NICOLE,HALL,9/19/1967,S,F,nicole24@adventure-works.com,"$120,000 ",0,Bachelors,Management,Y
26204,MRS.,CHRISTY,GAO,3/5/1971,M,F,christy13@adventure-works.com,"$130,000 ",5,Partial High School,Management,Y
26205,MR.,JULIO,ALVAREZ,12/15/1958,M,M,julio4@adventure-works.com,"$130,000 ",2,Partial College,Professional,Y
26206,MR.,KURT,SHE,7/5/1958,M,M,kurt0@adventure-works.com,"$130,000 ",2,Partial College,Professional,Y
26207,MR.,KELVIN,ZENG,6/13/1958,S,M,kelvin41@adventure-works.com,"$150,000 ",1,Partial College,Professional,N
26208,MRS.,SHARON,ANAND,8/19/1958,S,F,sharon27@adventure-works.com,"$160,000 ",2,Partial College,Professional,N
26209,MS.,JAN,COX,7/27/1980,S,F,jan7@adventure-works.com,"$20,000 ",0,Partial High School,Manual,N
26211,MS.,BRIDGET,YUAN,8/17/1980,S,F,bridget8@adventure-works.com,"$20,000 ",0,Partial High School,Manual,Y
26212,MS.,SUMMER,MARTINEZ,5/7/1979,S,F,summer15@adventure-works.com,"$30,000 ",0,Partial College,Clerical,N
26213,MR.,GRANT,ANDERSEN,4/9/1978,S,M,grant15@adventure-works.com,"$30,000 ",0,High School,Manual,N
26214,MRS.,CHRISTY,CHANDE,8/10/1974,M,F,christy32@adventure-works.com,"$40,000 ",1,Bachelors,Skilled Manual,Y
26215,MR.,GRANT,SHAN,11/2/1974,M,M,grant12@adventure-works.com,"$40,000 ",1,Bachelors,Skilled Manual,N
26216,MS.,EBONY,SUBRAM,8/21/1972,M,F,ebony13@adventure-works.com,"$10,000 ",0,Partial High School,Manual,Y
26217,MR.,PEDRO,BLANCO,11/16/1972,M,M,pedro36@adventure-works.com,"$10,000 ",0,Partial High School,Manual,Y
26218,MR.,BARRY,PATEL,8/1/1972,S,M,barry3@adventure-works.com,"$20,000 ",0,Partial High School,Manual,N
26219,MRS.,SUMMER,SURI,8/27/1973,M,F,summer0@adventure-works.com,"$40,000 ",1,Bachelors,Skilled Manual,Y
26220,MR.,JONATHAN,HARRIS,5/22/1973,M,M,jonathan67@adventure-works.com,"$40,000 ",1,Bachelors,Skilled Manual,Y
26221,MS.,KARI,CHAPMAN,11/6/1972,S,F,kari4@adventure-works.com,"$30,000 ",0,High School,Manual,N
26222,MS.,CAROLYN,MADAN,8/2/1972,S,F,carolyn7@adventure-works.com,"$30,000 ",0,High School,Manual,N
26223,MR.,DOMINIC,SAI,7/21/1972,S,M,dominic6@adventure-works.com,"$30,000 ",0,High School,Manual,N
26224,MR.,HENRY,GONZALEZ,10/19/1972,S,M,henry20@adventure-works.com,"$30,000 ",0,High School,Manual,N
26225,MR.,SERGIO,SRINI,8/11/1972,S,M,sergio9@adventure-works.com,"$30,000 ",0,High School,Manual,N
26226,MRS.,MICHELE,ANDERSEN,11/22/1972,M,F,michele13@adventure-works.com,"$40,000 ",2,Partial College,Clerical,Y
26227,MR.,JOE,GUTIERREZ,2/4/1972,S,M,joe34@adventure-works.com,"$40,000 ",2,Partial College,Clerical,Y
26228,MRS.,CAROLYN,PEREZ,9/19/1972,M,F,carolyn21@adventure-works.com,"$40,000 ",2,Partial College,Clerical,Y
26229,MS.,CARA,YE,4/28/1971,S,F,cara6@adventure-works.com,"$30,000 ",0,High School,Manual,N
26230,MS.,NATASHA,RAMOS,11/1/1971,S,F,natasha17@adventure-works.com,"$30,000 ",0,High School,Manual,Y
26231,MR.,MAURICE,NARA,11/2/1971,M,M,maurice17@adventure-works.com,"$40,000 ",2,Partial College,Clerical,Y
26232,MR.,JAY,GOMEZ,1/21/1970,M,M,jay30@adventure-works.com,"$40,000 ",0,Graduate Degree,Skilled Manual,Y
26233,MS.,CRISTINA,CHANDE,2/8/1970,M,F,cristina13@adventure-works.com,"$40,000 ",0,Graduate Degree,Skilled Manual,Y
26234,MR.,ANTONIO,PERRY,12/27/1975,S,M,antonio7@adventure-works.com,"$40,000 ",3,Partial College,Clerical,Y
26235,MRS.,MICHELLE,WATSON,8/7/1975,S,F,michelle2@adventure-works.com,"$40,000 ",3,Partial College,Clerical,Y
26236,MRS.,ISABELLA,EVANS,5/5/1975,M,F,isabella33@adventure-works.com,"$40,000 ",3,Partial College,Clerical,Y
26237,MRS.,GRACE,MARTIN,3/7/1974,M,F,grace14@adventure-works.com,"$40,000 ",3,Partial College,Clerical,Y
26238,MRS.,JULIA,FOSTER,9/17/1974,S,F,julia82@adventure-works.com,"$40,000 ",3,Partial College,Clerical,Y
26239,MRS.,KAITLYN,TURNER,12/6/1974,M,F,kaitlyn3@adventure-works.com,"$40,000 ",3,Partial College,Clerical,Y
26240,MS.,KATELYN,EVANS,6/19/1974,S,F,katelyn22@adventure-works.com,"$50,000 ",0,Graduate Degree,Skilled Manual,N
26241,MR.,JAMES,LAL,3/19/1974,M,M,james45@adventure-works.com,"$50,000 ",0,Graduate Degree,Skilled Manual,Y
26242,MRS.,ISABELLA,LEWIS,5/22/1975,M,F,isabella77@adventure-works.com,"$40,000 ",4,Partial College,Clerical,Y
26243,MR.,FERNANDO,GONZALEZ,7/4/1966,S,M,fernando33@adventure-works.com,"$80,000 ",0,Graduate Degree,Skilled Manual,N
26244,MR.,JORDAN,HUGHES,8/2/1966,M,M,jordan8@adventure-works.com,"$80,000 ",0,Graduate Degree,Skilled Manual,N
26245,MR.,DEVIN,MURPHY,9/4/1966,M,M,devin82@adventure-works.com,"$80,000 ",0,Graduate Degree,Skilled Manual,Y
26246,MS.,JADE,BELL,9/15/1966,S,F,jade11@adventure-works.com,"$80,000 ",0,Graduate Degree,Skilled Manual,N
26247,MS.,SOPHIA,TURNER,5/24/1966,M,F,sophia3@adventure-works.com,"$80,000 ",0,Graduate Degree,Skilled Manual,Y
26248,MR.,THOMAS,LEWIS,3/10/1954,M,M,thomas79@adventure-works.com,"$20,000 ",3,Partial High School,Clerical,N
26250,MR.,MIGUEL,SIMMONS,5/10/1954,S,M,miguel61@adventure-works.com,"$30,000 ",1,High School,Clerical,N
26251,MR.,CEDRIC,HUANG,5/11/1954,S,M,cedric6@adventure-works.com,"$30,000 ",1,High School,Clerical,N
26252,MRS.,MORGAN,GARCIA,10/25/1954,M,F,morgan38@adventure-works.com,"$40,000 ",1,Partial College,Clerical,Y
26253,MR.,DALTON,WRIGHT,7/8/1955,S,M,dalton26@adventure-works.com,"$20,000 ",3,Partial High School,Clerical,N
26254,MR.,SETH,HENDERSON,7/13/1955,S,M,seth53@adventure-works.com,"$20,000 ",3,Partial High School,Clerical,N
26255,MR.,CAMERON,ALEXANDER,9/13/1955,S,M,cameron14@adventure-works.com,"$20,000 ",3,Partial High School,Clerical,N
26256,MR.,RONALD,RANA,7/14/1955,S,M,ronald13@adventure-works.com,"$20,000 ",3,Partial High School,Clerical,N
26257,MR.,HECTOR,JIMENEZ,1/25/1955,S,M,hector3@adventure-works.com,"$20,000 ",3,Partial High School,Clerical,N
26258,MRS.,ANGELICA,POWELL,2/25/1955,S,F,angelica8@adventure-works.com,"$20,000 ",3,Partial High School,Clerical,Y
26259,MR.,HUNTER,BRYANT,2/25/1955,S,M,hunter15@adventure-works.com,"$30,000 ",1,High School,Clerical,N
26260,MR.,RYAN,JACKSON,5/20/1955,S,M,ryan51@adventure-works.com,"$30,000 ",1,High School,Clerical,Y
26261,MRS.,BROOKE,WATSON,5/8/1956,S,F,brooke0@adventure-works.com,"$20,000 ",3,Partial High School,Clerical,Y
26262,MRS.,HANNAH,THOMPSON,6/18/1956,S,F,hannah13@adventure-works.com,"$20,000 ",3,Partial High School,Clerical,N
26263,MRS.,KAITLYN,COLLINS,4/20/1956,S,F,kaitlyn2@adventure-works.com,"$20,000 ",3,Partial High School,Clerical,Y
26264,MR.,ELIJAH,LAL,8/23/1956,S,M,elijah3@adventure-works.com,"$20,000 ",3,Partial High School,Clerical,Y
26265,MRS.,TAMMY,LOPEZ,10/10/1956,S,F,tammy17@adventure-works.com,"$20,000 ",3,Partial High School,Clerical,N
26266,MR.,BRENT,GAO,9/22/1956,M,M,brent14@adventure-works.com,"$30,000 ",2,High School,Skilled Manual,N
26267,MR.,MATTHEW,MARTIN,4/24/1956,M,M,matthew20@adventure-works.com,"$30,000 ",2,High School,Skilled Manual,N
26268,MR.,JONATHON,ROMERO,8/26/1957,M,M,jonathon6@adventure-works.com,"$20,000 ",2,Partial High School,Clerical,Y
26269,MRS.,CHLOE,MOORE,7/6/1957,M,F,chloe41@adventure-works.com,"$20,000 ",2,Partial High School,Clerical,Y
26270,MRS.,HAILEY,BAILEY,3/8/1957,S,F,hailey7@adventure-works.com,"$20,000 ",2,Partial High School,Clerical,Y
26271,MRS.,BAILEY,BAKER,9/19/1957,M,F,bailey36@adventure-works.com,"$20,000 ",2,Partial High School,Clerical,Y
26272,MRS.,KELLY,HUGHES,5/18/1957,M,F,kelly16@adventure-works.com,"$20,000 ",2,Partial High School,Clerical,Y
26273,MRS.,CHELSEA,SURI,3/19/1957,M,F,chelsea0@adventure-works.com,"$20,000 ",2,Partial High School,Clerical,Y
26274,MRS.,JENNIFER,WOOD,4/24/1957,M,F,jennifer77@adventure-works.com,"$30,000 ",2,High School,Skilled Manual,N
26275,MR.,MIGUEL,JOHNSON,11/28/1958,M,M,miguel0@adventure-works.com,"$40,000 ",1,Partial College,Clerical,N
26276,MRS.,HEATHER,HUANG,2/8/1958,M,F,heather5@adventure-works.com,"$40,000 ",1,Partial College,Clerical,Y
26277,MRS.,JACQUELINE,HUGHES,11/24/1958,S,F,jacqueline12@adventure-works.com,"$40,000 ",2,Partial College,Clerical,Y
26278,MR.,JON,WU,10/8/1958,S,M,jon26@adventure-works.com,"$40,000 ",2,Partial College,Clerical,N
26279,MRS.,TRINITY,SANCHEZ,12/7/1959,S,F,trinity20@adventure-works.com,"$40,000 ",2,Partial College,Clerical,Y
26280,MR.,JACKSON,JENKINS,4/24/1959,S,M,jackson9@adventure-works.com,"$40,000 ",2,Partial College,Clerical,N
26281,MR.,IAN,ALEXANDER,5/25/1959,S,M,ian59@adventure-works.com,"$40,000 ",2,Partial College,Clerical,Y
26282,MR.,LEONARD,JAI,1/5/1972,S,M,leonard12@adventure-works.com,"$50,000 ",0,Graduate Degree,Skilled Manual,N
26284,MR.,GARRETT,WARD,2/23/1972,S,M,garrett8@adventure-works.com,"$50,000 ",0,Graduate Degree,Skilled Manual,N
26285,MS.,KAYLA,HAYES,8/16/1972,S,F,kayla47@adventure-works.com,"$50,000 ",0,Graduate Degree,Skilled Manual,Y
26286,MR.,EVAN,PHILLIPS,12/7/1972,S,M,evan30@adventure-works.com,"$50,000 ",0,Graduate Degree,Skilled Manual,Y
26287,MR.,ELIJAH,BAKER,7/1/1972,S,M,elijah36@adventure-works.com,"$50,000 ",0,Graduate Degree,Skilled Manual,N
26288,MRS.,ALEXANDRA,RUSSELL,5/10/1973,M,F,alexandra41@adventure-works.com,"$40,000 ",1,Graduate Degree,Skilled Manual,Y
26289,MR.,SAMUEL,SIMMONS,2/16/1973,M,M,samuel14@adventure-works.com,"$40,000 ",1,Graduate Degree,Skilled Manual,Y
26290,MR.,NOAH,CHEN,7/2/1973,S,M,noah22@adventure-works.com,"$60,000 ",1,Graduate Degree,Skilled Manual,Y
26291,MR.,BLAKE,WALKER,9/6/1971,S,M,blake23@adventure-works.com,"$70,000 ",1,Graduate Degree,Skilled Manual,Y
26292,MRS.,MARTY,SIMPSON,8/26/1971,M,F,marty0@adventure-works.com,"$70,000 ",1,Graduate Degree,Skilled Manual,Y
26293,MR.,CASEY,CARLSON,7/9/1971,M,M,casey42@adventure-works.com,"$70,000 ",1,Graduate Degree,Skilled Manual,Y
26294,MR.,ANDREW,JOHNSON,5/2/1972,M,M,andrew10@adventure-works.com,"$50,000 ",1,Graduate Degree,Skilled Manual,N
26295,MRS.,TONI,KAPOOR,1/22/1972,M,F,toni1@adventure-works.com,"$50,000 ",1,Bachelors,Skilled Manual,Y
26296,MRS.,GRACE,SIMMONS,6/23/1972,M,F,grace63@adventure-works.com,"$50,000 ",1,Bachelors,Skilled Manual,Y
26297,MR.,JEREMIAH,LOPEZ,12/26/1972,M,M,jeremiah15@adventure-works.com,"$50,000 ",1,Bachelors,Skilled Manual,Y
26298,MRS.,JASMINE,PETERSON,1/11/1972,M,F,jasmine33@adventure-works.com,"$50,000 ",1,Bachelors,Skilled Manual,Y
26299,MR.,Y.,YONG,7/27/1972,S,M,y0@adventure-works.com,"$60,000 ",1,Graduate Degree,Skilled Manual,N
26300,MRS.,AUDREY,ORTEGA,4/15/1972,S,F,audrey24@adventure-works.com,"$60,000 ",1,Graduate Degree,Skilled Manual,Y
26301,MR.,ISAIAH,HALL,1/15/1972,S,M,isaiah46@adventure-works.com,"$70,000 ",1,Graduate Degree,Professional,N
26302,MR.,JAMES,JACKSON,7/12/1970,M,M,james84@adventure-works.com,"$40,000 ",1,Bachelors,Skilled Manual,Y
26303,MR.,DEVON,PAL,5/16/1970,M,M,devon10@adventure-works.com,"$40,000 ",1,Bachelors,Skilled Manual,Y
26304,MRS.,ANNA,LEWIS,7/2/1970,M,F,anna59@adventure-works.com,"$60,000 ",1,Graduate Degree,Professional,Y
26305,MRS.,JULIA,ROGERS,12/12/1969,S,F,julia49@adventure-works.com,"$60,000 ",2,Bachelors,Skilled Manual,N
26306,MR.,KYLE,HOLT,4/26/1969,S,M,kyle6@adventure-works.com,"$60,000 ",2,Bachelors,Skilled Manual,N
26307,MR.,ALEXANDER,MILLER,8/25/1969,M,M,alexander11@adventure-works.com,"$60,000 ",2,Bachelors,Skilled Manual,Y
26308,MRS.,SARA,KELLY,9/17/1969,S,F,sara3@adventure-works.com,"$60,000 ",2,Bachelors,Skilled Manual,N
26309,MR.,JULIAN,POWELL,7/23/1969,S,M,julian10@adventure-works.com,"$60,000 ",2,Bachelors,Skilled Manual,N
26310,MRS.,KAITLYN,GARCIA,9/22/1969,S,F,kaitlyn39@adventure-works.com,"$60,000 ",1,Graduate Degree,Professional,N
26311,MRS.,BRENDA,RODRIGUEZ,8/21/1971,S,F,brenda23@adventure-works.com,"$60,000 ",1,Graduate Degree,Professional,Y
26312,MRS.,ELIZABETH,WOOD,7/1/1971,M,F,elizabeth31@adventure-works.com,"$60,000 ",1,Graduate Degree,Professional,Y
26313,MR.,DALTON,SIMMONS,11/2/1971,M,M,dalton61@adventure-works.com,"$70,000 ",3,Graduate Degree,Professional,Y
26314,MR.,ANGEL,MURPHY,5/19/1918,S,M,angel14@adventure-works.com,"$30,000 ",2,High School,Skilled Manual,Y
26315,MRS.,TAYLOR,PETERSON,5/15/1969,S,F,taylor17@adventure-works.com,"$60,000 ",1,Graduate Degree,Professional,N
26316,MRS.,STEPHANIE,HUGHES,10/7/1969,S,F,stephanie38@adventure-works.com,"$60,000 ",1,Graduate Degree,Professional,Y
26317,MRS.,AMANDA,WRIGHT,5/18/1969,M,F,amanda63@adventure-works.com,"$60,000 ",1,Graduate Degree,Professional,Y
26318,MR.,CALEB,PARKER,4/23/1968,M,M,caleb28@adventure-works.com,"$40,000 ",4,High School,Skilled Manual,Y
26319,MR.,DYLAN,MARTINEZ,11/17/1968,S,M,dylan47@adventure-works.com,"$70,000 ",2,Bachelors,Skilled Manual,N
26320,MRS.,BRIANNA,DIAZ,3/21/1968,M,F,brianna67@adventure-works.com,"$70,000 ",2,Bachelors,Skilled Manual,Y
26321,MR.,RANDALL,BLANCO,11/19/1968,M,M,randall17@adventure-works.com,"$70,000 ",2,Bachelors,Skilled Manual,Y
26322,MR.,JUSTIN,ZHANG,9/14/1967,S,M,justin21@adventure-works.com,"$40,000 ",0,Bachelors,Professional,N
26324,MRS.,FAITH,BROOKS,11/7/1970,S,F,faith23@adventure-works.com,"$70,000 ",3,Graduate Degree,Professional,N
26325,MR.,TYLER,ROBINSON,10/23/1970,M,M,tyler16@adventure-works.com,"$70,000 ",3,Graduate Degree,Professional,Y
26326,MR.,TREVOR,WASHINGTON,7/6/1970,M,M,trevor13@adventure-works.com,"$70,000 ",4,Graduate Degree,Professional,Y
26327,MR.,JACK,JAI,5/3/1970,M,M,jack33@adventure-works.com,"$70,000 ",4,Graduate Degree,Professional,Y
26328,MR.,EDWARD,ANDERSON,4/8/1970,S,M,edward32@adventure-works.com,"$80,000 ",2,Graduate Degree,Professional,N
26329,MRS.,ANGELICA,BRYANT,5/21/1967,M,F,angelica17@adventure-works.com,"$50,000 ",2,Bachelors,Skilled Manual,Y
26330,MR.,MARCUS,DIAZ,5/3/1967,S,M,marcus71@adventure-works.com,"$50,000 ",2,Bachelors,Skilled Manual,N
26331,MRS.,MELANIE,POWELL,9/4/1967,M,F,melanie24@adventure-works.com,"$50,000 ",2,Bachelors,Skilled Manual,Y
26332,MR.,AARON,MITCHELL,9/26/1966,M,M,aaron44@adventure-works.com,"$80,000 ",3,Bachelors,Skilled Manual,N
26333,MRS.,ALEXANDRIA,ALEXANDER,5/1/1966,M,F,alexandria19@adventure-works.com,"$80,000 ",3,Bachelors,Skilled Manual,Y
26334,MR.,ROSS,BLANCO,4/4/1966,S,M,ross33@adventure-works.com,"$80,000 ",3,Bachelors,Skilled Manual,Y
26335,MRS.,APRIL,PAL,5/9/1966,M,F,april10@adventure-works.com,"$80,000 ",3,Bachelors,Skilled Manual,Y
26336,MR.,NOAH,BROWN,8/25/1966,M,M,noah61@adventure-works.com,"$60,000 ",0,Graduate Degree,Professional,Y
26337,MS.,JENNIFER,GONZALEZ,5/28/1966,M,F,jennifer20@adventure-works.com,"$60,000 ",0,Graduate Degree,Professional,Y
26338,MRS.,ANNA,COLEMAN,4/9/1966,M,F,anna30@adventure-works.com,"$70,000 ",4,Graduate Degree,Professional,Y
26339,MRS.,CINDY,JAMES,10/9/1966,S,F,cindy26@adventure-works.com,"$70,000 ",4,Graduate Degree,Professional,Y
26340,MRS.,MELISSA,MORRIS,3/20/1969,M,F,melissa41@adventure-works.com,"$70,000 ",5,Graduate Degree,Professional,Y
26341,MRS.,OLIVIA,TAYLOR,3/22/1969,M,F,olivia8@adventure-works.com,"$70,000 ",5,Graduate Degree,Professional,Y
26342,MR.,EDUARDO,GRIFFIN,8/16/1969,S,M,eduardo64@adventure-works.com,"$80,000 ",3,Graduate Degree,Professional,N
26343,MS.,MARIAH,WASHINGTON,9/15/1965,S,F,mariah18@adventure-works.com,"$40,000 ",0,Bachelors,Professional,N
26344,MRS.,NATALIE,HUGHES,6/26/1965,S,F,natalie34@adventure-works.com,"$50,000 ",3,Bachelors,Skilled Manual,Y
26345,MR.,CONNOR,BAKER,7/10/1965,M,M,connor37@adventure-works.com,"$50,000 ",3,Bachelors,Skilled Manual,N
26346,MR.,EMMANUEL,SURI,9/14/1965,M,M,emmanuel0@adventure-works.com,"$50,000 ",3,Bachelors,Skilled Manual,Y
26347,MR.,ALVIN,RAJI,12/2/1965,M,M,alvin42@adventure-works.com,"$50,000 ",3,Bachelors,Skilled Manual,Y
26348,MR.,LOGAN,MOORE,3/13/1965,M,M,logan59@adventure-works.com,"$50,000 ",4,Bachelors,Skilled Manual,Y
26349,MR.,ADAM,LOPEZ,4/19/1965,S,M,adam42@adventure-works.com,"$60,000 ",0,Graduate Degree,Professional,N
26350,MS.,GABRIELLE,KING,11/2/1965,M,F,gabrielle61@adventure-works.com,"$60,000 ",0,Graduate Degree,Professional,Y
26351,MS.,EMMA,MOORE,1/24/1965,S,F,emma7@adventure-works.com,"$60,000 ",0,Graduate Degree,Professional,N
26352,MS.,CYNTHIA,FERNANDEZ,8/22/1968,S,F,cynthia21@adventure-works.com,"$40,000 ",0,Graduate Degree,Clerical,N
26353,MS.,HOLLY,MALHOTRA,7/23/1968,S,F,holly6@adventure-works.com,"$40,000 ",0,Graduate Degree,Clerical,N
26354,MR.,NELSON,SERRANO,6/24/1968,S,M,nelson15@adventure-works.com,"$40,000 ",0,Graduate Degree,Clerical,N
26355,MR.,DARREN,MADAN,8/7/1925,M,M,darren10@adventure-works.com,"$20,000 ",2,High School,Manual,N
26356,MR.,TIMOTHY,HOWARD,3/11/1967,M,M,timothy12@adventure-works.com,"$10,000 ",3,High School,Manual,Y
26357,MR.,SERGIO,GONZALEZ,12/3/1967,S,M,sergio19@adventure-works.com,"$10,000 ",3,Partial High School,Manual,Y
26358,MR.,MASON,GONZALEZ,8/10/1926,S,M,mason29@adventure-works.com,"$20,000 ",2,High School,Manual,N
26359,MR.,GEORGE,RAMAN,8/21/1967,M,M,george18@adventure-works.com,"$30,000 ",1,Bachelors,Clerical,Y
26360,MR.,MAX,BLANCO,5/25/1967,M,M,max15@adventure-works.com,"$30,000 ",1,Bachelors,Clerical,N
26361,MRS.,EBONY,SUAREZ,2/8/1966,M,F,ebony40@adventure-works.com,"$10,000 ",4,Partial High School,Manual,Y
26362,MRS.,JOY,TORRES,3/18/1966,M,F,joy13@adventure-works.com,"$20,000 ",1,High School,Manual,Y
26363,MR.,LARRY,JIMENEZ,6/2/1967,M,M,larry7@adventure-works.com,"$40,000 ",0,Bachelors,Clerical,Y
26364,MRS.,GABRIELLA,HILL,2/18/1928,S,F,gabriella36@adventure-works.com,"$10,000 ",4,High School,Manual,N
26365,MR.,PHILLIP,FERNANDEZ,2/20/1966,M,M,phillip17@adventure-works.com,"$30,000 ",1,Bachelors,Skilled Manual,Y
26366,MR.,JOHNATHAN,SCHMIDT,11/28/1966,M,M,johnathan12@adventure-works.com,"$30,000 ",1,Bachelors,Skilled Manual,Y
26367,MR.,OMAR,SHAN,2/18/1966,M,M,omar30@adventure-works.com,"$30,000 ",1,Bachelors,Skilled Manual,Y
26368,MR.,BHARAT,MIRCHANDANI,9/4/1965,S,M,bharat0@adventure-works.com,"$10,000 ",4,Partial High School,Manual,Y
26369,MRS.,KATE,NATH,9/24/1965,M,F,kate15@adventure-works.com,"$20,000 ",2,High School,Manual,Y
26370,MRS.,MARIA,BRYANT,9/17/1965,M,F,maria39@adventure-works.com,"$20,000 ",2,High School,Manual,Y
26371,MRS.,CASSANDRA,GARCIA,3/5/1965,M,F,cassandra16@adventure-works.com,"$30,000 ",1,Bachelors,Skilled Manual,Y
26372,MRS.,MARIE,BROWNING,4/21/1964,M,F,marie39@adventure-works.com,"$10,000 ",3,Partial High School,Manual,Y
26373,MS.,MARIAH,REED,6/12/1972,M,F,mariah43@adventure-works.com,"$70,000 ",0,Partial College,Skilled Manual,Y
26374,MR.,BRADLEY,PAL,2/28/1971,S,M,bradley14@adventure-works.com,"$130,000 ",0,Partial High School,Management,N
26375,MR.,SHANNON,ORTEGA,6/15/1971,S,M,shannon41@adventure-works.com,"$130,000 ",0,Partial High School,Management,Y
26376,MR.,ANTHONY,MARTINEZ,1/17/1953,M,M,anthony3@adventure-works.com,"$70,000 ",4,Partial College,Professional,Y
26377,MRS.,ISABELLE,FOSTER,6/5/1953,S,F,isabelle15@adventure-works.com,"$70,000 ",4,Partial College,Professional,Y
26378,MR.,COLIN,RAJE,6/3/1958,M,M,colin37@adventure-works.com,"$130,000 ",2,Bachelors,Management,Y
26379,MRS.,CINDY,RODRIGUEZ,6/9/1958,S,F,cindy18@adventure-works.com,"$130,000 ",2,Partial College,Professional,N
26380,MR.,RICARDO,LUO,5/19/1957,M,M,ricardo5@adventure-works.com,"$100,000 ",2,Partial College,Professional,Y
26381,MR.,SHANNON,ROMERO,8/23/1957,M,M,shannon30@adventure-works.com,"$130,000 ",2,Partial College,Professional,Y
26382,MR.,DALE,XU,11/6/1957,S,M,dale4@adventure-works.com,"$130,000 ",2,Partial College,Professional,N
26383,MR.,RONNIE,HU,2/16/1956,S,M,ronnie17@adventure-works.com,"$110,000 ",2,Partial College,Professional,Y
26384,MR.,JON,ZHU,8/3/1956,M,M,jon34@adventure-works.com,"$110,000 ",2,Partial College,Professional,Y
26385,MR.,JAVIER,MUÑOZ,6/28/1956,S,M,javier3@adventure-works.com,"$120,000 ",3,High School,Professional,N
26386,MRS.,KELLI,ZHAO,4/20/1956,S,F,kelli11@adventure-works.com,"$160,000 ",2,High School,Professional,N
26387,MR.,DALTON,ROBERTS,12/22/1956,S,M,dalton38@adventure-works.com,"$170,000 ",3,Partial College,Professional,N
26388,MR.,WAYNE,JAI,8/26/1955,M,M,wayne13@adventure-works.com,"$90,000 ",2,High School,Professional,Y
26389,MRS.,CANDICE,ZHOU,2/17/1955,M,F,candice14@adventure-works.com,"$100,000 ",2,High School,Professional,N
26390,MR.,IVAN,MEHTA,1/16/1955,M,M,ivan10@adventure-works.com,"$150,000 ",3,High School,Professional,Y
26391,MRS.,DOMINIQUE,ARUN,9/25/1944,S,F,dominique6@adventure-works.com,"$70,000 ",5,High School,Professional,Y
26392,MRS.,KELLI,RAI,2/14/1944,S,F,kelli40@adventure-works.com,"$100,000 ",2,Graduate Degree,Management,N
26393,MR.,DONALD,RAMAN,8/7/1944,S,M,donald13@adventure-works.com,"$110,000 ",3,Bachelors,Management,N
26394,,MARTHA,SUN,8/5/1945,M,NA,martha13@adventure-works.com,"$70,000 ",5,High School,Professional,Y
26395,MRS.,DAISY,GILL,1/20/1945,S,F,daisy8@adventure-works.com,"$90,000 ",5,Partial College,Professional,Y
26396,MR.,TERRY,BLACK,5/19/1945,M,M,terry22@adventure-works.com,"$100,000 ",2,Bachelors,Management,N
26397,MR.,MICHEAL,TRAVERS,8/8/1945,S,M,micheal7@adventure-works.com,"$130,000 ",4,Partial College,Professional,N
26398,MR.,IAN,WATSON,6/10/1945,M,M,ian65@adventure-works.com,"$170,000 ",4,Bachelors,Management,Y
26399,MR.,ERICK,GONZALEZ,6/25/1946,M,M,erick18@adventure-works.com,"$120,000 ",4,Bachelors,Management,Y
26400,MRS.,JADE,JAMES,3/19/1953,M,F,jade5@adventure-works.com,"$80,000 ",4,Partial College,Professional,Y
26401,MRS.,NATALIE,BUTLER,11/12/1954,M,F,natalie36@adventure-works.com,"$130,000 ",3,High School,Professional,Y
26402,MRS.,JAMIE,WAGNER,9/7/1953,S,F,jamie3@adventure-works.com,"$100,000 ",3,Bachelors,Management,N
26403,MR.,PHILIP,NAVARRO,6/25/1953,M,M,philip10@adventure-works.com,"$110,000 ",2,Partial College,Professional,N
26404,MS.,TRISHA,WU,7/6/1953,M,F,trisha1@adventure-works.com,"$170,000 ",0,Bachelors,Management,Y
26405,MRS.,NAOMI,BLANCO,4/26/1952,M,F,naomi16@adventure-works.com,"$80,000 ",4,Partial College,Professional,Y
26406,MRS.,HALEY,LOPEZ,2/26/1952,M,F,haley55@adventure-works.com,"$80,000 ",4,Partial College,Professional,Y
26407,MRS.,ASHLEY,DAVIS,4/17/1952,S,F,ashley5@adventure-works.com,"$120,000 ",4,Partial College,Professional,Y
26408,MRS.,MARTHA,HUANG,6/3/1951,S,F,martha5@adventure-works.com,"$130,000 ",4,High School,Professional,N
26409,MRS.,CHRISTY,GOEL,8/3/1951,S,F,christy37@adventure-works.com,"$130,000 ",4,High School,Professional,N
26410,MR.,FRANKLIN,GOEL,5/10/1950,S,M,franklin36@adventure-works.com,"$90,000 ",4,High School,Management,Y
26411,MR.,MARIO,XU,11/6/1950,S,M,mario4@adventure-works.com,"$110,000 ",4,High School,Management,Y
26412,MRS.,KATE,CHANDE,9/15/1949,M,F,kate12@adventure-works.com,"$80,000 ",5,High School,Management,N
26413,MRS.,REBEKAH,ROMERO,9/13/1949,M,F,rebekah29@adventure-works.com,"$80,000 ",5,High School,Management,Y
26414,MR.,GEORGE,PATEL,9/5/1949,M,M,george9@adventure-works.com,"$120,000 ",4,High School,Management,Y
26415,MRS.,LATOYA,LAL,4/17/1948,M,F,latoya7@adventure-works.com,"$90,000 ",4,Partial High School,Skilled Manual,Y
26416,MRS.,AMY,ZHAO,8/10/1948,M,F,amy17@adventure-works.com,"$130,000 ",4,High School,Management,Y
26417,MR.,DUSTIN,RAI,12/20/1948,S,M,dustin18@adventure-works.com,"$130,000 ",5,High School,Management,N
26418,MR.,RAFAEL,CHANDE,8/10/1947,S,M,rafael39@adventure-works.com,"$90,000 ",5,Partial High School,Skilled Manual,N
26419,MR.,GEOFFREY,SURI,4/24/1947,M,M,geoffrey0@adventure-works.com,"$100,000 ",3,High School,Management,N
26421,MS.,ALLISON,PETERSON,4/6/1975,S,F,allison3@adventure-works.com,"$60,000 ",0,Bachelors,Professional,N
26422,MR.,PEDRO,SURI,9/3/1975,S,M,pedro0@adventure-works.com,"$70,000 ",0,Bachelors,Professional,Y
26423,MR.,HECTOR,GUTIERREZ,11/5/1975,S,M,hector9@adventure-works.com,"$70,000 ",0,Bachelors,Professional,Y
26424,MS.,KAYLA,WHITE,5/3/1976,S,F,kayla13@adventure-works.com,"$60,000 ",0,Bachelors,Professional,N
26425,MS.,JANELLE,MALHOTRA,11/12/1976,S,F,janelle4@adventure-works.com,"$70,000 ",0,Bachelors,Professional,N
26426,MS.,HEIDI,MALHOTRA,6/15/1976,S,F,heidi7@adventure-works.com,"$70,000 ",0,Bachelors,Professional,Y
26427,MS.,ALICIA,XIE,12/28/1976,S,F,alicia2@adventure-works.com,"$70,000 ",0,Bachelors,Professional,N
26428,MR.,COLIN,MA,11/22/1976,M,M,colin17@adventure-works.com,"$70,000 ",0,Bachelors,Professional,Y
26429,MR.,REGINALD,ORTEGA,10/26/1976,S,M,reginald7@adventure-works.com,"$80,000 ",0,Bachelors,Professional,N
26430,MS.,PAULA,SANZ,11/10/1975,S,F,paula21@adventure-works.com,"$70,000 ",0,Bachelors,Professional,N
26431,MR.,SHAUN,RAI,8/16/1974,S,M,shaun18@adventure-works.com,"$60,000 ",0,Bachelors,Professional,Y
26432,MS.,ISABEL,SIMMONS,11/21/1975,M,F,isabel14@adventure-works.com,"$80,000 ",0,Bachelors,Professional,Y
26433,MR.,NELSON,RUBIO,7/27/1975,M,M,nelson20@adventure-works.com,"$90,000 ",0,Bachelors,Professional,Y
26434,MS.,MALLORY,ROMERO,8/23/1974,S,F,mallory16@adventure-works.com,"$90,000 ",0,Bachelors,Professional,Y
26435,MS.,YOLANDA,GOEL,10/6/1973,M,F,yolanda18@adventure-works.com,"$90,000 ",0,Bachelors,Professional,N
26436,MS.,BRIANA,CARLSON,12/26/1973,S,F,briana15@adventure-works.com,"$110,000 ",0,Partial College,Management,Y
26437,MS.,TIFFANY,ZHU,6/19/1973,S,F,tiffany14@adventure-works.com,"$110,000 ",0,Partial College,Management,Y
26438,MRS.,ALISHA,SHEN,4/21/1973,M,F,alisha26@adventure-works.com,"$130,000 ",4,High School,Management,Y
26439,MR.,ISAAC,MORRIS,3/5/1972,S,M,isaac18@adventure-works.com,"$100,000 ",0,High School,Management,Y
26440,MR.,DEVIN,GREEN,1/14/1972,S,M,devin28@adventure-works.com,"$100,000 ",0,High School,Management,N
26441,MR.,RANDY,LU,3/12/1971,M,M,randy13@adventure-works.com,"$80,000 ",0,Bachelors,Professional,Y
26442,MS.,BARBARA,HUANG,1/7/1972,S,F,barbara15@adventure-works.com,"$120,000 ",0,Partial High School,Professional,N
26443,MS.,KATHRYN,SHE,7/26/1971,M,F,kathryn0@adventure-works.com,"$100,000 ",0,High School,Management,Y
26444,MS.,PAMELA,LOPEZ,10/5/1970,S,F,pamela20@adventure-works.com,"$100,000 ",0,Partial High School,Professional,Y
26445,MR.,AIDAN,FOSTER,9/6/1970,S,M,aidan17@adventure-works.com,"$110,000 ",0,High School,Management,N
26446,MR.,JAMIE,MUÑOZ,3/9/1970,S,M,jamie31@adventure-works.com,"$130,000 ",5,High School,Management,Y
26447,MR.,NOAH,RUSSELL,4/20/1971,S,M,noah17@adventure-works.com,"$110,000 ",0,High School,Management,N
26448,MRS.,KARA,YUAN,12/26/1948,M,F,kara7@adventure-works.com,"$30,000 ",4,High School,Professional,Y
26449,MR.,JARED,GRAY,3/11/1948,M,M,jared9@adventure-works.com,"$30,000 ",4,High School,Professional,Y
26450,MRS.,LAUREN,RAMIREZ,12/28/1947,S,F,lauren17@adventure-works.com,"$30,000 ",4,High School,Professional,Y
26451,MRS.,MARIAH,PERRY,8/13/1937,M,F,mariah12@adventure-works.com,"$40,000 ",4,High School,Professional,Y
26452,MR.,JAMES,MARTINEZ,4/17/1937,S,M,james90@adventure-works.com,"$50,000 ",3,Graduate Degree,Management,Y
26453,MR.,COLE,PETERSON,3/17/1937,S,M,cole7@adventure-works.com,"$50,000 ",3,Graduate Degree,Management,Y
26454,MR.,SEBASTIAN,COX,11/26/1937,M,M,sebastian11@adventure-works.com,"$50,000 ",3,Graduate Degree,Management,Y
26455,MR.,SAMUEL,CARTER,6/17/1939,M,M,samuel40@adventure-works.com,"$60,000 ",3,Graduate Degree,Management,Y
26456,MR.,XAVIER,PETERSON,4/5/1939,S,M,xavier71@adventure-works.com,"$60,000 ",3,Graduate Degree,Management,Y
26457,MRS.,SYDNEY,MOORE,8/13/1939,S,F,sydney72@adventure-works.com,"$60,000 ",3,Graduate Degree,Management,Y
26458,MR.,RYAN,MOORE,7/4/1939,M,M,ryan47@adventure-works.com,"$60,000 ",3,Graduate Degree,Management,Y
26459,MRS.,ANGELICA,HAYES,8/20/1939,S,F,angelica22@adventure-works.com,"$60,000 ",3,Graduate Degree,Management,Y
26460,MRS.,GABRIELLA,COOK,3/9/1940,M,F,gabriella19@adventure-works.com,"$60,000 ",3,Bachelors,Management,Y
26461,MRS.,BROOKE,HOWARD,11/24/1940,S,F,brooke10@adventure-works.com,"$60,000 ",3,Bachelors,Management,N
26462,MRS.,LAUREN,KELLY,2/21/1940,S,F,lauren45@adventure-works.com,"$60,000 ",3,Bachelors,Management,N
26463,MRS.,ALEXA,ROGERS,10/3/1940,S,F,alexa18@adventure-works.com,"$60,000 ",3,Bachelors,Management,N
26464,MRS.,ALEXANDRIA,GRIFFIN,11/4/1941,S,F,alexandria21@adventure-works.com,"$40,000 ",4,High School,Professional,N
26465,MRS.,ANDREA,EVANS,6/5/1941,S,F,andrea24@adventure-works.com,"$50,000 ",3,Bachelors,Management,Y
26466,MR.,KEVIN,TURNER,3/25/1941,S,M,kevin42@adventure-works.com,"$50,000 ",3,Bachelors,Management,N
26467,MRS.,NICOLE,BROOKS,8/22/1941,S,F,nicole45@adventure-works.com,"$50,000 ",3,Bachelors,Management,N
26468,MRS.,ALYSSA,BROWN,5/14/1941,M,F,alyssa3@adventure-works.com,"$50,000 ",3,Bachelors,Management,Y
26469,MRS.,JOY,ALVAREZ,11/6/1941,S,F,joy5@adventure-works.com,"$50,000 ",3,Bachelors,Management,N
26470,MR.,MARCUS,COOPER,11/18/1941,M,M,marcus84@adventure-works.com,"$50,000 ",4,Bachelors,Management,Y
26471,MR.,EDWARD,PEREZ,2/13/1942,M,M,edward14@adventure-works.com,"$50,000 ",4,Bachelors,Management,Y
26472,MR.,DAVID,HUGHES,3/8/1942,S,M,david44@adventure-works.com,"$50,000 ",4,Bachelors,Management,Y
26473,MRS.,ANNA,WOOD,4/19/1942,S,F,anna26@adventure-works.com,"$50,000 ",4,Bachelors,Management,N
26474,MRS.,MACKENZIE,MORRIS,1/19/1943,S,F,mackenzie17@adventure-works.com,"$60,000 ",4,Bachelors,Management,N
26475,MRS.,ISABELLA,GONZALEZ,10/3/1944,S,F,isabella48@adventure-works.com,"$30,000 ",4,High School,Professional,N
26476,MR.,JORDAN,JAI,8/22/1944,M,M,jordan28@adventure-works.com,"$30,000 ",5,Partial High School,Clerical,N
26477,MR.,JOEL,RANA,4/7/1947,S,M,joel10@adventure-works.com,"$40,000 ",4,High School,Professional,Y
26478,MRS.,SARA,COLLINS,10/26/1947,S,F,sara27@adventure-works.com,"$40,000 ",4,High School,Professional,Y
26479,MRS.,KATHERINE,COOK,2/9/1947,S,F,katherine7@adventure-works.com,"$40,000 ",4,High School,Professional,N
26480,MRS.,JACQUELINE,PATTERSON,6/22/1945,S,F,jacqueline11@adventure-works.com,"$20,000 ",5,Partial High School,Clerical,N
26481,MR.,LUKE,YOUNG,10/3/1945,M,M,luke48@adventure-works.com,"$30,000 ",5,Partial High School,Skilled Manual,Y
26482,MRS.,SYDNEY,HILL,5/17/1945,M,F,sydney63@adventure-works.com,"$30,000 ",5,Partial High School,Skilled Manual,Y
26483,MRS.,TAYLOR,WARD,3/19/1945,S,F,taylor15@adventure-works.com,"$30,000 ",5,Partial High School,Skilled Manual,N
26484,MR.,FERNANDO,PATTERSON,4/3/1946,S,M,fernando53@adventure-works.com,"$40,000 ",5,High School,Professional,N
26485,MR.,JASON,BRYANT,6/7/1946,M,M,jason15@adventure-works.com,"$40,000 ",5,High School,Professional,Y
26486,MRS.,ANDREA,COOK,7/4/1946,M,F,andrea21@adventure-works.com,"$40,000 ",5,High School,Professional,N
26487,MR.,VINCENT,MA,4/18/1946,S,M,vincent15@adventure-works.com,"$70,000 ",5,Bachelors,Management,Y
26488,MRS.,JULIA,RODRIGUEZ,10/13/1947,M,F,julia41@adventure-works.com,"$40,000 ",2,High School,Professional,Y
26489,MR.,JORDAN,COLLINS,4/11/1947,S,M,jordan56@adventure-works.com,"$70,000 ",2,Bachelors,Management,Y
26490,MR.,ANTONIO,SIMMONS,2/23/1947,S,M,antonio15@adventure-works.com,"$70,000 ",2,Bachelors,Management,N
26491,MRS.,RILEY,SANCHEZ,11/19/1947,S,F,riley37@adventure-works.com,"$70,000 ",2,Bachelors,Management,N
26492,MR.,RYAN,RODRIGUEZ,2/25/1947,M,M,ryan56@adventure-works.com,"$70,000 ",2,Bachelors,Management,Y
26493,MR.,LAWRENCE,RAMOS,9/4/1947,M,M,lawrence16@adventure-works.com,"$70,000 ",2,Bachelors,Management,Y
26494,MR.,NICHOLAS,WHITE,2/22/1947,M,M,nicholas13@adventure-works.com,"$70,000 ",2,Partial College,Professional,Y
26495,MRS.,ALLISON,BAKER,12/16/1948,S,F,allison39@adventure-works.com,"$40,000 ",2,High School,Professional,Y
26496,MRS.,CASSIDY,GRIFFIN,11/8/1948,M,F,cassidy22@adventure-works.com,"$40,000 ",2,High School,Professional,Y
26497,MRS.,KAREN,SANCHEZ,7/6/1948,M,F,karen33@adventure-works.com,"$60,000 ",2,Partial College,Professional,Y
26498,MR.,ETHAN,HAYES,10/26/1948,M,M,ethan19@adventure-works.com,"$60,000 ",2,Partial College,Professional,Y
26499,MRS.,RENEE,RUIZ,2/18/1948,M,F,renee2@adventure-works.com,"$60,000 ",2,Partial College,Professional,Y
26500,MR.,BILLY,RUIZ,3/22/1948,M,M,billy3@adventure-works.com,"$60,000 ",2,Partial College,Professional,Y
26501,MRS.,ALLISON,PARKER,2/3/1948,S,F,allison30@adventure-works.com,"$60,000 ",2,Partial College,Professional,Y
26502,MRS.,TAYLOR,BROWN,5/2/1948,S,F,taylor51@adventure-works.com,"$60,000 ",2,Partial College,Professional,Y
26503,MR.,JEREMIAH,TOWNSEND,2/3/1949,M,M,jeremiah41@adventure-works.com,"$40,000 ",2,Partial High School,Skilled Manual,Y
26504,MRS.,JENNIFER,ROBINSON,8/20/1949,M,F,jennifer45@adventure-works.com,"$40,000 ",2,Partial High School,Skilled Manual,Y
26505,MRS.,JENNIFER,WRIGHT,8/17/1949,M,F,jennifer23@adventure-works.com,"$40,000 ",2,Partial High School,Skilled Manual,Y
26506,MRS.,RUTH,SRINI,7/17/1949,S,F,ruth13@adventure-works.com,"$60,000 ",2,Partial College,Professional,Y
26507,MRS.,ABHIJIT,THAKUR,2/2/1949,M,F,abhijit0@adventure-works.com,"$60,000 ",2,Partial College,Professional,Y
26508,MR.,MARCUS,ROSS,7/14/1949,M,M,marcus53@adventure-works.com,"$60,000 ",2,Partial College,Professional,Y
26509,MR.,SETH,TAYLOR,3/5/1949,S,M,seth9@adventure-works.com,"$60,000 ",2,Partial College,Professional,N
26510,MR.,JACK,SCOTT,3/18/1949,S,M,jack50@adventure-works.com,"$60,000 ",2,Partial College,Professional,Y
26511,MR.,CHARLES,WEISMAN,8/7/1949,M,M,charles16@adventure-works.com,"$70,000 ",5,Partial College,Professional,Y
26512,MRS.,CHRISTINA,COOPER,2/1/1950,M,F,christina16@adventure-works.com,"$40,000 ",2,Partial High School,Skilled Manual,N
26513,MRS.,STACY,MORENO,2/3/1950,S,F,stacy7@adventure-works.com,"$60,000 ",2,Partial College,Professional,N
26514,MR.,CAMERON,POWELL,4/15/1950,M,M,cameron3@adventure-works.com,"$70,000 ",4,Partial College,Professional,N
26515,MRS.,ZOE,WATSON,9/16/1950,M,F,zoe0@adventure-works.com,"$70,000 ",4,Partial College,Professional,Y
26516,MRS.,JILL,PERRY,9/7/1950,M,F,jill32@adventure-works.com,"$70,000 ",4,Partial College,Professional,Y
26517,MRS.,MELANIE,GRIFFIN,2/7/1950,M,F,melanie8@adventure-works.com,"$70,000 ",4,Partial College,Professional,Y
26518,MR.,MARCUS,LEE,6/16/1950,S,M,marcus23@adventure-works.com,"$70,000 ",4,Partial College,Professional,Y
26519,,BRIANNA,WOOD,1/2/1950,M,NA,brianna49@adventure-works.com,"$80,000 ",3,Bachelors,Management,Y
26520,MRS.,CHLOE,RAMIREZ,10/24/1951,S,F,chloe61@adventure-works.com,"$60,000 ",2,High School,Professional,N
26521,MR.,NATHAN,TAYLOR,6/1/1951,M,M,nathan67@adventure-works.com,"$60,000 ",2,High School,Professional,N
26522,MR.,LOGAN,THOMPSON,9/27/1951,M,M,logan67@adventure-works.com,"$60,000 ",2,Partial College,Professional,Y
26523,MRS.,CASEY,RAJI,11/16/1951,S,F,casey21@adventure-works.com,"$60,000 ",2,Partial College,Professional,Y
26524,MR.,ANTHONY,ROBINSON,5/5/1951,M,M,anthony4@adventure-works.com,"$60,000 ",2,Partial College,Professional,Y
26525,MR.,JEREMY,BELL,4/26/1952,S,M,jeremy42@adventure-works.com,"$70,000 ",2,High School,Professional,Y
26526,MR.,BLAKE,COLEMAN,8/18/1952,M,M,blake53@adventure-works.com,"$70,000 ",2,High School,Professional,Y
26527,MR.,OSCAR,HAYES,9/9/1952,M,M,oscar8@adventure-works.com,"$70,000 ",2,Partial High School,Skilled Manual,Y
26528,MR.,SAMUEL,GARCIA,5/4/1953,S,M,samuel55@adventure-works.com,"$60,000 ",3,High School,Professional,Y
26529,MRS.,JASMINE,DAVIS,10/5/1969,S,F,jasmine5@adventure-works.com,"$70,000 ",5,Graduate Degree,Professional,Y
26530,MRS.,RILEY,MORGAN,3/13/1969,M,F,riley33@adventure-works.com,"$70,000 ",5,Graduate Degree,Professional,N
26531,MR.,JEREMY,REED,4/8/1969,M,M,jeremy46@adventure-works.com,"$70,000 ",5,Graduate Degree,Professional,Y
26532,MS.,ANGELA,BARNES,9/12/1968,S,F,angela5@adventure-works.com,"$80,000 ",0,Bachelors,Management,N
26534,MR.,FERNANDO,SMITH,2/11/1968,S,M,fernando1@adventure-works.com,"$90,000 ",4,Bachelors,Management,Y
26536,MS.,KATHERINE,THOMAS,10/5/1967,S,F,katherine81@adventure-works.com,"$100,000 ",0,Bachelors,Management,Y
26537,MR.,WYATT,PEREZ,4/15/1967,S,M,wyatt41@adventure-works.com,"$100,000 ",1,Bachelors,Management,Y
26538,MR.,WARREN,BLACK,11/18/1968,M,M,warren10@adventure-works.com,"$110,000 ",2,Graduate Degree,Management,Y
26539,MRS.,FAITH,HAYES,4/25/1968,S,F,faith22@adventure-works.com,"$130,000 ",1,Graduate Degree,Management,N
26540,MRS.,JADA,SANCHEZ,10/22/1968,S,F,jada16@adventure-works.com,"$170,000 ",1,Graduate Degree,Management,N
26541,MS.,ALEXIS,BUTLER,5/5/1979,M,F,alexis37@adventure-works.com,"$40,000 ",0,Partial College,Skilled Manual,Y
26542,MR.,JAMIE,TORRES,3/25/1978,M,M,jamie34@adventure-works.com,"$40,000 ",0,Bachelors,Professional,N
26543,MRS.,SUSAN,GUO,1/21/1947,S,F,susan28@adventure-works.com,"$10,000 ",2,High School,Skilled Manual,N
26544,MS.,RILEY,RAMIREZ,3/24/1978,M,F,riley26@adventure-works.com,"$30,000 ",0,Partial College,Skilled Manual,Y
26545,MS.,TAYLOR,ROSS,1/8/1978,M,F,taylor29@adventure-works.com,"$60,000 ",0,Partial College,Skilled Manual,N
26546,MR.,MIGUEL,BENNETT,6/26/1978,M,M,miguel47@adventure-works.com,"$60,000 ",0,Partial College,Skilled Manual,Y
26547,MRS.,BARBARA,BECK,5/9/1946,S,F,barbara48@adventure-works.com,"$30,000 ",2,Partial College,Clerical,N
26548,MR.,CASEY,SUAREZ,5/11/1947,S,M,casey43@adventure-works.com,"$20,000 ",4,High School,Skilled Manual,N
26549,MR.,JAMIE,SANZ,8/15/1948,S,M,jamie42@adventure-works.com,"$20,000 ",2,Partial High School,Clerical,Y
26550,MR.,ALEX,MORRIS,10/28/1977,S,M,alex22@adventure-works.com,"$40,000 ",0,Bachelors,Professional,N
26551,MR.,NOAH,MOORE,9/20/1977,S,M,noah47@adventure-works.com,"$40,000 ",0,Partial College,Skilled Manual,Y
26552,MS.,JUDITH,TURNER,3/12/1977,M,F,judith2@adventure-works.com,"$40,000 ",0,Partial College,Skilled Manual,Y
26553,MS.,KAYLA,POWELL,5/10/1977,S,F,kayla32@adventure-works.com,"$40,000 ",0,Partial College,Skilled Manual,Y
26554,MR.,MICHAEL,GARCIA,5/16/1977,S,M,michael48@adventure-works.com,"$60,000 ",0,Partial College,Skilled Manual,N
26555,MR.,JEREMY,PERRY,6/13/1977,S,M,jeremy25@adventure-works.com,"$70,000 ",0,Partial College,Skilled Manual,N
26556,MR.,JEREMY,COOPER,5/4/1976,M,M,jeremy38@adventure-works.com,"$60,000 ",0,Partial College,Skilled Manual,N
26558,MRS.,HOLLY,GARCIA,8/25/1949,M,F,holly14@adventure-works.com,"$10,000 ",2,Partial High School,Clerical,N
26559,MR.,MARSHALL,YE,5/16/1949,S,M,marshall8@adventure-works.com,"$10,000 ",2,Partial High School,Clerical,Y
26560,MRS.,LINDSEY,SHEN,6/4/1951,M,F,lindsey2@adventure-works.com,"$20,000 ",2,Partial High School,Clerical,Y
26561,MRS.,HANNAH,LEWIS,5/6/1951,M,F,hannah19@adventure-works.com,"$20,000 ",2,Partial High School,Clerical,Y
26562,MR.,EDWARD,WILSON,1/24/1953,M,M,edward29@adventure-works.com,"$40,000 ",2,Partial College,Skilled Manual,Y
26563,MR.,KEITH,SHE,1/24/1953,M,M,keith2@adventure-works.com,"$40,000 ",2,Partial College,Skilled Manual,Y
26564,,FRANKLIN,CHEN,9/26/1954,S,NA,franklin2@adventure-works.com,"$40,000 ",3,Partial High School,Clerical,N
26565,MR.,GABRIEL,MITCHELL,5/20/1954,S,M,gabriel42@adventure-works.com,"$40,000 ",3,Partial High School,Clerical,N
26566,MRS.,CRYSTAL,CHEN,3/23/1954,S,F,crystal4@adventure-works.com,"$40,000 ",3,Partial High School,Clerical,N
26567,MRS.,MICHELE,RAI,10/7/1955,S,F,michele18@adventure-works.com,"$80,000 ",2,Partial College,Skilled Manual,N
26568,,NANCY,KOVAR,8/11/1955,S,NA,nancy8@adventure-works.com,"$80,000 ",2,Partial College,Skilled Manual,Y
26569,MRS.,MICHELLE,SANCHEZ,8/9/1955,M,F,michelle24@adventure-works.com,"$80,000 ",2,Partial College,Skilled Manual,Y
26570,MR.,HUNTER,GONZALES,5/11/1955,M,M,hunter14@adventure-works.com,"$80,000 ",2,Partial College,Skilled Manual,Y
26571,MRS.,LACEY,PAL,2/16/1955,S,F,lacey2@adventure-works.com,"$80,000 ",2,Partial College,Skilled Manual,N
26572,MS.,JESSICA,RUSSELL,11/19/1975,S,F,jessica44@adventure-works.com,"$40,000 ",0,Partial College,Skilled Manual,N
26573,MS.,SAMANTHA,CLARK,5/18/1975,M,F,samantha20@adventure-works.com,"$40,000 ",0,High School,Skilled Manual,Y
26574,MR.,JORDAN,ALLEN,9/26/1975,M,M,jordan76@adventure-works.com,"$40,000 ",0,High School,Skilled Manual,Y
26575,MS.,TONI,GONZALEZ,7/8/1975,S,F,toni19@adventure-works.com,"$40,000 ",0,High School,Skilled Manual,N
26576,MS.,KAITLYN,ROBINSON,1/10/1975,M,F,kaitlyn41@adventure-works.com,"$60,000 ",0,Partial College,Skilled Manual,Y
26577,MS.,CINDY,EDWARDS,2/2/1975,M,F,cindy20@adventure-works.com,"$60,000 ",0,Partial College,Skilled Manual,Y
26578,MR.,JEREMY,WHITE,10/25/1975,S,M,jeremy3@adventure-works.com,"$60,000 ",0,Partial College,Skilled Manual,Y
26579,MR.,HUNTER,HAYES,5/22/1974,S,M,hunter18@adventure-works.com,"$50,000 ",0,High School,Skilled Manual,N
26580,MS.,PAIGE,RAMIREZ,7/17/1974,M,F,paige30@adventure-works.com,"$50,000 ",0,High School,Skilled Manual,Y
26581,MS.,MARIAH,PATTERSON,11/22/1973,M,F,mariah15@adventure-works.com,"$60,000 ",0,Partial College,Skilled Manual,Y
26582,MR.,FERNANDO,MOORE,3/3/1973,M,M,fernando8@adventure-works.com,"$60,000 ",0,Partial College,Skilled Manual,Y
26583,MR.,JAMES,PATTERSON,8/13/1976,S,M,james26@adventure-works.com,"$60,000 ",0,Partial College,Professional,N
26584,MR.,BENJAMIN,ALEXANDER,2/24/1976,M,M,benjamin20@adventure-works.com,"$60,000 ",0,Partial College,Professional,N
26585,MR.,ALEJANDRO,XU,7/15/1956,S,M,alejandro15@adventure-works.com,"$80,000 ",2,High School,Skilled Manual,Y
26586,MS.,ALEXANDRA,BAKER,7/12/1976,M,F,alexandra58@adventure-works.com,"$60,000 ",0,Partial College,Professional,Y
26587,MR.,MARIO,JOHNSEN,3/8/1957,S,M,mario9@adventure-works.com,"$70,000 ",2,High School,Skilled Manual,N
26588,MR.,DUSTIN,PAL,9/21/1957,M,M,dustin12@adventure-works.com,"$70,000 ",2,High School,Skilled Manual,Y
26589,MRS.,JULIE,TANG,8/5/1957,S,F,julie8@adventure-works.com,"$70,000 ",2,High School,Professional,Y
26590,MR.,JORGE,GUO,12/1/1958,M,M,jorge20@adventure-works.com,"$100,000 ",1,Bachelors,Management,Y
26591,MRS.,AIMEE,CHEN,8/5/1958,S,F,aimee2@adventure-works.com,"$100,000 ",1,Bachelors,Management,Y
26592,MRS.,BRENDA,LOPEZ,5/7/1959,S,F,brenda20@adventure-works.com,"$100,000 ",1,Bachelors,Management,Y
26593,MR.,EDUARDO,CAMPBELL,3/18/1966,S,M,eduardo40@adventure-works.com,"$130,000 ",0,Graduate Degree,Management,N
26594,MRS.,MELISSA,WOOD,8/6/1957,M,F,melissa21@adventure-works.com,"$70,000 ",2,Partial High School,Skilled Manual,Y
26595,MRS.,ALYSSA,BAILEY,4/5/1957,M,F,alyssa33@adventure-works.com,"$70,000 ",2,Partial High School,Skilled Manual,Y
26596,MR.,ANTONIO,HAYES,6/2/1964,M,M,antonio23@adventure-works.com,"$60,000 ",4,Bachelors,Skilled Manual,Y
26597,MRS.,MADISON,LEWIS,1/5/1964,S,F,madison21@adventure-works.com,"$60,000 ",4,Bachelors,Skilled Manual,N
26598,MR.,CHARLES,ADAMS,3/2/1964,S,M,charles35@adventure-works.com,"$60,000 ",4,Bachelors,Skilled Manual,Y
26599,MRS.,ALLISON,REED,1/14/1964,M,F,allison20@adventure-works.com,"$60,000 ",4,Bachelors,Skilled Manual,Y
26600,MRS.,MICHELLE,GRAY,7/22/1964,S,F,michelle7@adventure-works.com,"$60,000 ",4,Bachelors,Skilled Manual,N
26601,MR.,KYLE,GONZALEZ,6/24/1964,S,M,kyle38@adventure-works.com,"$60,000 ",4,Bachelors,Skilled Manual,Y
26602,MR.,NOAH,YANG,10/4/1963,S,M,noah23@adventure-works.com,"$70,000 ",4,Bachelors,Professional,Y
26603,MRS.,SHEILA,RUIZ,4/3/1963,S,F,sheila2@adventure-works.com,"$70,000 ",4,Bachelors,Professional,N
26604,MS.,ELIZABETH,WEST,11/7/1968,S,F,elizabeth42@adventure-works.com,"$70,000 ",0,Bachelors,Professional,N
26605,MR.,BRANDON,FOSTER,2/27/1963,S,M,brandon13@adventure-works.com,"$70,000 ",0,Bachelors,Professional,N
26606,MRS.,HANNAH,HARRIS,12/3/1963,S,F,hannah12@adventure-works.com,"$60,000 ",3,Graduate Degree,Professional,Y
26607,MRS.,NATALIE,POWELL,7/11/1963,M,F,natalie31@adventure-works.com,"$60,000 ",3,Graduate Degree,Professional,Y
26608,MR.,AARON,NELSON,7/17/1963,S,M,aaron42@adventure-works.com,"$60,000 ",3,Graduate Degree,Professional,N
26609,MRS.,ABIGAIL,KELLY,4/11/1962,M,F,abigail23@adventure-works.com,"$70,000 ",1,Partial College,Skilled Manual,Y
26610,MRS.,MARY,PEREZ,11/9/1962,M,F,mary25@adventure-works.com,"$70,000 ",1,Partial College,Skilled Manual,Y
26611,MRS.,KAYLA,HENDERSON,4/19/1962,M,F,kayla29@adventure-works.com,"$70,000 ",1,Partial College,Skilled Manual,Y
26612,MRS.,JANET,ROMERO,3/4/1961,M,F,janet14@adventure-works.com,"$40,000 ",4,High School,Skilled Manual,Y
26613,MRS.,PRISCILLA,LAL,6/25/1961,M,F,priscilla8@adventure-works.com,"$40,000 ",4,High School,Skilled Manual,Y
26614,MR.,RICHARD,ROBINSON,6/5/1961,S,M,richard12@adventure-works.com,"$40,000 ",4,High School,Skilled Manual,Y
26615,MR.,DAVID,POWELL,4/6/1961,M,M,david41@adventure-works.com,"$60,000 ",1,Partial College,Skilled Manual,Y
26616,MR.,COLIN,GOEL,3/18/1960,M,M,colin42@adventure-works.com,"$40,000 ",0,Bachelors,Professional,N
26617,MR.,ISAIAH,PETERSON,10/11/1960,M,M,isaiah4@adventure-works.com,"$60,000 ",1,Partial College,Skilled Manual,Y
26618,MRS.,AMANDA,MORRIS,2/18/1960,M,F,amanda1@adventure-works.com,"$60,000 ",1,Partial College,Skilled Manual,Y
26619,MR.,THOMAS,HILL,3/26/1960,M,M,thomas49@adventure-works.com,"$60,000 ",1,Partial College,Skilled Manual,Y
26620,MS.,ISABELLA,GREEN,5/21/1967,S,F,isabella45@adventure-works.com,"$50,000 ",0,Partial College,Skilled Manual,N
26621,MS.,SARAH,WOOD,5/22/1967,S,F,sarah27@adventure-works.com,"$50,000 ",0,Partial College,Skilled Manual,N
26622,MS.,JAN,HOWARD,9/5/1967,S,F,jan9@adventure-works.com,"$50,000 ",0,Partial College,Skilled Manual,N
26623,MS.,ALEXANDRA,ROSS,2/11/1967,S,F,alexandra27@adventure-works.com,"$50,000 ",0,Partial College,Skilled Manual,N
26624,MS.,ELIZABETH,RUSSELL,5/6/1967,S,F,elizabeth48@adventure-works.com,"$50,000 ",0,Partial College,Skilled Manual,N
26625,MS.,LAUREN,BARNES,12/19/1967,S,F,lauren50@adventure-works.com,"$60,000 ",0,Graduate Degree,Professional,Y
26626,MR.,DALTON,TAYLOR,3/25/1967,S,M,dalton8@adventure-works.com,"$60,000 ",0,Graduate Degree,Professional,N
26627,MR.,JOSE,ALEXANDER,8/7/1967,M,M,jose13@adventure-works.com,"$60,000 ",0,Graduate Degree,Professional,N
26628,MR.,LUCAS,LEE,5/4/1927,S,M,lucas36@adventure-works.com,"$40,000 ",2,High School,Skilled Manual,N
26629,MRS.,MIRANDA,PRICE,2/6/1960,M,F,miranda0@adventure-works.com,"$60,000 ",1,Partial College,Skilled Manual,Y
26630,MRS.,VANESSA,POWELL,3/15/1960,M,F,vanessa9@adventure-works.com,"$60,000 ",1,Partial College,Skilled Manual,Y
26631,MR.,ISAIAH,STEWART,3/1/1960,M,M,isaiah25@adventure-works.com,"$60,000 ",1,Partial College,Skilled Manual,Y
26632,MRS.,ISABELLA,MOORE,12/24/1960,M,F,isabella63@adventure-works.com,"$60,000 ",1,Partial College,Skilled Manual,Y
26633,MRS.,GABRIELLE,WARD,11/8/1960,M,F,gabrielle12@adventure-works.com,"$60,000 ",1,Partial College,Skilled Manual,Y
26634,MR.,DEVIN,WALKER,5/12/1960,M,M,devin20@adventure-works.com,"$60,000 ",1,Partial College,Skilled Manual,N
26635,MRS.,JASMINE,HARRIS,5/14/1959,M,F,jasmine12@adventure-works.com,"$60,000 ",1,Partial College,Skilled Manual,Y
26636,MR.,MIGUEL,WALKER,5/18/1959,M,M,miguel23@adventure-works.com,"$60,000 ",5,Bachelors,Professional,Y
26637,MR.,THOMAS,ROBINSON,3/27/1959,M,M,thomas58@adventure-works.com,"$60,000 ",4,Bachelors,Professional,Y
26638,MRS.,OLIVIA,FLORES,6/24/1959,S,F,olivia58@adventure-works.com,"$70,000 ",1,Graduate Degree,Professional,N
26639,MRS.,RILEY,DIAZ,2/15/1959,M,F,riley18@adventure-works.com,"$70,000 ",5,Graduate Degree,Professional,Y
26640,MR.,EDUARDO,LOPEZ,8/5/1959,S,M,eduardo28@adventure-works.com,"$70,000 ",5,Graduate Degree,Professional,Y
26641,MR.,ARTURO,XIE,8/5/1959,S,M,arturo27@adventure-works.com,"$80,000 ",1,Graduate Degree,Professional,Y
26642,MRS.,GABRIELLE,EVANS,6/18/1958,M,F,gabrielle45@adventure-works.com,"$80,000 ",1,Partial College,Skilled Manual,Y
26643,MR.,BENJAMIN,MILLER,10/13/1958,M,M,benjamin40@adventure-works.com,"$60,000 ",3,Bachelors,Professional,Y
26644,MRS.,JENNA,HERNANDEZ,4/21/1958,S,F,jenna17@adventure-works.com,"$60,000 ",1,Bachelors,Professional,N
26645,MRS.,MORGAN,RICHARDSON,8/22/1958,S,F,morgan57@adventure-works.com,"$60,000 ",1,Bachelors,Professional,Y
26646,MRS.,JORDYN,PERRY,10/22/1958,S,F,jordyn7@adventure-works.com,"$60,000 ",1,Bachelors,Professional,Y
26647,MRS.,JASMINE,SIMMONS,3/28/1958,S,F,jasmine54@adventure-works.com,"$60,000 ",1,Bachelors,Professional,Y
26648,MRS.,RILEY,ROGERS,10/24/1958,S,F,riley38@adventure-works.com,"$70,000 ",5,Graduate Degree,Professional,Y
26649,MRS.,EMILY,PERRY,10/8/1958,S,F,emily32@adventure-works.com,"$80,000 ",5,Graduate Degree,Professional,N
26650,MR.,KEVIN,COLLINS,5/28/1958,S,M,kevin39@adventure-works.com,"$80,000 ",5,Graduate Degree,Professional,Y
26651,MR.,GREGORY,NARA,9/18/1969,S,M,gregory20@adventure-works.com,"$80,000 ",4,Graduate Degree,Management,Y
26652,MR.,BRUCE,MORENO,9/14/1969,M,M,bruce29@adventure-works.com,"$80,000 ",4,Graduate Degree,Management,Y
26653,MRS.,KAYLEE,ALLEN,9/14/1969,M,F,kaylee46@adventure-works.com,"$80,000 ",4,Graduate Degree,Management,Y
26654,MRS.,KATHLEEN,JIMENEZ,7/26/1969,M,F,kathleen7@adventure-works.com,"$90,000 ",1,Graduate Degree,Management,Y
26655,MR.,KELVIN,SHARMA,8/25/1969,M,M,kelvin6@adventure-works.com,"$90,000 ",1,Graduate Degree,Management,N
26656,MRS.,AMANDA,HALL,2/26/1969,M,F,amanda66@adventure-works.com,"$90,000 ",2,Bachelors,Professional,N
26657,MR.,LUCAS,HUGHES,3/7/1969,S,M,lucas59@adventure-works.com,"$90,000 ",2,Bachelors,Professional,N
26658,MR.,DARRYL,LIANG,6/2/1969,M,M,darryl16@adventure-works.com,"$100,000 ",1,Graduate Degree,Management,Y
26659,MRS.,KATRINA,YUAN,8/22/1970,M,F,katrina6@adventure-works.com,"$80,000 ",4,Graduate Degree,Management,N
26660,MR.,KERN,SUTTON,2/22/1968,M,M,kern0@adventure-works.com,"$60,000 ",2,Bachelors,Professional,Y
26661,MRS.,DAWN,ZHU,4/19/1968,S,F,dawn16@adventure-works.com,"$60,000 ",2,Bachelors,Professional,N
26662,MRS.,LORI,ALVAREZ,9/13/1968,S,F,lori7@adventure-works.com,"$60,000 ",2,Bachelors,Professional,Y
26663,MRS.,JOANNA,SERRANO,6/24/1967,S,F,joanna15@adventure-works.com,"$60,000 ",2,Bachelors,Professional,N
26664,MRS.,AMY,ZHU,11/21/1967,M,F,amy20@adventure-works.com,"$70,000 ",5,Bachelors,Professional,Y
26665,MR.,JÉSUS,VAZQUEZ,10/27/1967,S,M,jésus13@adventure-works.com,"$70,000 ",5,Bachelors,Professional,Y
26666,MRS.,ASHLEE,BECK,3/11/1969,S,F,ashlee4@adventure-works.com,"$110,000 ",1,Graduate Degree,Management,N
26667,MRS.,JILLIAN,PATEL,11/19/1969,S,F,jillian3@adventure-works.com,"$120,000 ",1,Graduate Degree,Management,Y
26668,MRS.,TONI,MADAN,6/24/1967,M,F,toni7@adventure-works.com,"$70,000 ",5,Bachelors,Professional,Y
26669,MR.,CURTIS,ZENG,5/4/1967,M,M,curtis19@adventure-works.com,"$70,000 ",5,Bachelors,Professional,Y
26670,MR.,JERRY,JOHNSEN,10/6/1967,M,M,jerry12@adventure-works.com,"$70,000 ",5,Bachelors,Professional,Y
26671,MR.,ARTHUR,PATEL,8/28/1967,M,M,arthur5@adventure-works.com,"$80,000 ",5,Graduate Degree,Management,Y
26672,MRS.,KELLI,SHARMA,8/7/1966,M,F,kelli32@adventure-works.com,"$80,000 ",5,Bachelors,Professional,Y
26673,MR.,AUSTIN,ALEXANDER,5/4/1966,M,M,austin15@adventure-works.com,"$90,000 ",0,Bachelors,Professional,Y
26674,MRS.,ASHLEY,JACKSON,9/15/1953,M,F,ashley12@adventure-works.com,"$60,000 ",3,Partial High School,Skilled Manual,Y
26675,MRS.,NATALIE,KING,3/24/1957,M,F,natalie62@adventure-works.com,"$60,000 ",2,High School,Professional,Y
26676,MRS.,EMILY,JENKINS,7/19/1957,M,F,emily31@adventure-works.com,"$60,000 ",2,High School,Professional,Y
26677,MR.,WILLIAM,JOHNSON,11/6/1956,M,M,william17@adventure-works.com,"$80,000 ",2,Partial High School,Skilled Manual,Y
26678,MRS.,MIRANDA,HUGHES,11/20/1956,S,F,miranda11@adventure-works.com,"$80,000 ",2,Partial High School,Skilled Manual,Y
26679,MR.,NOAH,PERRY,1/1/1956,M,M,noah4@adventure-works.com,"$80,000 ",2,Partial High School,Skilled Manual,Y
26680,MRS.,MELISSA,POWELL,11/12/1956,S,F,melissa3@adventure-works.com,"$80,000 ",2,Partial High School,Skilled Manual,N
26681,MR.,ZACHARY,JACKSON,4/3/1956,S,M,zachary42@adventure-works.com,"$60,000 ",2,High School,Professional,Y
26682,MR.,RICHARD,DIAZ,2/1/1965,M,M,richard77@adventure-works.com,"$90,000 ",4,Partial College,Professional,Y
26683,MRS.,MARIAH,SIMMONS,2/3/1965,S,F,mariah20@adventure-works.com,"$90,000 ",4,Partial College,Professional,Y
26684,MR.,DUSTIN,ANDERSEN,11/22/1965,M,M,dustin13@adventure-works.com,"$110,000 ",2,Bachelors,Management,Y
26685,MR.,NOAH,BAKER,6/21/1965,S,M,noah43@adventure-works.com,"$130,000 ",1,Graduate Degree,Management,N
26686,MR.,CHRISTIAN,WASHINGTON,4/15/1964,M,M,christian28@adventure-works.com,"$80,000 ",4,Bachelors,Management,N
26687,MR.,MARSHALL,XU,10/10/1964,M,M,marshall26@adventure-works.com,"$80,000 ",4,Partial College,Professional,Y
26688,MRS.,BRITTNEY,XU,3/25/1964,M,F,brittney11@adventure-works.com,"$80,000 ",4,Partial College,Professional,Y
26689,MR.,ARTHUR,GILL,5/19/1964,S,M,arthur38@adventure-works.com,"$110,000 ",3,Bachelors,Management,N
26690,MRS.,ALEXIA,BENNETT,9/11/1964,M,F,alexia1@adventure-works.com,"$110,000 ",3,Bachelors,Management,Y
26691,MRS.,TINA,SURI,12/6/1964,S,F,tina2@adventure-works.com,"$110,000 ",4,Bachelors,Management,N
26692,MRS.,ISABELLA,BROWN,5/17/1956,M,F,isabella61@adventure-works.com,"$70,000 ",3,Partial College,Professional,Y
26693,MR.,CHARLES,PEREZ,10/16/1956,M,M,charles40@adventure-works.com,"$70,000 ",3,Partial College,Professional,Y
26694,MR.,AARON,HUGHES,6/20/1956,S,M,aaron10@adventure-works.com,"$80,000 ",3,Partial College,Professional,Y
26695,MRS.,JOCELYN,DIAZ,9/14/1956,M,F,jocelyn21@adventure-works.com,"$80,000 ",3,Partial College,Professional,Y
26696,MRS.,ROBYN,SUAREZ,10/15/1955,S,F,robyn15@adventure-works.com,"$80,000 ",2,Partial High School,Skilled Manual,Y
26697,MR.,MANUEL,ARUN,1/14/1963,M,M,manuel5@adventure-works.com,"$100,000 ",0,Partial College,Professional,Y
26698,MRS.,BROOKE,RIVERA,10/4/1963,M,F,brooke14@adventure-works.com,"$120,000 ",4,Partial College,Professional,Y
26699,MRS.,JOAN,COLEMAN,10/10/1962,S,F,joan20@adventure-works.com,"$80,000 ",5,Partial College,Professional,Y
26700,MRS.,SYDNEY,RAMIREZ,12/3/1962,S,F,sydney17@adventure-works.com,"$80,000 ",5,Partial College,Professional,Y
26702,MRS.,CYNTHIA,ARUN,4/4/1962,M,F,cynthia11@adventure-works.com,"$90,000 ",5,Partial College,Professional,Y
26703,MR.,WYATT,MILLER,8/20/1962,M,M,wyatt6@adventure-works.com,"$100,000 ",1,Partial College,Professional,Y
26704,MR.,FRANK,ALVAREZ,9/11/1962,S,M,frank35@adventure-works.com,"$110,000 ",1,Bachelors,Management,N
26705,MR.,ERIC,JENKINS,2/21/1962,S,M,eric15@adventure-works.com,"$150,000 ",1,Partial College,Professional,N
26706,MRS.,BAILEY,MITCHELL,1/16/1961,M,F,bailey31@adventure-works.com,"$70,000 ",5,Partial College,Professional,N
26707,MRS.,SYDNEY,BROOKS,4/26/1961,M,F,sydney20@adventure-works.com,"$110,000 ",1,Bachelors,Management,N
26708,MRS.,KATHERINE,WASHINGTON,11/19/1961,S,F,katherine39@adventure-works.com,"$110,000 ",1,Partial College,Professional,N
26709,MRS.,MARY,KING,7/12/1955,S,F,mary32@adventure-works.com,"$80,000 ",2,Partial High School,Skilled Manual,N
26710,MRS.,JAN,GREEN,11/25/1955,M,F,jan14@adventure-works.com,"$60,000 ",2,High School,Professional,Y
26711,MRS.,MYA,BRYANT,7/25/1955,S,F,mya18@adventure-works.com,"$60,000 ",2,High School,Professional,N
26712,MRS.,ASHLEY,WILSON,3/6/1954,S,F,ashley7@adventure-works.com,"$70,000 ",2,Partial High School,Skilled Manual,N
26713,MRS.,STEPHANIE,EDWARDS,3/26/1954,M,F,stephanie51@adventure-works.com,"$70,000 ",2,Partial High School,Skilled Manual,Y
26714,MRS.,ANGELA,LONG,2/22/1954,S,F,angela12@adventure-works.com,"$70,000 ",2,Partial High School,Skilled Manual,N
26715,MRS.,GABRIELLA,BELL,6/13/1954,M,F,gabriella12@adventure-works.com,"$70,000 ",2,Partial High School,Skilled Manual,Y
26716,MRS.,MEGAN,SMITH,11/20/1935,M,F,megan3@adventure-works.com,"$30,000 ",4,High School,Professional,Y
26717,MR.,DAVID,SIMPSON,2/27/1935,M,M,david24@adventure-works.com,"$40,000 ",3,Partial College,Professional,Y
26718,MR.,RICHARD,FLORES,5/13/1936,M,M,richard67@adventure-works.com,"$100,000 ",2,Graduate Degree,Management,Y
26719,MRS.,TAMARA,LI,2/25/1960,S,F,tamara34@adventure-works.com,"$80,000 ",5,Partial College,Professional,N
26720,MR.,SETH,WATSON,5/7/1960,M,M,seth73@adventure-works.com,"$100,000 ",0,Partial College,Professional,Y
26721,MS.,PAULA,JIMENEZ,9/20/1960,S,F,paula8@adventure-works.com,"$100,000 ",0,Partial College,Professional,N
26722,MRS.,ALEXANDRA,MCDONALD,10/8/1960,M,F,alexandra81@adventure-works.com,"$110,000 ",4,Partial College,Professional,Y
26723,MR.,DEVIN,KELLY,9/1/1960,S,M,devin64@adventure-works.com,"$170,000 ",1,Bachelors,Management,N
26724,MRS.,SYDNEY,EDWARDS,9/22/1954,S,F,sydney45@adventure-works.com,"$60,000 ",2,Partial High School,Skilled Manual,Y
26725,MRS.,ALEXIS,SMITH,5/6/1954,M,F,alexis0@adventure-works.com,"$60,000 ",2,Partial High School,Skilled Manual,Y
26726,MRS.,DANIELLE,RIVERA,4/14/1954,S,F,danielle19@adventure-works.com,"$60,000 ",2,Partial High School,Skilled Manual,N
26727,MR.,JOSE,CLARK,6/16/1954,M,M,jose80@adventure-works.com,"$70,000 ",3,High School,Professional,Y
26728,MR.,ELIJAH,ROBERTS,2/2/1953,S,M,elijah33@adventure-works.com,"$70,000 ",3,Graduate Degree,Management,N
26729,MR.,BRIAN,GRAY,1/12/1953,S,M,brian18@adventure-works.com,"$70,000 ",3,Graduate Degree,Management,N
26730,MRS.,RACHEL,SANCHEZ,4/27/1952,S,F,rachel28@adventure-works.com,"$40,000 ",3,Partial College,Professional,Y
26731,MR.,ETHAN,CLARK,4/10/1952,M,M,ethan36@adventure-works.com,"$40,000 ",3,Partial College,Professional,N
26732,MR.,MARTIN,RIENSTRA,8/12/1952,S,M,martin2@adventure-works.com,"$40,000 ",3,Partial College,Professional,Y
26733,MR.,BENJAMIN,SMITH,9/23/1951,M,M,benjamin46@adventure-works.com,"$40,000 ",3,Partial College,Professional,Y
26734,MRS.,MORGAN,POWELL,2/16/1951,M,F,morgan78@adventure-works.com,"$40,000 ",3,Partial College,Professional,N
26735,MRS.,GRACE,WHITE,2/14/1951,S,F,grace12@adventure-works.com,"$40,000 ",3,Partial College,Professional,N
26736,MRS.,LACEY,XU,9/23/1949,S,F,lacey24@adventure-works.com,"$30,000 ",4,High School,Professional,Y
26737,MRS.,KATHERINE,YOUNG,9/23/1949,S,F,katherine98@adventure-works.com,"$40,000 ",4,Partial College,Professional,Y
26738,MRS.,KATHERINE,SIMMONS,5/10/1949,S,F,katherine41@adventure-works.com,"$40,000 ",4,High School,Professional,Y
26739,MR.,COREY,SHEN,5/12/1964,M,M,corey2@adventure-works.com,"$60,000 ",4,Bachelors,Professional,Y
26740,MR.,DONALD,LOPEZ,11/21/1963,M,M,donald18@adventure-works.com,"$60,000 ",3,Bachelors,Professional,N
26741,MRS.,NICHOLE,PAL,8/18/1967,M,F,nichole12@adventure-works.com,"$90,000 ",3,Bachelors,Professional,Y
26742,MR.,JAMES,COLLINS,3/9/1927,M,M,james52@adventure-works.com,"$70,000 ",3,Partial College,Skilled Manual,Y
26743,MR.,DEREK,CHANDE,4/14/1962,S,M,derek13@adventure-works.com,"$70,000 ",1,Partial College,Skilled Manual,Y
26744,MR.,MITCHELL,YUAN,8/12/1962,M,M,mitchell6@adventure-works.com,"$60,000 ",1,Bachelors,Professional,Y
26745,MRS.,VALERIE,HUANG,11/20/1962,M,F,valerie7@adventure-works.com,"$60,000 ",1,Bachelors,Professional,Y
26746,MRS.,AMBER,ADAMS,2/4/1961,S,F,amber16@adventure-works.com,"$60,000 ",1,Partial College,Skilled Manual,N
26747,MRS.,CANDICE,CAI,1/5/1961,S,F,candice5@adventure-works.com,"$60,000 ",1,Partial College,Skilled Manual,N
26748,MS.,STACEY,SHE,3/18/1966,S,F,stacey24@adventure-works.com,"$100,000 ",0,Graduate Degree,Management,N
26749,MR.,RAFAEL,SUN,9/4/1966,M,M,rafael14@adventure-works.com,"$100,000 ",0,Bachelors,Professional,N
26750,MR.,RANDALL,ALVAREZ,2/9/1960,S,M,randall6@adventure-works.com,"$60,000 ",1,Partial College,Skilled Manual,N
26751,MRS.,MALLORY,SERRANO,7/25/1960,S,F,mallory3@adventure-works.com,"$60,000 ",1,Partial College,Skilled Manual,Y
26752,MR.,HENRY,PEREZ,9/18/1960,M,M,henry22@adventure-works.com,"$60,000 ",1,Partial College,Skilled Manual,Y
26753,MRS.,SUMMER,PATEL,7/23/1960,S,F,summer3@adventure-works.com,"$60,000 ",1,Partial College,Skilled Manual,N
26754,MRS.,CANDICE,ZIMMERMAN,10/2/1960,S,F,candice3@adventure-works.com,"$60,000 ",1,Partial College,Skilled Manual,Y
26755,MR.,BRENDAN,JAI,6/3/1965,M,M,brendan9@adventure-works.com,"$80,000 ",5,Bachelors,Professional,Y
26756,MRS.,BROOKE,GRAY,8/27/1965,S,F,brooke6@adventure-works.com,"$80,000 ",5,Bachelors,Professional,Y
26757,MR.,EVAN,RIVERA,3/14/1959,S,M,evan18@adventure-works.com,"$90,000 ",1,Bachelors,Professional,Y
26758,MR.,DAMIEN,ZHANG,3/2/1959,S,M,damien0@adventure-works.com,"$100,000 ",5,Bachelors,Professional,Y
26759,MS.,HAILEY,ALLEN,2/28/1963,M,F,hailey62@adventure-works.com,"$70,000 ",0,Bachelors,Professional,N
26760,MS.,KATHERINE,BUTLER,10/18/1963,S,F,katherine40@adventure-works.com,"$70,000 ",0,Bachelors,Professional,N
26761,MRS.,TABITHA,PRASAD,7/4/1962,M,F,tabitha7@adventure-works.com,"$60,000 ",1,Partial College,Skilled Manual,Y
26762,MRS.,RACHAEL,PEREZ,4/10/1962,M,F,rachael20@adventure-works.com,"$70,000 ",5,Partial College,Skilled Manual,N
26763,MR.,GRANT,SHEN,2/13/1961,M,M,grant4@adventure-works.com,"$60,000 ",1,Partial College,Skilled Manual,Y
26764,MR.,ALVIN,LI,2/9/1961,M,M,alvin4@adventure-works.com,"$60,000 ",1,Partial College,Skilled Manual,Y
26765,MRS.,DOMINIQUE,CHANDRA,3/3/1961,S,F,dominique2@adventure-works.com,"$70,000 ",5,Partial College,Skilled Manual,Y
26766,MRS.,JODI,ANDERSEN,9/11/1961,M,F,jodi13@adventure-works.com,"$70,000 ",5,Partial College,Skilled Manual,Y
26767,MRS.,ALISHA,GOEL,10/25/1957,S,F,alisha44@adventure-works.com,"$70,000 ",1,Partial College,Skilled Manual,N
26768,MRS.,CRISTINA,SHEN,12/12/1957,M,F,cristina2@adventure-works.com,"$70,000 ",1,Partial College,Skilled Manual,Y
26769,MRS.,HOLLY,SAI,5/20/1936,M,F,holly7@adventure-works.com,"$40,000 ",2,Bachelors,Management,Y
26770,MRS.,KATIE,ASHE,5/22/1960,M,F,katie24@adventure-works.com,"$70,000 ",5,Partial College,Skilled Manual,Y
26774,MRS.,ARIANNA,ROSS,9/13/1957,M,F,arianna4@adventure-works.com,"$70,000 ",1,Partial College,Skilled Manual,Y
26775,MS.,RILEY,BRYANT,10/22/1976,M,F,riley15@adventure-works.com,"$30,000 ",0,High School,Skilled Manual,Y
26776,MS.,JENNY,GUO,9/25/1976,S,F,jenny19@adventure-works.com,"$30,000 ",0,High School,Skilled Manual,Y
26777,MR.,ANDREW,CLARK,2/17/1975,S,M,andrew26@adventure-works.com,"$40,000 ",0,High School,Skilled Manual,Y
26778,MS.,SIERRA,PEREZ,6/10/1975,S,F,sierra11@adventure-works.com,"$40,000 ",0,High School,Skilled Manual,Y
26779,MS.,ALEXANDRA,HENDERSON,6/12/1980,M,F,alexandra28@adventure-works.com,"$30,000 ",0,High School,Skilled Manual,N
26782,MR.,SETH,LEWIS,9/25/1980,S,M,seth20@adventure-works.com,"$30,000 ",0,High School,Skilled Manual,N
26783,MR.,JUAN,TORRES,4/19/1980,M,M,juan14@adventure-works.com,"$40,000 ",0,High School,Skilled Manual,N
26784,MR.,WALTER,TORRES,10/7/1946,S,M,walter5@adventure-works.com,"$10,000 ",5,High School,Skilled Manual,Y
26785,MR.,RAUL,RAJE,9/14/1937,M,M,raul11@adventure-works.com,"$40,000 ",2,Bachelors,Management,Y
26786,MR.,SETH,SMITH,5/1/1978,S,M,seth0@adventure-works.com,"$30,000 ",0,Partial High School,Clerical,N
26787,MR.,AUSTIN,MOORE,9/4/1978,S,M,austin45@adventure-works.com,"$30,000 ",0,Partial High School,Clerical,N
26788,MS.,DESTINY,HOWARD,5/11/1978,S,F,destiny37@adventure-works.com,"$40,000 ",0,High School,Skilled Manual,N
26789,MR.,CHASE,MORRIS,11/10/1978,S,M,chase19@adventure-works.com,"$40,000 ",0,High School,Skilled Manual,N
26790,MS.,CHLOE,COOK,2/21/1977,S,F,chloe50@adventure-works.com,"$30,000 ",0,Partial High School,Clerical,N
26791,MR.,KELVIN,NATH,11/4/1977,S,M,kelvin15@adventure-works.com,"$30,000 ",0,Partial High School,Clerical,N
26792,MR.,CASEY,TORRES,6/6/1977,S,M,casey35@adventure-works.com,"$30,000 ",0,Partial High School,Clerical,N
26793,MR.,JESSE,NELSON,3/18/1977,S,M,jesse34@adventure-works.com,"$40,000 ",0,High School,Skilled Manual,Y
26794,MS.,MICHELE,DOMINGUEZ,11/26/1979,M,F,michele46@adventure-works.com,"$40,000 ",0,High School,Skilled Manual,Y
26795,MR.,ELIJAH,SHAN,7/13/1940,M,M,elijah5@adventure-works.com,"$40,000 ",2,Bachelors,Management,Y
26797,MR.,MARSHALL,HU,4/22/1943,S,M,marshall18@adventure-works.com,"$40,000 ",2,Bachelors,Management,N
26798,MR.,JEREMIAH,GARCIA,1/11/1976,M,M,jeremiah7@adventure-works.com,"$40,000 ",0,High School,Skilled Manual,Y
26799,MR.,RYAN,RUSSELL,9/19/1976,M,M,ryan23@adventure-works.com,"$40,000 ",0,Partial College,Skilled Manual,Y
26800,MS.,LAUREN,LEWIS,10/7/1976,S,F,lauren39@adventure-works.com,"$40,000 ",0,Partial College,Skilled Manual,N
26801,MR.,WYATT,WASHINGTON,7/19/1976,M,M,wyatt63@adventure-works.com,"$60,000 ",0,Partial College,Skilled Manual,Y
26803,MR.,XAVIER,BENNETT,2/7/1974,M,M,xavier64@adventure-works.com,"$50,000 ",0,Partial College,Skilled Manual,Y
26804,MS.,TRINITY,SANDERS,11/12/1974,S,F,trinity3@adventure-works.com,"$50,000 ",0,Partial College,Skilled Manual,Y
26805,MS.,ALEXANDRIA,REED,10/9/1973,S,F,alexandria41@adventure-works.com,"$60,000 ",0,Partial College,Skilled Manual,N
26806,MR.,CALEB,MITCHELL,9/20/1965,M,M,caleb41@adventure-works.com,"$50,000 ",3,Bachelors,Skilled Manual,Y
26807,MR.,ANGEL,HALL,9/12/1965,S,M,angel43@adventure-works.com,"$50,000 ",3,Bachelors,Skilled Manual,Y
26808,MRS.,KIMBERLY,HOWARD,1/26/1965,S,F,kimberly15@adventure-works.com,"$50,000 ",3,Bachelors,Skilled Manual,Y
26809,MRS.,JULIA,MORGAN,11/4/1965,S,F,julia50@adventure-works.com,"$50,000 ",3,Bachelors,Skilled Manual,N
26810,MRS.,MELANIE,STEWART,5/13/1965,S,F,melanie46@adventure-works.com,"$50,000 ",3,Bachelors,Skilled Manual,N
26811,MRS.,RACHAEL,SANCHEZ,10/4/1965,S,F,rachael19@adventure-works.com,"$50,000 ",3,Bachelors,Skilled Manual,Y
26812,MR.,JAMES,HERNANDEZ,9/8/1965,M,M,james68@adventure-works.com,"$50,000 ",3,Bachelors,Skilled Manual,Y
26813,MR.,XAVIER,DIAZ,7/15/1965,S,M,xavier62@adventure-works.com,"$50,000 ",4,Bachelors,Skilled Manual,N
26814,MR.,ALEX,HERNANDEZ,4/4/1965,M,M,alex49@adventure-works.com,"$60,000 ",0,Graduate Degree,Professional,Y
26815,MS.,ERIN,COX,5/3/1965,M,F,erin15@adventure-works.com,"$60,000 ",0,Graduate Degree,Professional,Y
26816,MR.,RONNIE,WU,3/9/1968,M,M,ronnie6@adventure-works.com,"$40,000 ",0,Graduate Degree,Clerical,Y
26817,MR.,MELVIN,ASHE,10/22/1968,S,M,melvin21@adventure-works.com,"$40,000 ",0,Graduate Degree,Clerical,Y
26818,MR.,EDUARDO,COLEMAN,6/16/1967,S,M,eduardo50@adventure-works.com,"$10,000 ",3,High School,Manual,Y
26819,,DEVIN,MITCHELL,2/21/1967,M,NA,devin34@adventure-works.com,"$10,000 ",3,High School,Manual,Y
26820,MRS.,CAROL,NATH,5/2/1967,M,F,carol9@adventure-works.com,"$10,000 ",3,Partial High School,Manual,Y
26821,MRS.,TAMARA,GUO,2/21/1967,M,F,tamara7@adventure-works.com,"$10,000 ",4,Partial High School,Manual,Y
26822,MRS.,CINDY,GONZALEZ,2/9/1967,S,F,cindy17@adventure-works.com,"$20,000 ",1,Partial College,Manual,Y
26823,MRS.,KAITLIN,RAMAN,5/2/1967,S,F,kaitlin12@adventure-works.com,"$30,000 ",1,Bachelors,Clerical,N
26824,MRS.,THERESA,BLANCO,3/6/1966,S,F,theresa11@adventure-works.com,"$10,000 ",4,Partial High School,Manual,Y
26826,MRS.,KENDRA,ROMERO,7/6/1966,S,F,kendra9@adventure-works.com,"$10,000 ",5,Partial High School,Manual,Y
26827,MS.,RENEE,RUBIO,1/18/1967,S,F,renee19@adventure-works.com,"$40,000 ",0,Bachelors,Clerical,N
26828,MS.,STEPHANIE,RIVERA,8/10/1967,M,F,stephanie13@adventure-works.com,"$40,000 ",0,Bachelors,Clerical,Y
26829,MS.,MORGAN,EVANS,9/23/1967,M,F,morgan0@adventure-works.com,"$40,000 ",0,Bachelors,Clerical,Y
26830,MR.,LEVI,PEREZ,9/22/1966,M,M,levi19@adventure-works.com,"$30,000 ",1,Bachelors,Clerical,Y
26831,MR.,DREW,RAJE,3/4/1966,M,M,drew15@adventure-works.com,"$30,000 ",1,Bachelors,Clerical,Y
26832,MRS.,KATE,XIE,2/3/1966,M,F,kate2@adventure-works.com,"$30,000 ",1,Bachelors,Skilled Manual,Y
26833,MR.,KELVIN,RAI,1/13/1966,M,M,kelvin14@adventure-works.com,"$30,000 ",1,Bachelors,Skilled Manual,Y
26834,MRS.,TERESA,ROMERO,3/1/1966,M,F,teresa9@adventure-works.com,"$30,000 ",1,Bachelors,Skilled Manual,Y
26835,MR.,KYLE,TURNER,1/9/1965,M,M,kyle35@adventure-works.com,"$10,000 ",4,Partial High School,Manual,Y
26836,MR.,HECTOR,DIAZ,6/10/1965,S,M,hector1@adventure-works.com,"$20,000 ",2,High School,Manual,N
26837,MR.,ALBERT,MARTIN,3/7/1965,M,M,albert3@adventure-works.com,"$20,000 ",2,High School,Manual,Y
26838,MRS.,CASSIE,SHAN,12/4/1965,S,F,cassie9@adventure-works.com,"$20,000 ",2,High School,Manual,N
26839,MR.,JEREMY,NELSON,2/18/1965,S,M,jeremy12@adventure-works.com,"$20,000 ",2,High School,Manual,Y
26840,MR.,ERIC,YANG,3/19/1965,M,M,eric35@adventure-works.com,"$20,000 ",2,High School,Manual,Y
26841,MR.,ROBERTO,JIMÉNEZ,8/13/1965,M,M,roberto5@adventure-works.com,"$30,000 ",1,Bachelors,Skilled Manual,Y
26842,MRS.,FELICIA,ALONSO,6/25/1964,M,F,felicia7@adventure-works.com,"$10,000 ",5,Partial High School,Manual,Y
26843,MR.,NOAH,GONZALEZ,2/8/1929,S,M,noah35@adventure-works.com,"$10,000 ",4,High School,Manual,N
26844,MRS.,ERIN,COOPER,5/27/1930,S,F,erin13@adventure-works.com,"$20,000 ",2,Partial College,Manual,N
26845,MR.,THEODORE,ORTEGA,9/26/1964,S,M,theodore23@adventure-works.com,"$20,000 ",2,High School,Manual,Y
26846,MR.,DUSTIN,KUMAR,7/14/1964,M,M,dustin7@adventure-works.com,"$20,000 ",2,High School,Manual,Y
26847,MR.,BRENT,YANG,1/5/1964,S,M,brent4@adventure-works.com,"$20,000 ",3,High School,Manual,N
26848,MRS.,ALISHA,RAI,11/17/1964,M,F,alisha42@adventure-works.com,"$20,000 ",3,High School,Manual,Y
26849,MR.,BILLY,MARTIN,1/18/1963,M,M,billy1@adventure-works.com,"$10,000 ",3,Partial High School,Manual,Y
26850,,TERRY,LUO,6/19/1963,S,NA,terry9@adventure-works.com,"$20,000 ",3,High School,Manual,N
26851,MRS.,DIANE,ALVAREZ,11/20/1963,S,F,diane9@adventure-works.com,"$20,000 ",3,High School,Manual,Y
26852,MRS.,KAREN,SHE,6/5/1963,M,F,karen32@adventure-works.com,"$20,000 ",3,High School,Manual,Y
26853,MR.,SHANE,RANA,1/13/1966,S,M,shane14@adventure-works.com,"$30,000 ",2,Partial College,Manual,Y
26854,MR.,JONATHAN,HAYES,1/13/1966,S,M,jonathan22@adventure-works.com,"$40,000 ",0,Bachelors,Professional,Y
26855,MS.,CARLA,FERNANDEZ,6/9/1966,M,F,carla18@adventure-works.com,"$40,000 ",0,Bachelors,Professional,N
26856,MRS.,JESSICA,BROOKS,11/3/1965,M,F,jessica22@adventure-works.com,"$30,000 ",2,Partial College,Clerical,Y
26857,MR.,WILLIE,ANAND,9/16/1965,M,M,willie41@adventure-works.com,"$30,000 ",2,Partial College,Clerical,Y
26858,MR.,SAMUEL,LOPEZ,5/8/1965,M,M,samuel51@adventure-works.com,"$40,000 ",1,Bachelors,Skilled Manual,Y
26859,MR.,DARRELL,PAL,7/13/1964,M,M,darrell20@adventure-works.com,"$30,000 ",2,Partial College,Clerical,Y
26860,MRS.,OLIVIA,MILLER,10/27/1964,M,F,olivia5@adventure-works.com,"$40,000 ",1,Bachelors,Skilled Manual,Y
26861,MR.,BRUCE,GUTIERREZ,11/20/1963,S,M,bruce32@adventure-works.com,"$30,000 ",3,Partial College,Clerical,N
26862,MRS.,TINA,VANCE,7/27/1963,S,F,tina5@adventure-works.com,"$30,000 ",3,Partial College,Clerical,Y
26863,MR.,ALVIN,CHEN,11/8/1977,S,M,alvin3@adventure-works.com,"$20,000 ",0,High School,Manual,N
26864,MRS.,CHRISTINE,SUTTON,6/2/1979,S,F,christine2@adventure-works.com,"$30,000 ",3,Partial College,Clerical,Y
26865,MRS.,TABITHA,MARTINEZ,2/27/1979,M,F,tabitha14@adventure-works.com,"$30,000 ",3,Partial College,Clerical,Y
26866,MRS.,JADA,ALLEN,5/15/1979,S,F,jada27@adventure-works.com,"$30,000 ",3,Partial College,Clerical,N
26867,MR.,DANNY,ROMERO,11/15/1963,M,M,danny10@adventure-works.com,"$40,000 ",1,Bachelors,Skilled Manual,Y
26868,MRS.,LYDIA,RAMAN,8/16/1963,M,F,lydia11@adventure-works.com,"$40,000 ",1,Bachelors,Skilled Manual,Y
26870,MRS.,JILL,GILL,1/26/1963,M,F,jill21@adventure-works.com,"$40,000 ",1,Bachelors,Skilled Manual,Y
26871,MR.,JUSTIN,CHEN,8/12/1962,S,M,justin22@adventure-works.com,"$30,000 ",1,Partial College,Clerical,N
26872,MR.,WYATT,HUGHES,1/20/1978,M,M,wyatt61@adventure-works.com,"$30,000 ",3,Partial College,Clerical,Y
26873,MS.,ANN,SURI,5/2/1977,S,F,ann5@adventure-works.com,"$30,000 ",0,Partial College,Clerical,Y
26874,MR.,JORGE,ZHANG,11/19/1977,S,M,jorge1@adventure-works.com,"$30,000 ",0,Partial College,Clerical,N
26875,MR.,BOBBY,PEREZ,3/9/1977,S,M,bobby13@adventure-works.com,"$30,000 ",0,Partial College,Clerical,N
26876,MS.,HOLLY,LOPEZ,7/25/1977,S,F,holly16@adventure-works.com,"$30,000 ",0,Partial College,Clerical,N
26877,MR.,DAMIEN,NARA,2/21/1977,M,M,damien33@adventure-works.com,"$30,000 ",0,Partial College,Clerical,N
26878,MS.,MADELINE,ROBERTS,2/16/1976,M,F,madeline3@adventure-works.com,"$20,000 ",0,High School,Manual,N
26879,MS.,SHANNON,LIN,4/16/1976,S,F,shannon8@adventure-works.com,"$20,000 ",0,High School,Manual,N
26880,MS.,HEATHER,XU,2/27/1976,S,F,heather11@adventure-works.com,"$20,000 ",0,High School,Manual,Y
26881,MS.,REGINA,FERNANDEZ,2/11/1975,M,F,regina15@adventure-works.com,"$10,000 ",0,Partial High School,Manual,Y
26882,MS.,MAYRA,SANCHEZ,5/2/1976,S,F,mayra19@adventure-works.com,"$20,000 ",0,High School,Manual,N
26883,MS.,SHELBY,BRADLEY,6/27/1976,S,F,shelby14@adventure-works.com,"$20,000 ",0,High School,Manual,N
26884,MS.,PAIGE,JAMES,9/9/1976,S,F,paige31@adventure-works.com,"$30,000 ",0,Partial College,Clerical,N
26885,MR.,VICTOR,MARTIN,3/10/1976,S,M,victor1@adventure-works.com,"$30,000 ",0,Partial College,Clerical,N
26886,MS.,JASMINE,ROBINSON,11/12/1976,S,F,jasmine15@adventure-works.com,"$30,000 ",0,Partial College,Clerical,N
26887,MS.,JANELLE,RODRIGUEZ,11/23/1974,M,F,janelle16@adventure-works.com,"$10,000 ",0,Partial High School,Manual,Y
26888,MR.,BRUCE,FERNANDEZ,3/23/1974,S,M,bruce15@adventure-works.com,"$10,000 ",0,Partial High School,Manual,Y
26889,MS.,NATASHA,TORRES,7/7/1974,S,F,natasha11@adventure-works.com,"$20,000 ",0,Partial High School,Manual,N
26890,MR.,BRYAN,ROGERS,3/12/1975,M,M,bryan20@adventure-works.com,"$40,000 ",1,Bachelors,Skilled Manual,Y
26891,MR.,ARTURO,ZHANG,6/8/1975,M,M,arturo0@adventure-works.com,"$40,000 ",1,Bachelors,Skilled Manual,N
26893,MRS.,SHARON,DENG,12/24/1975,M,F,sharon7@adventure-works.com,"$40,000 ",1,Bachelors,Skilled Manual,N
26894,MS.,LINDSEY,GOEL,2/26/1973,S,F,lindsey19@adventure-works.com,"$10,000 ",0,Partial High School,Manual,Y
26895,MS.,CHRISTINE,SHAN,10/4/1973,S,F,christine5@adventure-works.com,"$10,000 ",0,Graduate Degree,Manual,N
26896,MRS.,MICHELE,MALHOTRA,6/24/1962,S,F,michele60@adventure-works.com,"$20,000 ",1,Graduate Degree,Clerical,Y
26897,MRS.,KATRINA,XIE,7/10/1962,M,F,katrina2@adventure-works.com,"$20,000 ",1,Graduate Degree,Clerical,Y
26898,MRS.,ASHLEY,SIMMONS,6/16/1961,S,F,ashley42@adventure-works.com,"$10,000 ",1,Bachelors,Manual,Y
26899,MRS.,RACHAEL,VANCE,1/7/1961,M,F,rachael4@adventure-works.com,"$10,000 ",1,Bachelors,Manual,Y
26900,MRS.,ROSA,SUN,6/5/1961,S,F,rosa13@adventure-works.com,"$10,000 ",1,Bachelors,Manual,N
26901,MR.,LOUIS,NARA,8/4/1961,M,M,louis32@adventure-works.com,"$20,000 ",1,Graduate Degree,Clerical,Y
26902,MR.,CLIFFORD,MEHTA,11/23/1962,M,M,clifford12@adventure-works.com,"$30,000 ",5,Graduate Degree,Clerical,Y
26903,MR.,RAFAEL,LUO,6/5/1962,M,M,rafael29@adventure-works.com,"$30,000 ",4,Graduate Degree,Clerical,Y
26904,MRS.,JUDITH,PARKER,10/19/1957,S,F,judith3@adventure-works.com,"$10,000 ",1,Bachelors,Clerical,N
26905,MRS.,KARI,SERRANO,9/9/1957,S,F,kari37@adventure-works.com,"$10,000 ",1,Partial College,Manual,Y
26906,MR.,DARRELL,RAI,8/11/1956,M,M,darrell6@adventure-works.com,"$10,000 ",2,Partial College,Manual,Y
26907,MRS.,DANA,TORRES,4/28/1956,M,F,dana4@adventure-works.com,"$10,000 ",2,Partial College,Manual,Y
26908,MR.,GLENN,ZHENG,1/11/1956,M,M,glenn20@adventure-works.com,"$20,000 ",1,Bachelors,Clerical,Y
26909,MRS.,CHRISTINE,NATH,5/24/1956,S,F,christine13@adventure-works.com,"$20,000 ",1,Bachelors,Clerical,Y
26910,MRS.,KRISTINA,KOVAR,5/9/1938,S,F,kristina4@adventure-works.com,"$30,000 ",1,Graduate Degree,Clerical,Y
26911,MRS.,KRISTI,GOMEZ,9/26/1938,S,F,kristi41@adventure-works.com,"$30,000 ",1,Graduate Degree,Clerical,N
26912,MRS.,DENISE,RODRIGUEZ,6/11/1939,S,F,denise20@adventure-works.com,"$10,000 ",2,Bachelors,Clerical,N
26913,MR.,HAROLD,LOPEZ,5/7/1939,M,M,harold14@adventure-works.com,"$20,000 ",1,Bachelors,Clerical,Y
26914,MRS.,CINDY,PRASAD,4/27/1940,S,F,cindy9@adventure-works.com,"$20,000 ",1,Bachelors,Clerical,Y
26915,MR.,PETER,KUMAR,11/22/1942,S,M,peter14@adventure-works.com,"$30,000 ",1,Bachelors,Clerical,N
26916,MS.,MACKENZIE,KING,8/8/1980,M,F,mackenzie40@adventure-works.com,"$10,000 ",0,Partial College,Manual,Y
26917,MR.,ROBERTO,DOMINGUEZ,4/5/1979,M,M,roberto13@adventure-works.com,"$10,000 ",0,Partial College,Manual,N
26918,MS.,KRISTA,HERNANDEZ,9/14/1976,S,F,krista4@adventure-works.com,"$10,000 ",0,High School,Manual,N
26919,MR.,RAMON,HE,6/26/1976,S,M,ramon16@adventure-works.com,"$10,000 ",0,High School,Manual,Y
26920,MR.,JON,CHEN,3/23/1979,M,M,jon21@adventure-works.com,"$20,000 ",0,Bachelors,Clerical,N
26921,MS.,CYNTHIA,WEBER,8/20/1979,M,F,cynthia8@adventure-works.com,"$20,000 ",0,Bachelors,Clerical,Y
26922,MR.,TREVOR,POWELL,5/27/1978,M,M,trevor8@adventure-works.com,"$10,000 ",1,High School,Manual,Y
26923,MS.,KRYSTAL,YE,9/7/1978,M,F,krystal9@adventure-works.com,"$20,000 ",0,Bachelors,Clerical,Y
26924,MS.,ERICA,ZENG,6/15/1977,S,F,erica21@adventure-works.com,"$20,000 ",0,Partial College,Manual,N
26926,MR.,SERGIO,MEHTA,9/26/1943,M,M,sergio14@adventure-works.com,"$20,000 ",1,Partial College,Manual,Y
26927,MRS.,JILL,DOMINGUEZ,8/8/1943,M,F,jill20@adventure-works.com,"$20,000 ",1,Partial College,Manual,N
26928,MR.,ROGER,NARA,10/20/1943,S,M,roger44@adventure-works.com,"$30,000 ",1,Bachelors,Clerical,Y
26929,MR.,MAURICE,PAL,5/13/1943,M,M,maurice13@adventure-works.com,"$40,000 ",1,Graduate Degree,Clerical,Y
26930,MRS.,SHARON,ANDERSEN,5/11/1961,M,F,sharon18@adventure-works.com,"$30,000 ",4,Graduate Degree,Clerical,Y
26931,MR.,EDWARD,LOPEZ,7/12/1961,M,M,edward4@adventure-works.com,"$30,000 ",4,Graduate Degree,Clerical,Y
26932,MRS.,KRISTINA,RAMAN,8/26/1961,S,F,kristina12@adventure-works.com,"$30,000 ",3,Graduate Degree,Clerical,Y
26933,MRS.,JESSIE,SANZ,5/14/1960,M,F,jessie39@adventure-works.com,"$20,000 ",1,Partial College,Manual,Y
26934,MRS.,KELLI,CHANDER,3/16/1960,S,F,kelli39@adventure-works.com,"$30,000 ",3,Graduate Degree,Clerical,N
26935,MR.,GABRIEL,BUTLER,3/6/1959,S,M,gabriel11@adventure-works.com,"$10,000 ",1,High School,Manual,Y
26936,MRS.,JACLYN,HE,2/21/1959,S,F,jaclyn20@adventure-works.com,"$20,000 ",2,Partial College,Manual,N
26937,MRS.,AUDREY,NAVARRO,11/21/1959,S,F,audrey11@adventure-works.com,"$20,000 ",2,Partial College,Manual,N
26938,MR.,MAURICE,SHEN,2/16/1959,M,M,maurice2@adventure-works.com,"$30,000 ",3,Graduate Degree,Clerical,Y
26939,MR.,CRAIG,DIAZ,8/25/1958,M,M,craig5@adventure-works.com,"$20,000 ",2,Partial College,Manual,N
26940,MR.,FRANKLIN,TANG,6/9/1958,S,M,franklin22@adventure-works.com,"$30,000 ",1,Graduate Degree,Clerical,Y
26941,MR.,GERALD,VAZQUEZ,5/6/1959,M,M,gerald23@adventure-works.com,"$30,000 ",0,Bachelors,Clerical,Y
26942,MRS.,TANYA,ALONSO,11/4/1958,S,F,tanya4@adventure-works.com,"$30,000 ",1,Bachelors,Clerical,Y
26943,MRS.,ASHLEE,XIE,1/27/1970,S,F,ashlee10@adventure-works.com,"$10,000 ",1,High School,Manual,N
26944,MR.,DREW,NARA,1/16/1970,S,M,drew18@adventure-works.com,"$10,000 ",2,High School,Manual,Y
26945,MS.,KATELYN,HILL,7/13/1970,S,F,katelyn36@adventure-works.com,"$20,000 ",0,Partial College,Manual,N
26946,MR.,ANDRE,MADAN,6/8/1970,S,M,andre7@adventure-works.com,"$20,000 ",0,Partial College,Manual,Y
26947,MS.,SUZANNE,MA,11/10/1970,S,F,suzanne17@adventure-works.com,"$20,000 ",0,Partial College,Manual,N
26948,MS.,ABBY,GARCIA,6/21/1970,S,F,abby12@adventure-works.com,"$20,000 ",0,Partial College,Manual,N
26949,MS.,LINDSEY,CHANDER,2/25/1970,S,F,lindsey17@adventure-works.com,"$20,000 ",0,Partial College,Manual,N
26950,MR.,DOMINIC,SURI,10/7/1969,M,M,dominic1@adventure-works.com,"$10,000 ",2,High School,Manual,Y
26951,MRS.,TRISHA,HU,11/21/1969,S,F,trisha15@adventure-works.com,"$10,000 ",2,High School,Manual,N
26952,MS.,MIRCEA,SINGER,2/3/1970,M,F,mircea0@adventure-works.com,"$30,000 ",0,Bachelors,Clerical,Y
26953,MR.,ROY,RUBIO,11/11/1970,M,M,roy41@adventure-works.com,"$30,000 ",0,Bachelors,Clerical,Y
26954,MR.,GERALD,TORRES,3/2/1970,S,M,gerald20@adventure-works.com,"$30,000 ",0,Bachelors,Clerical,Y
26955,MR.,CARLOS,COOK,3/8/1970,M,M,carlos24@adventure-works.com,"$40,000 ",0,Graduate Degree,Clerical,Y
26956,MS.,KRISTIN,PAL,10/2/1969,S,F,kristin13@adventure-works.com,"$20,000 ",0,Partial College,Manual,N
26957,MS.,KRISTINA,SAI,7/13/1969,S,F,kristina6@adventure-works.com,"$40,000 ",0,Graduate Degree,Clerical,N
26958,MR.,JERRY,XU,5/28/1969,M,M,jerry5@adventure-works.com,"$40,000 ",0,Graduate Degree,Clerical,Y
26959,MS.,ALISHA,NARA,7/26/1969,M,F,alisha41@adventure-works.com,"$60,000 ",0,Graduate Degree,Skilled Manual,Y
26960,MR.,JOSE,THOMAS,11/16/1952,S,M,jose72@adventure-works.com,"$10,000 ",3,Partial College,Manual,N
26961,MRS.,CARLY,CHANDER,9/21/1968,M,F,carly14@adventure-works.com,"$10,000 ",3,High School,Manual,Y
26962,MR.,FRANCIS,MORENO,9/26/1968,M,M,francis4@adventure-works.com,"$20,000 ",1,Partial College,Manual,N
26963,MRS.,MEREDITH,ARUN,3/5/1968,S,F,meredith5@adventure-works.com,"$20,000 ",1,Partial College,Manual,Y
26964,MRS.,KELLI,TANG,10/9/1968,S,F,kelli27@adventure-works.com,"$20,000 ",1,Partial College,Manual,N
26965,MRS.,JORDAN,NELSON,4/21/1968,M,F,jordan38@adventure-works.com,"$30,000 ",1,Bachelors,Clerical,Y
26966,MR.,CEDRIC,ZHANG,2/9/1968,S,M,cedric0@adventure-works.com,"$30,000 ",1,Bachelors,Clerical,Y
26967,MR.,EDWIN,LI,4/14/1968,S,M,edwin3@adventure-works.com,"$70,000 ",0,Bachelors,Professional,Y
26968,MR.,HENRY,SANCHEZ,8/15/1968,M,M,henry21@adventure-works.com,"$80,000 ",5,Bachelors,Professional,Y
26969,MR.,CEDRIC,HU,4/16/1973,S,M,cedric20@adventure-works.com,"$10,000 ",0,Partial High School,Manual,N
26970,MS.,KARA,RAI,11/3/1973,S,F,kara15@adventure-works.com,"$10,000 ",0,Partial High School,Manual,N
26971,MR.,DOUGLAS,MADAN,5/15/1973,S,M,douglas11@adventure-works.com,"$20,000 ",0,Partial High School,Manual,Y
26972,MR.,KRISTOPHER,SARA,5/26/1973,S,M,kristopher9@adventure-works.com,"$20,000 ",0,Partial High School,Manual,N
26973,MR.,ALBERTO,ROWE,5/27/1973,M,M,alberto20@adventure-works.com,"$20,000 ",0,Partial High School,Manual,Y
26974,MR.,PHILIP,SUAREZ,11/13/1980,S,M,philip18@adventure-works.com,"$20,000 ",0,Partial High School,Manual,N
26975,MS.,JANET,WARD,4/7/1979,S,F,janet29@adventure-works.com,"$30,000 ",0,Partial College,Clerical,N
26976,MR.,ERIK,SERRANO,8/14/1978,S,M,erik17@adventure-works.com,"$30,000 ",0,High School,Manual,N
26977,MR.,BARRY,MADAN,8/22/1978,S,M,barry8@adventure-works.com,"$30,000 ",0,High School,Manual,N
26978,MRS.,CASSIE,SHARMA,8/4/1974,M,F,cassie8@adventure-works.com,"$40,000 ",1,Bachelors,Skilled Manual,Y
26979,MRS.,CHRISTY,JAI,6/24/1974,M,F,christy28@adventure-works.com,"$40,000 ",1,Bachelors,Skilled Manual,N
26980,MR.,MARC,SUAREZ,7/8/1972,M,M,marc23@adventure-works.com,"$10,000 ",0,Partial High School,Manual,Y
26981,MS.,AUDREY,SUAREZ,8/21/1972,S,F,audrey21@adventure-works.com,"$10,000 ",0,Partial High School,Manual,Y
26982,MR.,JOSE,MUÑOZ,4/5/1972,S,M,jose35@adventure-works.com,"$20,000 ",0,Partial High School,Manual,N
26983,MRS.,ADRIANA,VANCE,3/22/1973,M,F,adriana4@adventure-works.com,"$40,000 ",1,Bachelors,Skilled Manual,Y
26984,MR.,MANUEL,PRASAD,11/9/1973,M,M,manuel8@adventure-works.com,"$40,000 ",1,Bachelors,Skilled Manual,Y
26985,MR.,JÉSUS,DIAZ,9/11/1973,M,M,jésus3@adventure-works.com,"$40,000 ",1,Bachelors,Skilled Manual,N
26986,MRS.,RILEY,WATSON,6/16/1973,M,F,riley20@adventure-works.com,"$40,000 ",1,Bachelors,Skilled Manual,Y
26987,MR.,ROY,LOPEZ,9/20/1973,M,M,roy17@adventure-works.com,"$40,000 ",1,Bachelors,Skilled Manual,Y
26988,MRS.,BRANDY,SRINI,8/22/1973,M,F,brandy4@adventure-works.com,"$40,000 ",1,Bachelors,Skilled Manual,Y
26989,MR.,MASON,CAMPBELL,5/23/1972,M,M,mason27@adventure-works.com,"$20,000 ",0,Partial High School,Manual,N
26990,MR.,DARREN,PATEL,1/20/1972,M,M,darren5@adventure-works.com,"$20,000 ",0,Partial High School,Manual,Y
26991,MR.,RODNEY,ORTEGA,5/9/1972,M,M,rodney16@adventure-works.com,"$30,000 ",0,High School,Manual,N
26992,MR.,BRAD,ANDERSEN,1/22/1972,S,M,brad13@adventure-works.com,"$30,000 ",0,High School,Manual,N
26993,MR.,JULIO,GILL,9/6/1971,S,M,julio14@adventure-works.com,"$10,000 ",0,Partial High School,Manual,Y
26994,MRS.,ERIKA,TORRES,3/25/1972,M,F,erika9@adventure-works.com,"$40,000 ",1,Bachelors,Skilled Manual,Y
26995,MR.,CALEB,WASHINGTON,1/12/1972,M,M,caleb10@adventure-works.com,"$40,000 ",1,Bachelors,Skilled Manual,Y
26996,MRS.,NATASHA,OLIVER,8/7/1972,S,F,natasha22@adventure-works.com,"$40,000 ",2,Partial College,Clerical,N
26997,MRS.,KATIE,BECKER,7/23/1972,M,F,katie23@adventure-works.com,"$40,000 ",2,Partial College,Clerical,Y
26998,MR.,FERNANDO,PERRY,9/18/1971,M,M,fernando51@adventure-works.com,"$10,000 ",0,Partial High School,Manual,N
26999,MR.,SAMUEL,BROWN,10/17/1971,S,M,samuel62@adventure-works.com,"$10,000 ",0,Partial High School,Manual,N
27000,MS.,BRANDI,DOMINGUEZ,6/21/1971,S,F,brandi12@adventure-works.com,"$10,000 ",0,Partial High School,Manual,N
27001,MS.,CARLA,KAPOOR,4/8/1971,M,F,carla4@adventure-works.com,"$10,000 ",0,Partial High School,Manual,N
27002,MR.,KELVIN,SHE,7/11/1971,M,M,kelvin42@adventure-works.com,"$20,000 ",0,Partial High School,Manual,Y
27003,MR.,ROGER,JAI,2/25/1971,M,M,roger38@adventure-works.com,"$20,000 ",0,Partial High School,Manual,Y
27004,MR.,PHILIP,MORENO,5/20/1971,S,M,philip6@adventure-works.com,"$30,000 ",0,High School,Manual,N
27005,MS.,SUSAN,LIN,2/17/1971,S,F,susan17@adventure-works.com,"$30,000 ",0,High School,Manual,N
27006,MR.,SHANE,MADAN,3/7/1971,S,M,shane11@adventure-works.com,"$30,000 ",0,High School,Manual,Y
27007,MR.,JOE,GONZALEZ,4/18/1971,S,M,joe21@adventure-works.com,"$40,000 ",2,Partial College,Clerical,N
27008,MR.,OSCAR,BLUE,10/4/1971,S,M,oscar11@adventure-works.com,"$40,000 ",2,Partial College,Clerical,N
27009,MRS.,ERICA,LU,8/26/1971,S,F,erica11@adventure-works.com,"$40,000 ",2,Partial College,Clerical,N
27010,MRS.,JORDYN,PATTERSON,11/14/1975,M,F,jordyn10@adventure-works.com,"$40,000 ",3,Partial College,Clerical,Y
27011,MR.,KEVIN,POWELL,12/19/1975,M,M,kevin11@adventure-works.com,"$40,000 ",3,Partial College,Clerical,Y
27012,MRS.,ANNE,JIMÉNEZ,11/23/1974,S,F,anne6@adventure-works.com,"$40,000 ",3,Partial College,Clerical,N
27013,MRS.,ALISHA,YUAN,9/27/1974,M,F,alisha31@adventure-works.com,"$40,000 ",3,Partial College,Clerical,Y
27014,MR.,LUKE,HUGHES,8/23/1966,M,M,luke30@adventure-works.com,"$80,000 ",0,Graduate Degree,Skilled Manual,Y
27015,MS.,JESSICA,TORRES,11/17/1966,S,F,jessica16@adventure-works.com,"$80,000 ",0,Graduate Degree,Skilled Manual,N
27016,MS.,LAUREN,REED,4/20/1966,S,F,lauren2@adventure-works.com,"$80,000 ",0,Graduate Degree,Skilled Manual,N
27017,MR.,JONATHAN,THOMPSON,10/17/1966,S,M,jonathan69@adventure-works.com,"$80,000 ",0,Graduate Degree,Skilled Manual,Y
27018,MR.,BLAKE,PRICE,7/26/1966,S,M,blake48@adventure-works.com,"$80,000 ",0,Graduate Degree,Skilled Manual,N
27019,MRS.,VICTORIA,JACKSON,3/28/1954,S,F,victoria13@adventure-works.com,"$20,000 ",2,Partial High School,Manual,N
27020,MRS.,RACHEL,PERRY,3/17/1954,M,F,rachel55@adventure-works.com,"$40,000 ",1,Partial College,Clerical,Y
27021,MRS.,VICTORIA,PETERSON,10/21/1954,M,F,victoria41@adventure-works.com,"$40,000 ",1,Partial College,Clerical,Y
27022,MR.,ANTHONY,JOHNSON,3/12/1955,S,M,anthony10@adventure-works.com,"$20,000 ",3,Partial High School,Clerical,N
27023,MRS.,EMILY,SIMMONS,4/10/1955,S,F,emily40@adventure-works.com,"$20,000 ",3,Partial High School,Clerical,Y
27024,MR.,AUSTIN,PATTERSON,5/14/1955,S,M,austin6@adventure-works.com,"$20,000 ",3,Partial High School,Clerical,N
27025,MRS.,JASMINE,RIVERA,3/24/1955,S,F,jasmine28@adventure-works.com,"$20,000 ",3,Partial High School,Clerical,Y
27026,MR.,JONATHAN,PERRY,7/11/1955,S,M,jonathan7@adventure-works.com,"$30,000 ",1,High School,Clerical,N
27027,MRS.,JENNIFER,WHITE,7/14/1955,S,F,jennifer41@adventure-works.com,"$30,000 ",1,High School,Clerical,N
27028,MRS.,SARAH,ROBINSON,10/24/1955,S,F,sarah20@adventure-works.com,"$30,000 ",1,High School,Clerical,Y
27029,MRS.,ELIZABETH,HUGHES,9/18/1955,S,F,elizabeth41@adventure-works.com,"$30,000 ",1,High School,Clerical,N
27030,,JAN,GRAY,5/20/1955,S,NA,jan5@adventure-works.com,"$30,000 ",1,High School,Clerical,N
27031,MRS.,JESSICA,GARCIA,11/10/1955,S,F,jessica64@adventure-works.com,"$30,000 ",1,High School,Clerical,N
27032,MR.,MIGUEL,GARCIA,9/10/1955,S,M,miguel16@adventure-works.com,"$30,000 ",1,High School,Clerical,Y
27033,MR.,ERNEST,HARRISON,9/16/1956,S,M,ernest18@adventure-works.com,"$20,000 ",3,Partial High School,Clerical,N
27034,MR.,COREY,NARA,8/23/1956,S,M,corey15@adventure-works.com,"$20,000 ",3,Partial High School,Clerical,Y
27035,MRS.,ANA,LONG,4/15/1956,S,F,ana9@adventure-works.com,"$20,000 ",3,Partial High School,Clerical,Y
27036,MR.,HUNTER,BROWN,1/18/1956,S,M,hunter63@adventure-works.com,"$30,000 ",2,High School,Skilled Manual,N
27037,MRS.,LAUREN,RODRIGUEZ,8/14/1956,M,F,lauren38@adventure-works.com,"$30,000 ",2,High School,Skilled Manual,Y
27038,MR.,EDUARDO,REED,12/14/1956,M,M,eduardo87@adventure-works.com,"$30,000 ",2,High School,Skilled Manual,Y
27039,MR.,JONATHAN,LEWIS,4/27/1956,S,M,jonathan75@adventure-works.com,"$30,000 ",2,High School,Skilled Manual,N
27040,MR.,PAUL,SINGH,6/6/1957,M,M,paul5@adventure-works.com,"$20,000 ",2,Partial High School,Clerical,Y
27041,MR.,EDWARD,SMITH,11/18/1957,S,M,edward22@adventure-works.com,"$20,000 ",2,Partial High School,Clerical,N
27042,MR.,NOAH,ROBERTS,7/13/1957,M,M,noah31@adventure-works.com,"$30,000 ",2,High School,Skilled Manual,Y
27043,MR.,DALTON,MURPHY,6/9/1958,S,M,dalton86@adventure-works.com,"$30,000 ",2,High School,Skilled Manual,Y
27044,MRS.,CAROL,LONG,4/24/1958,S,F,carol6@adventure-works.com,"$30,000 ",2,High School,Skilled Manual,Y
27045,MR.,ANGEL,BROOKS,9/5/1958,S,M,angel0@adventure-works.com,"$30,000 ",2,High School,Skilled Manual,N
27046,MRS.,ALLISON,HOWARD,6/16/1958,M,F,allison10@adventure-works.com,"$40,000 ",1,Partial College,Clerical,Y
27047,MRS.,YOLANDA,RAI,10/13/1958,M,F,yolanda16@adventure-works.com,"$40,000 ",1,Partial College,Clerical,Y
27048,MRS.,MELANIE,WATSON,10/6/1958,M,F,melanie11@adventure-works.com,"$40,000 ",1,Partial College,Clerical,N
27050,MRS.,CHLOE,TURNER,2/5/1958,S,F,chloe2@adventure-works.com,"$40,000 ",2,Partial College,Clerical,Y
27051,MR.,CHARLES,BROWN,5/11/1959,S,M,charles7@adventure-works.com,"$40,000 ",2,Partial College,Clerical,N
27052,MRS.,JADA,BAILEY,8/25/1959,S,F,jada7@adventure-works.com,"$40,000 ",2,Partial College,Clerical,N
27053,MR.,STEVEN,COOK,3/24/1959,S,M,steven31@adventure-works.com,"$40,000 ",2,Partial College,Clerical,Y
27054,MR.,SHAWN,SHARMA,12/6/1959,M,M,shawn11@adventure-works.com,"$40,000 ",2,Partial College,Clerical,N
27055,MRS.,ISABELLA,SANCHEZ,3/23/1959,S,F,isabella82@adventure-works.com,"$40,000 ",2,Partial College,Clerical,N
27056,MRS.,MACKENZIE,JAMES,8/15/1959,S,F,mackenzie6@adventure-works.com,"$40,000 ",2,Partial College,Clerical,Y
27057,MS.,BROOKE,MORRIS,8/16/1972,S,F,brooke16@adventure-works.com,"$50,000 ",0,Graduate Degree,Skilled Manual,N
27058,MR.,NATHAN,BUTLER,2/21/1972,S,M,nathan10@adventure-works.com,"$50,000 ",0,Graduate Degree,Skilled Manual,Y
27059,MR.,HUNTER,PERRY,10/4/1972,M,M,hunter4@adventure-works.com,"$50,000 ",0,Graduate Degree,Skilled Manual,N
27060,MR.,LUCAS,COLEMAN,3/28/1973,M,M,lucas55@adventure-works.com,"$40,000 ",0,Graduate Degree,Skilled Manual,Y
27061,MS.,GABRIELLE,SCOTT,9/2/1973,S,F,gabrielle56@adventure-works.com,"$40,000 ",0,Graduate Degree,Skilled Manual,N
27062,MR.,EDWARD,HARRIS,4/3/1973,S,M,edward36@adventure-works.com,"$40,000 ",0,Graduate Degree,Skilled Manual,Y
27063,MS.,TAYLOR,FLORES,4/20/1973,M,F,taylor37@adventure-works.com,"$40,000 ",0,Graduate Degree,Skilled Manual,Y
27064,MS.,BARBARA,CHANDE,6/20/1973,M,F,barbara44@adventure-works.com,"$40,000 ",0,Graduate Degree,Skilled Manual,Y
27065,MR.,JORDAN,WRIGHT,2/10/1973,M,M,jordan74@adventure-works.com,"$40,000 ",1,Graduate Degree,Skilled Manual,Y
27066,MR.,COLE,MURPHY,12/26/1973,S,M,cole15@adventure-works.com,"$40,000 ",1,Graduate Degree,Skilled Manual,Y
27067,MRS.,JENNIFER,RODRIGUEZ,4/11/1973,S,F,jennifer47@adventure-works.com,"$60,000 ",1,Graduate Degree,Skilled Manual,N
27068,MRS.,JADE,KELLY,2/6/1973,S,F,jade1@adventure-works.com,"$60,000 ",1,Graduate Degree,Skilled Manual,Y
27069,MRS.,GABRIELLA,PEREZ,4/16/1973,M,F,gabriella35@adventure-works.com,"$60,000 ",1,Graduate Degree,Skilled Manual,N
27070,MR.,NATHAN,DAVIS,1/9/1972,M,M,nathan63@adventure-works.com,"$50,000 ",1,Graduate Degree,Skilled Manual,Y
27071,MR.,ANTHONY,CLARK,1/9/1971,S,M,anthony5@adventure-works.com,"$40,000 ",4,High School,Skilled Manual,Y
27072,MR.,ALEX,BAKER,7/4/1971,M,M,alex36@adventure-works.com,"$70,000 ",1,Graduate Degree,Skilled Manual,Y
27073,MRS.,SYDNEY,SANDERS,11/17/1971,M,F,sydney22@adventure-works.com,"$70,000 ",1,Graduate Degree,Skilled Manual,Y
27074,MRS.,KRISTI,SANCHEZ,3/22/1971,M,F,kristi38@adventure-works.com,"$70,000 ",1,Graduate Degree,Skilled Manual,Y
27075,MR.,JACKSON,CHEN,10/14/1971,M,M,jackson27@adventure-works.com,"$70,000 ",1,Graduate Degree,Skilled Manual,N
27076,MR.,DAKOTA,RUSSELL,9/22/1971,M,M,dakota16@adventure-works.com,"$60,000 ",1,Graduate Degree,Skilled Manual,Y
27077,MR.,ROBERT,HENDERSON,9/3/1972,S,M,robert18@adventure-works.com,"$60,000 ",1,Graduate Degree,Skilled Manual,N
27078,MRS.,CHLOE,SCOTT,10/18/1970,M,F,chloe11@adventure-works.com,"$40,000 ",1,Bachelors,Skilled Manual,Y
27079,MRS.,NATALIE,LEWIS,9/17/1970,M,F,natalie88@adventure-works.com,"$40,000 ",1,Bachelors,Skilled Manual,Y
27080,MR.,NATHAN,CAMPBELL,6/3/1970,M,M,nathan36@adventure-works.com,"$40,000 ",1,Bachelors,Skilled Manual,Y
27081,MR.,JASON,ROSS,2/24/1970,M,M,jason2@adventure-works.com,"$40,000 ",1,Bachelors,Skilled Manual,Y
27082,MR.,ZACHARY,TAYLOR,3/8/1970,M,M,zachary38@adventure-works.com,"$40,000 ",1,Bachelors,Skilled Manual,Y
27083,MR.,KEVIN,PERRY,2/2/1970,M,M,kevin10@adventure-works.com,"$40,000 ",1,Bachelors,Skilled Manual,Y
27084,MR.,FERNANDO,RUSSELL,3/3/1970,M,M,fernando61@adventure-works.com,"$40,000 ",1,Bachelors,Skilled Manual,N
27085,MR.,CHRISTIAN,WILSON,10/2/1970,M,M,christian37@adventure-works.com,"$40,000 ",1,Bachelors,Skilled Manual,Y
27086,MRS.,LAUREN,HOWARD,1/4/1970,M,F,lauren12@adventure-works.com,"$40,000 ",1,Bachelors,Skilled Manual,Y
27087,MR.,JUSTIN,CLARK,4/15/1970,M,M,justin47@adventure-works.com,"$40,000 ",1,Bachelors,Skilled Manual,Y
27088,MR.,TRISTAN,PATTERSON,5/22/1970,S,M,tristan11@adventure-works.com,"$60,000 ",1,Graduate Degree,Professional,Y
27089,MRS.,JANELLE,GARCIA,8/18/1969,S,F,janelle11@adventure-works.com,"$60,000 ",2,Bachelors,Skilled Manual,N
27090,MRS.,ELIZABETH,BROWN,6/16/1969,M,F,elizabeth8@adventure-works.com,"$60,000 ",1,Graduate Degree,Professional,Y
27091,MR.,MIGUEL,MARTIN,10/20/1971,M,M,miguel14@adventure-works.com,"$60,000 ",1,Graduate Degree,Professional,N
27092,MRS.,MARISSA,ROSS,3/11/1971,S,F,marissa2@adventure-works.com,"$70,000 ",2,Graduate Degree,Professional,N
27093,MRS.,ALEXANDRA,MARTIN,11/15/1971,S,F,alexandra78@adventure-works.com,"$70,000 ",3,Graduate Degree,Professional,Y
27094,MR.,SEAN,KELLY,4/13/1969,S,M,sean9@adventure-works.com,"$60,000 ",1,Graduate Degree,Professional,Y
27095,MR.,SPENCER,FLORES,4/11/1969,M,M,spencer14@adventure-works.com,"$60,000 ",1,Graduate Degree,Professional,Y
27096,MR.,CHASE,WATSON,11/19/1968,M,M,chase1@adventure-works.com,"$70,000 ",2,Bachelors,Skilled Manual,Y
27097,MRS.,KAITLYN,GONZALES,3/22/1968,M,F,kaitlyn84@adventure-works.com,"$70,000 ",2,Bachelors,Skilled Manual,Y
27098,MRS.,SARAH,WILSON,6/16/1968,M,F,sarah9@adventure-works.com,"$70,000 ",2,Bachelors,Skilled Manual,Y
27099,MR.,ZACHARY,WILLIAMS,10/3/1970,M,M,zachary32@adventure-works.com,"$60,000 ",1,Graduate Degree,Professional,Y
27100,MR.,HUNTER,WALKER,2/27/1970,M,M,hunter56@adventure-works.com,"$60,000 ",1,Graduate Degree,Professional,N
27101,MR.,EDUARDO,BELL,3/5/1970,S,M,eduardo81@adventure-works.com,"$60,000 ",1,Graduate Degree,Professional,Y
27102,MRS.,KATHERINE,MILLER,7/12/1970,S,F,katherine76@adventure-works.com,"$60,000 ",1,Graduate Degree,Professional,N
27103,MRS.,CHLOE,BROOKS,3/2/1970,S,F,chloe63@adventure-works.com,"$70,000 ",3,Graduate Degree,Professional,Y
27104,MR.,RANDY,ZHU,10/3/1970,M,M,randy16@adventure-works.com,"$70,000 ",4,Graduate Degree,Professional,Y
27105,MR.,SEAN,PEREZ,6/13/1970,S,M,sean35@adventure-works.com,"$70,000 ",4,Graduate Degree,Professional,Y
27106,MRS.,JENNIFER,ALLEN,1/25/1970,S,F,jennifer26@adventure-works.com,"$70,000 ",4,Graduate Degree,Professional,N
27107,MRS.,ALEXA,STEWART,8/22/1970,M,F,alexa21@adventure-works.com,"$70,000 ",4,Graduate Degree,Professional,N
27108,MRS.,RACHEL,THOMPSON,11/17/1967,S,F,rachel18@adventure-works.com,"$50,000 ",2,Bachelors,Skilled Manual,N
27109,MRS.,MANDY,CAI,11/13/1966,M,F,mandy22@adventure-works.com,"$80,000 ",3,Bachelors,Skilled Manual,Y
27110,MR.,ANDREW,MILLER,5/9/1966,M,M,andrew15@adventure-works.com,"$80,000 ",3,Bachelors,Skilled Manual,Y
27111,MR.,GABRIEL,FLORES,8/15/1966,M,M,gabriel9@adventure-works.com,"$60,000 ",0,Graduate Degree,Professional,Y
27112,MR.,CALEB,FOSTER,4/7/1966,S,M,caleb13@adventure-works.com,"$60,000 ",0,Graduate Degree,Professional,N
27113,MS.,ASHLEY,DIAZ,3/1/1966,M,F,ashley49@adventure-works.com,"$60,000 ",0,Graduate Degree,Professional,Y
27114,MR.,ALEXANDER,THOMPSON,11/11/1966,M,M,alexander19@adventure-works.com,"$70,000 ",4,Graduate Degree,Professional,Y
27115,MRS.,KRISTI,NAVARRO,5/18/1966,M,F,kristi5@adventure-works.com,"$70,000 ",5,Graduate Degree,Professional,Y
27116,MRS.,REGINA,GONZALEZ,1/25/1966,S,F,regina17@adventure-works.com,"$70,000 ",5,Graduate Degree,Professional,Y
27117,MR.,JERMAINE,PRASAD,6/13/1966,M,M,jermaine7@adventure-works.com,"$70,000 ",5,Graduate Degree,Professional,Y
27118,MS.,TINA,KAPOOR,7/6/1970,M,F,tina3@adventure-works.com,"$30,000 ",0,Bachelors,Clerical,Y
27119,MS.,MAYRA,GONZALEZ,9/27/1970,M,F,mayra18@adventure-works.com,"$30,000 ",0,Bachelors,Clerical,Y
27120,MR.,CLARENCE,KUMAR,2/27/1970,M,M,clarence22@adventure-works.com,"$30,000 ",0,Bachelors,Clerical,Y
27121,MS.,TERESA,RUBIO,2/5/1969,S,F,teresa20@adventure-works.com,"$20,000 ",0,Partial College,Manual,N
27122,MR.,ERNEST,LIANG,7/4/1969,S,M,ernest16@adventure-works.com,"$20,000 ",0,Partial College,Manual,N
27123,MS.,JACLYN,XIE,11/11/1969,S,F,jaclyn26@adventure-works.com,"$30,000 ",0,Bachelors,Clerical,Y
27124,MR.,RAYMOND,KOVAR,4/5/1969,M,M,raymond5@adventure-works.com,"$30,000 ",0,Bachelors,Clerical,N
27125,MR.,ALBERT,DOMINGUEZ,5/21/1969,M,M,albert13@adventure-works.com,"$30,000 ",0,Bachelors,Clerical,Y
27126,MR.,DEREK,SHARMA,10/11/1969,S,M,derek8@adventure-works.com,"$40,000 ",0,Graduate Degree,Clerical,N
27127,MS.,MISTY,BLACK,3/2/1969,S,F,misty22@adventure-works.com,"$40,000 ",0,Graduate Degree,Clerical,Y
27128,MS.,HEATHER,CAI,8/9/1969,S,F,heather20@adventure-works.com,"$40,000 ",0,Graduate Degree,Clerical,N
27129,MS.,MINDY,TANG,10/26/1969,S,F,mindy8@adventure-works.com,"$60,000 ",0,Graduate Degree,Skilled Manual,N
27130,MR.,ERIC,PARKER,7/2/1969,S,M,eric41@adventure-works.com,"$60,000 ",0,Graduate Degree,Skilled Manual,Y
27131,MR.,EDGAR,MADAN,8/16/1969,S,M,edgar8@adventure-works.com,"$60,000 ",0,Graduate Degree,Skilled Manual,N
27132,MR.,EDUARDO,GONZALEZ,10/11/1952,S,M,eduardo32@adventure-works.com,"$10,000 ",3,Partial College,Manual,N
27133,MR.,PHILLIP,ARUN,7/18/1952,M,M,phillip7@adventure-works.com,"$20,000 ",2,Partial College,Manual,N
27134,MR.,GLENN,CHEN,4/2/1952,S,M,glenn3@adventure-works.com,"$20,000 ",2,Partial College,Manual,N
27136,MRS.,ISABELLA,COLEMAN,11/22/1968,M,F,isabella17@adventure-works.com,"$10,000 ",2,High School,Manual,Y
27137,MRS.,CINDY,LOPEZ,3/17/1968,S,F,cindy16@adventure-works.com,"$10,000 ",3,High School,Manual,N
27138,MRS.,VERONICA,SARA,1/11/1968,M,F,veronica11@adventure-works.com,"$20,000 ",1,Partial College,Manual,Y
27139,MR.,JON,LIU,1/24/1968,S,M,jon23@adventure-works.com,"$20,000 ",1,Partial College,Manual,N
27140,MR.,ROGER,HOLT,7/25/1968,S,M,roger24@adventure-works.com,"$20,000 ",1,Partial College,Manual,Y
27141,MRS.,TONYA,ANAND,12/5/1968,M,F,tonya22@adventure-works.com,"$30,000 ",1,Bachelors,Clerical,Y
27142,MRS.,LINDSAY,ANDERSEN,1/4/1968,S,F,lindsay13@adventure-works.com,"$30,000 ",1,Bachelors,Clerical,Y
27143,MR.,ALVIN,DENG,8/1/1968,S,M,alvin23@adventure-works.com,"$40,000 ",0,Graduate Degree,Clerical,Y
27144,MR.,FRANKLIN,SHEN,10/25/1965,S,M,franklin20@adventure-works.com,"$60,000 ",3,Bachelors,Professional,Y
27145,MRS.,PAMELA,CHAPMAN,11/25/1965,S,F,pamela5@adventure-works.com,"$60,000 ",3,Bachelors,Professional,Y
27146,MR.,DANNY,HERNANDEZ,8/21/1965,S,M,danny4@adventure-works.com,"$60,000 ",3,Bachelors,Professional,Y
27147,MR.,MELVIN,NARA,11/3/1965,S,M,melvin15@adventure-works.com,"$70,000 ",5,Bachelors,Professional,Y
27148,MR.,EDWIN,ZHU,12/21/1965,S,M,edwin15@adventure-works.com,"$70,000 ",0,Bachelors,Professional,N
27149,MR.,JEFFERY,SHE,4/12/1964,M,M,jeffery23@adventure-works.com,"$60,000 ",3,Bachelors,Professional,Y
27150,MRS.,LACEY,ANAND,5/26/1964,M,F,lacey11@adventure-works.com,"$60,000 ",3,Bachelors,Professional,Y
27151,MS.,CARRIE,MORENO,1/20/1973,S,F,carrie6@adventure-works.com,"$20,000 ",0,Partial High School,Manual,Y
27152,MS.,DAWN,WANG,10/18/1973,S,F,dawn2@adventure-works.com,"$20,000 ",0,Partial High School,Manual,Y
27153,MS.,GINA,RUIZ,8/11/1974,S,F,gina2@adventure-works.com,"$30,000 ",0,Partial College,Clerical,N
27154,MS.,HOLLY,ARUN,12/20/1974,S,F,holly8@adventure-works.com,"$30,000 ",0,Partial College,Clerical,N
27155,MR.,ERIC,HALL,1/24/1980,M,M,eric61@adventure-works.com,"$20,000 ",0,Partial High School,Manual,Y
27156,MS.,MAKAYLA,MORGAN,8/23/1980,M,F,makayla17@adventure-works.com,"$20,000 ",0,Partial High School,Manual,N
27157,MR.,RAUL,XU,5/26/1980,M,M,raul5@adventure-works.com,"$20,000 ",0,Partial High School,Manual,Y
27158,MR.,LUCAS,JONES,3/19/1980,M,M,lucas16@adventure-works.com,"$20,000 ",0,Partial High School,Manual,Y
27159,MS.,VERONICA,RODRIGUEZ,3/21/1980,S,F,veronica21@adventure-works.com,"$20,000 ",0,Partial High School,Manual,N
27160,MS.,BRANDI,VAZQUEZ,1/18/1978,M,F,brandi14@adventure-works.com,"$30,000 ",0,High School,Manual,N
27161,MR.,REGINALD,GILL,8/7/1978,S,M,reginald21@adventure-works.com,"$30,000 ",0,High School,Manual,N
27162,MR.,PHILLIP,MADAN,9/26/1974,M,M,phillip8@adventure-works.com,"$40,000 ",1,Bachelors,Skilled Manual,Y
27163,MR.,WAYNE,LUO,5/19/1972,S,M,wayne7@adventure-works.com,"$10,000 ",0,Partial High School,Manual,Y
27164,MR.,MICHEAL,CARLSON,5/23/1972,S,M,micheal14@adventure-works.com,"$20,000 ",0,Partial High School,Manual,Y
27165,MR.,BRUCE,PATEL,3/15/1972,S,M,bruce3@adventure-works.com,"$20,000 ",0,Partial High School,Manual,N
27166,MS.,TRISHA,YE,7/10/1973,S,F,trisha4@adventure-works.com,"$30,000 ",0,High School,Manual,N
27167,MRS.,TANYA,VAZQUEZ,3/27/1973,M,F,tanya11@adventure-works.com,"$40,000 ",1,Bachelors,Skilled Manual,Y
27168,MR.,DONALD,MADAN,4/9/1972,M,M,donald9@adventure-works.com,"$20,000 ",0,Partial High School,Manual,Y
27169,MR.,LOUIS,XU,1/9/1972,S,M,louis22@adventure-works.com,"$30,000 ",0,High School,Manual,Y
27170,MR.,DOUGLAS,SARA,10/14/1972,M,M,douglas14@adventure-works.com,"$30,000 ",0,High School,Manual,N
27171,MS.,KRISTI,GILL,10/17/1972,S,F,kristi9@adventure-works.com,"$30,000 ",0,High School,Manual,N
27172,MS.,JESSIE,NAVARRO,8/9/1971,S,F,jessie24@adventure-works.com,"$10,000 ",0,Partial High School,Manual,Y
27173,MS.,SUZANNE,YE,12/25/1971,M,F,suzanne11@adventure-works.com,"$10,000 ",0,Partial High School,Manual,N
27174,MR.,FERNANDO,BENNETT,2/6/1972,S,M,fernando45@adventure-works.com,"$40,000 ",2,Partial College,Clerical,N
27175,MR.,MARSHALL,RAJI,6/10/1972,S,M,marshall41@adventure-works.com,"$40,000 ",2,Partial College,Clerical,Y
27176,MR.,ERIK,MARTIN,3/21/1971,M,M,erik1@adventure-works.com,"$20,000 ",0,Partial High School,Manual,N
27177,MR.,HENRY,ARUN,4/21/1971,M,M,henry7@adventure-works.com,"$20,000 ",0,Partial High School,Manual,Y
27178,MR.,TERRANCE,MEHTA,9/9/1971,S,M,terrance11@adventure-works.com,"$20,000 ",0,Partial High School,Manual,Y
27179,MR.,JAMIE,RUBIO,3/23/1971,S,M,jamie43@adventure-works.com,"$30,000 ",0,High School,Manual,N
27180,MR.,JOE,DIAZ,2/3/1971,S,M,joe26@adventure-works.com,"$30,000 ",0,High School,Manual,N
27181,MR.,RAFAEL,DENG,5/19/1970,S,M,rafael24@adventure-works.com,"$40,000 ",2,Partial College,Clerical,Y
27182,MR.,JARROD,SRINI,8/25/1970,M,M,jarrod8@adventure-works.com,"$40,000 ",2,Partial College,Clerical,Y
27183,MR.,GEOFFREY,GARCIA,5/9/1971,S,M,geoffrey12@adventure-works.com,"$40,000 ",2,Partial College,Clerical,Y
27184,MR.,DONALD,SUBRAM,11/13/1971,S,M,donald14@adventure-works.com,"$40,000 ",2,Partial College,Clerical,N
27185,MRS.,HALEY,NELSON,10/19/1971,S,F,haley49@adventure-works.com,"$40,000 ",2,Partial College,Clerical,N
27186,MRS.,LINDSAY,SHAN,1/4/1971,S,F,lindsay10@adventure-works.com,"$40,000 ",2,Partial College,Clerical,N
27187,MR.,LUCAS,DIAZ,10/10/1970,M,M,lucas69@adventure-works.com,"$40,000 ",2,Partial College,Clerical,Y
27188,MRS.,CLAUDIA,SHE,7/6/1970,S,F,claudia20@adventure-works.com,"$40,000 ",2,Partial College,Clerical,Y
27189,MRS.,ELIZABETH,DIAZ,11/20/1975,M,F,elizabeth50@adventure-works.com,"$40,000 ",3,Partial College,Clerical,Y
27190,MRS.,SHELBY,REED,4/26/1974,M,F,shelby20@adventure-works.com,"$40,000 ",3,Partial College,Clerical,Y
27191,MR.,DAVID,BROWN,9/13/1974,S,M,david77@adventure-works.com,"$40,000 ",3,Partial College,Clerical,N
27192,MRS.,ANGELICA,GONZALES,10/16/1974,S,F,angelica16@adventure-works.com,"$40,000 ",3,Partial College,Clerical,N
27193,MR.,DANIEL,MILLER,5/18/1974,S,M,daniel24@adventure-works.com,"$50,000 ",0,Graduate Degree,Skilled Manual,Y
27194,MR.,CHASE,COOPER,5/14/1931,M,M,chase8@adventure-works.com,"$40,000 ",1,Graduate Degree,Skilled Manual,Y
27195,MR.,ROBERT,PEREZ,12/10/1931,M,M,robert46@adventure-works.com,"$80,000 ",5,Graduate Degree,Skilled Manual,Y
27196,MS.,LAUREN,ROBINSON,2/19/1966,S,F,lauren36@adventure-works.com,"$80,000 ",0,Graduate Degree,Skilled Manual,N
27197,MR.,ISAIAH,BELL,11/24/1966,M,M,isaiah13@adventure-works.com,"$80,000 ",0,Graduate Degree,Skilled Manual,N
27198,MS.,JOCELYN,FLORES,4/6/1966,S,F,jocelyn13@adventure-works.com,"$80,000 ",0,Graduate Degree,Skilled Manual,N
27199,MR.,JESSE,WRIGHT,3/18/1966,M,M,jesse45@adventure-works.com,"$80,000 ",0,Graduate Degree,Skilled Manual,Y
27200,MS.,ANNA,THOMPSON,10/14/1966,S,F,anna53@adventure-works.com,"$80,000 ",0,Graduate Degree,Skilled Manual,N
27201,MR.,JOSE,TAYLOR,12/7/1966,M,M,jose69@adventure-works.com,"$80,000 ",0,Graduate Degree,Skilled Manual,Y
27202,MR.,JAMES,HALL,5/1/1966,S,M,james71@adventure-works.com,"$80,000 ",0,Graduate Degree,Skilled Manual,N
27203,MRS.,JENNIFER,SANCHEZ,8/27/1954,S,F,jennifer53@adventure-works.com,"$20,000 ",3,Partial High School,Clerical,N
27204,MR.,DEVIN,HALL,6/1/1954,S,M,devin21@adventure-works.com,"$30,000 ",1,High School,Clerical,N
27205,MRS.,ERIN,MURPHY,10/1/1954,M,F,erin19@adventure-works.com,"$30,000 ",1,High School,Clerical,Y
27206,MR.,MARCUS,MITCHELL,9/21/1954,M,M,marcus39@adventure-works.com,"$40,000 ",1,Partial College,Clerical,Y
27207,MRS.,TAYLOR,MORRIS,10/25/1955,S,F,taylor2@adventure-works.com,"$20,000 ",3,Partial High School,Clerical,Y
27208,MR.,DAVID,CHEN,5/22/1955,S,M,david57@adventure-works.com,"$20,000 ",3,Partial High School,Clerical,N
27209,MR.,ERICK,RODRIGUEZ,7/13/1955,S,M,erick19@adventure-works.com,"$20,000 ",3,Partial High School,Clerical,N
27210,MR.,HUNTER,FLORES,2/17/1955,S,M,hunter9@adventure-works.com,"$20,000 ",3,Partial High School,Clerical,N
27211,MR.,ISAIAH,ROBERTS,10/12/1955,M,M,isaiah27@adventure-works.com,"$30,000 ",1,High School,Clerical,Y
27212,MRS.,SOPHIA,ROBERTS,10/17/1955,M,F,sophia2@adventure-works.com,"$30,000 ",1,High School,Clerical,N
27213,MRS.,JULIA,LEWIS,1/7/1956,S,F,julia42@adventure-works.com,"$20,000 ",3,Partial High School,Clerical,N
27214,MRS.,BIANCA,ZIMMERMAN,6/3/1956,M,F,bianca0@adventure-works.com,"$20,000 ",3,Partial High School,Clerical,N
27215,MRS.,SAMANTHA,HUGHES,5/20/1956,S,F,samantha37@adventure-works.com,"$20,000 ",3,Partial High School,Clerical,N
27216,MRS.,ANA,DIAZ,10/27/1956,M,F,ana20@adventure-works.com,"$30,000 ",2,High School,Skilled Manual,N
27217,MRS.,JULIA,WALKER,1/5/1957,S,F,julia44@adventure-works.com,"$20,000 ",2,Partial High School,Clerical,N
27218,MRS.,BAILEY,ALLEN,11/7/1957,M,F,bailey43@adventure-works.com,"$20,000 ",2,Partial High School,Clerical,N
27219,MR.,BENJAMIN,YANG,9/19/1957,S,M,benjamin29@adventure-works.com,"$20,000 ",2,Partial High School,Clerical,N
27220,MR.,JACKSON,LONG,5/25/1957,S,M,jackson12@adventure-works.com,"$20,000 ",2,Partial High School,Clerical,N
27221,MR.,MATTHEW,JONES,7/10/1957,S,M,matthew9@adventure-works.com,"$20,000 ",2,Partial High School,Clerical,Y
27222,MRS.,VIRGINIA,SAI,10/20/1957,M,F,virginia7@adventure-works.com,"$20,000 ",2,Partial High School,Clerical,Y
27223,MR.,JEREMY,WRIGHT,2/26/1957,M,M,jeremy9@adventure-works.com,"$20,000 ",2,Partial High School,Clerical,Y
27224,MRS.,JESSICA,GRIFFIN,10/9/1957,M,F,jessica45@adventure-works.com,"$20,000 ",2,Partial High School,Clerical,N
27225,MR.,ISAAC,MURPHY,5/8/1957,M,M,isaac14@adventure-works.com,"$30,000 ",2,High School,Skilled Manual,Y
27226,MR.,CHRISTIAN,WANG,7/5/1958,M,M,christian11@adventure-works.com,"$30,000 ",2,High School,Skilled Manual,Y
27227,MRS.,EMILY,BRYANT,3/7/1958,S,F,emily43@adventure-works.com,"$30,000 ",2,High School,Skilled Manual,N
27228,MRS.,AMANDA,YOUNG,3/20/1958,M,F,amanda68@adventure-works.com,"$40,000 ",1,Partial College,Clerical,Y
27229,MR.,ZACHARY,ZHANG,11/3/1958,M,M,zachary22@adventure-works.com,"$40,000 ",1,Partial College,Clerical,N
27230,MR.,HUNTER,WILSON,4/15/1958,S,M,hunter66@adventure-works.com,"$40,000 ",2,Partial College,Clerical,N
27231,MR.,TYRONE,RAMOS,2/28/1959,S,M,tyrone16@adventure-works.com,"$40,000 ",2,Partial College,Clerical,Y
27232,MR.,RAM,THIRUNAVUKKARASU,11/18/1959,S,M,ram1@adventure-works.com,"$40,000 ",2,Partial College,Clerical,N
27233,MR.,SETH,WARD,10/10/1959,S,M,seth77@adventure-works.com,"$40,000 ",2,Partial College,Clerical,N
27234,MR.,GABRIEL,JENKINS,3/16/1959,S,M,gabriel3@adventure-works.com,"$40,000 ",2,Partial College,Clerical,Y
27235,MR.,ROBERT,LI,2/16/1959,S,M,robert38@adventure-works.com,"$40,000 ",2,Partial College,Clerical,N
27236,MRS.,NICOLE,ALEXANDER,2/15/1959,S,F,nicole68@adventure-works.com,"$40,000 ",2,Partial College,Clerical,N
27238,MR.,JESSE,HERNANDEZ,11/21/1959,S,M,jesse44@adventure-works.com,"$40,000 ",2,Partial College,Clerical,N
27239,MR.,NOAH,SIMMONS,2/3/1959,S,M,noah12@adventure-works.com,"$40,000 ",2,Partial College,Clerical,N
27240,MR.,DALTON,COOPER,5/28/1972,S,M,dalton79@adventure-works.com,"$40,000 ",4,Partial College,Clerical,Y
27241,MR.,OSCAR,BUTLER,12/17/1972,M,M,oscar22@adventure-works.com,"$50,000 ",0,Graduate Degree,Skilled Manual,N
27242,MR.,HUNTER,DIAZ,6/19/1973,M,M,hunter17@adventure-works.com,"$40,000 ",0,Graduate Degree,Skilled Manual,Y
27243,MS.,MARIAH,BAILEY,10/19/1973,S,F,mariah40@adventure-works.com,"$40,000 ",0,Graduate Degree,Skilled Manual,N
27244,MRS.,ARIANNA,KELLY,9/16/1973,M,F,arianna23@adventure-works.com,"$40,000 ",1,Graduate Degree,Skilled Manual,Y
27245,MRS.,LAUREN,JONES,3/6/1973,M,F,lauren21@adventure-works.com,"$40,000 ",1,Graduate Degree,Skilled Manual,Y
27246,MR.,AARON,HALL,7/12/1973,M,M,aaron54@adventure-works.com,"$40,000 ",1,Graduate Degree,Skilled Manual,Y
27247,MR.,BLAKE,HUGHES,7/25/1973,M,M,blake59@adventure-works.com,"$40,000 ",1,Graduate Degree,Skilled Manual,Y
27248,MRS.,KAYLA,TAYLOR,8/20/1972,M,F,kayla9@adventure-works.com,"$50,000 ",1,Graduate Degree,Skilled Manual,Y
27249,MRS.,EMMA,COX,7/16/1971,M,F,emma37@adventure-works.com,"$70,000 ",1,Graduate Degree,Skilled Manual,Y
27250,MRS.,VIRGINIA,VANCE,8/9/1971,M,F,virginia5@adventure-works.com,"$70,000 ",1,Graduate Degree,Skilled Manual,Y
27251,MRS.,JESSICA,FLORES,3/7/1971,M,F,jessica37@adventure-works.com,"$50,000 ",1,Graduate Degree,Skilled Manual,Y
27252,MRS.,ANDREA,STEWART,7/17/1971,M,F,andrea27@adventure-works.com,"$50,000 ",1,Graduate Degree,Skilled Manual,Y
27253,MR.,CONNOR,JAI,4/15/1972,M,M,connor27@adventure-works.com,"$50,000 ",1,Graduate Degree,Skilled Manual,Y
27254,MR.,THEODORE,JIMENEZ,10/12/1972,M,M,theodore6@adventure-works.com,"$50,000 ",1,Bachelors,Skilled Manual,Y
27255,MR.,XAVIER,RIVERA,6/10/1972,M,M,xavier74@adventure-works.com,"$50,000 ",1,Bachelors,Skilled Manual,Y
27256,MR.,CALEB,LOPEZ,7/26/1972,M,M,caleb49@adventure-works.com,"$60,000 ",1,Graduate Degree,Skilled Manual,Y
27257,MRS.,REBEKAH,SARA,3/19/1972,S,F,rebekah10@adventure-works.com,"$60,000 ",1,Graduate Degree,Skilled Manual,N
27258,MR.,CHRISTIAN,FLORES,8/5/1972,S,M,christian27@adventure-works.com,"$60,000 ",1,Graduate Degree,Professional,N
27259,MRS.,ANGELA,DIAZ,2/28/1970,M,F,angela24@adventure-works.com,"$40,000 ",1,Bachelors,Skilled Manual,Y
27260,MRS.,CANDICE,MA,3/5/1970,M,F,candice22@adventure-works.com,"$40,000 ",1,Bachelors,Skilled Manual,Y
27261,MR.,OMAR,CHANDE,7/18/1970,M,M,omar35@adventure-works.com,"$40,000 ",1,Bachelors,Skilled Manual,N
27262,MRS.,COURTNEY,HILL,10/4/1970,M,F,courtney10@adventure-works.com,"$40,000 ",1,Bachelors,Skilled Manual,Y
27263,MR.,AARON,KUMAR,7/28/1970,M,M,aaron28@adventure-works.com,"$60,000 ",1,Graduate Degree,Professional,Y
27264,MR.,JACOB,CLARK,11/4/1969,S,M,jacob15@adventure-works.com,"$60,000 ",2,Bachelors,Skilled Manual,Y
27265,MRS.,ISABELLA,THOMAS,9/8/1969,S,F,isabella66@adventure-works.com,"$60,000 ",2,Bachelors,Skilled Manual,N
27266,MRS.,RILEY,GONZALES,9/13/1969,S,F,riley14@adventure-works.com,"$60,000 ",2,Bachelors,Skilled Manual,N
27267,MRS.,EMILY,DAVIS,8/24/1969,S,F,emily5@adventure-works.com,"$60,000 ",2,Bachelors,Skilled Manual,N
27268,MRS.,LATASHA,SERRANO,2/15/1969,S,F,latasha16@adventure-works.com,"$60,000 ",2,Bachelors,Skilled Manual,Y
27269,MRS.,VICTORIA,LEE,3/16/1969,S,F,victoria21@adventure-works.com,"$60,000 ",1,Graduate Degree,Professional,N
27270,MR.,CONNOR,COLLINS,6/15/1971,M,M,connor31@adventure-works.com,"$60,000 ",1,Graduate Degree,Professional,Y
27271,MRS.,ANNA,REED,9/13/1971,M,F,anna6@adventure-works.com,"$60,000 ",1,Graduate Degree,Professional,Y
27272,MR.,ELIJAH,CHEN,4/27/1971,M,M,elijah27@adventure-works.com,"$60,000 ",1,Graduate Degree,Professional,Y
27273,MR.,MARCUS,MILLER,3/15/1971,S,M,marcus6@adventure-works.com,"$70,000 ",3,Graduate Degree,Professional,N
27274,MR.,MARCUS,MORRIS,4/3/1971,S,M,marcus93@adventure-works.com,"$70,000 ",3,Graduate Degree,Professional,N
27275,MR.,AIDAN,POWELL,4/8/1969,M,M,aidan9@adventure-works.com,"$60,000 ",1,Graduate Degree,Professional,Y
27276,MRS.,FAITH,ALEXANDER,1/16/1969,S,F,faith18@adventure-works.com,"$60,000 ",1,Graduate Degree,Professional,Y
27277,MR.,JEREMY,WOOD,12/12/1969,M,M,jeremy23@adventure-works.com,"$60,000 ",1,Graduate Degree,Professional,N
27278,MR.,BRIAN,COOK,1/27/1968,M,M,brian33@adventure-works.com,"$40,000 ",4,High School,Skilled Manual,Y
27279,MRS.,KATELYN,BROOKS,7/15/1968,S,F,katelyn0@adventure-works.com,"$70,000 ",2,Bachelors,Skilled Manual,Y
27280,MRS.,NAOMI,GUTIERREZ,3/7/1968,M,F,naomi11@adventure-works.com,"$70,000 ",2,Bachelors,Skilled Manual,Y
27281,MRS.,JENNY,NATH,11/21/1968,S,F,jenny41@adventure-works.com,"$70,000 ",2,Bachelors,Skilled Manual,N
27282,,BARRY,PEREZ,9/14/1967,M,NA,barry20@adventure-works.com,"$40,000 ",5,High School,Skilled Manual,N
27283,MR.,JAMIE,HERNANDEZ,9/9/1967,S,M,jamie27@adventure-works.com,"$40,000 ",5,High School,Skilled Manual,Y
27285,MR.,ZACHARY,JONES,9/19/1970,S,M,zachary33@adventure-works.com,"$60,000 ",1,Graduate Degree,Professional,Y
27286,MR.,SHAWN,PAL,11/24/1970,S,M,shawn14@adventure-works.com,"$60,000 ",1,Graduate Degree,Professional,N
27287,MR.,SAMUEL,PEREZ,2/27/1970,M,M,samuel43@adventure-works.com,"$70,000 ",4,Graduate Degree,Professional,N
27288,MRS.,DESTINY,RICHARDSON,9/21/1970,S,F,destiny35@adventure-works.com,"$70,000 ",4,Graduate Degree,Professional,N
27289,MRS.,ANNA,LONG,4/4/1967,S,F,anna34@adventure-works.com,"$50,000 ",2,Bachelors,Skilled Manual,Y
27290,MR.,MARCUS,EVANS,2/14/1966,M,M,marcus46@adventure-works.com,"$80,000 ",3,Bachelors,Skilled Manual,Y
27291,MR.,BOBBY,MEHTA,7/25/1966,S,M,bobby10@adventure-works.com,"$80,000 ",3,Bachelors,Skilled Manual,N
27292,MS.,JULIA,EVANS,11/13/1966,S,F,julia2@adventure-works.com,"$60,000 ",0,Graduate Degree,Professional,Y
27293,MS.,KAITLYN,JACKSON,5/18/1966,M,F,kaitlyn34@adventure-works.com,"$60,000 ",0,Graduate Degree,Professional,Y
27294,MS.,ANA,BRADLEY,8/18/1966,S,F,ana1@adventure-works.com,"$70,000 ",0,Graduate Degree,Professional,Y
27295,MR.,WYATT,TAYLOR,5/18/1966,S,M,wyatt9@adventure-works.com,"$70,000 ",0,Graduate Degree,Professional,Y
27297,MRS.,ASHLEY,COLEMAN,12/24/1969,S,F,ashley32@adventure-works.com,"$60,000 ",2,Graduate Degree,Professional,N
27298,MRS.,JENNIFER,COLEMAN,12/12/1969,S,F,jennifer80@adventure-works.com,"$60,000 ",2,Graduate Degree,Professional,N
27299,MR.,MICHEAL,GUTIERREZ,9/13/1971,M,M,micheal6@adventure-works.com,"$120,000 ",0,Partial High School,Management,Y
27300,MR.,ROBERT,BAKER,2/25/1953,M,M,robert58@adventure-works.com,"$70,000 ",4,Partial College,Professional,Y
27301,MR.,CLARENCE,ZHOU,9/15/1953,M,M,clarence4@adventure-works.com,"$70,000 ",4,Partial College,Professional,Y
27302,MR.,CHARLES,SMITH,3/26/1957,M,M,charles3@adventure-works.com,"$100,000 ",2,Partial College,Professional,Y
27303,MR.,ARTURO,YANG,10/22/1957,M,M,arturo5@adventure-works.com,"$110,000 ",2,Partial College,Professional,Y
27304,MRS.,ALEXANDRA,ROBINSON,11/12/1957,S,F,alexandra82@adventure-works.com,"$110,000 ",2,Partial College,Professional,N
27305,MR.,TERRY,NARA,10/6/1957,M,M,terry19@adventure-works.com,"$170,000 ",2,Bachelors,Management,Y
27306,MR.,TONY,BLACK,8/4/1956,S,M,tony22@adventure-works.com,"$110,000 ",2,Partial College,Professional,N
27307,MR.,ANDRE,PRASAD,8/5/1956,M,M,andre9@adventure-works.com,"$120,000 ",3,High School,Professional,Y
27308,MRS.,MARIE,RANA,5/26/1956,S,F,marie13@adventure-works.com,"$120,000 ",3,High School,Professional,N
27309,MR.,TONY,DENG,7/16/1955,M,M,tony4@adventure-works.com,"$130,000 ",3,Partial College,Professional,Y
27310,MRS.,ISABELLA,HILL,10/18/1954,M,F,isabella53@adventure-works.com,"$80,000 ",3,Partial College,Professional,N
27311,MRS.,JENNA,ADAMS,5/24/1954,M,F,jenna15@adventure-works.com,"$80,000 ",4,Partial College,Professional,Y
27312,MRS.,SANDRA,SUN,12/28/1944,S,F,sandra20@adventure-works.com,"$110,000 ",3,Bachelors,Management,Y
27313,MRS.,DIANE,MORENO,8/20/1945,M,F,diane11@adventure-works.com,"$70,000 ",5,High School,Professional,Y
27314,MR.,JARROD,ARTHUR,5/9/1945,S,M,jarrod6@adventure-works.com,"$80,000 ",5,Bachelors,Management,N
27315,MR.,JAMES,MITCHELL,6/19/1945,M,M,james61@adventure-works.com,"$100,000 ",2,Graduate Degree,Management,Y
27316,MR.,JARROD,MALHOTRA,9/6/1946,M,M,jarrod5@adventure-works.com,"$120,000 ",4,Bachelors,Management,Y
27317,MR.,RAYMOND,LOPEZ,10/23/1946,M,M,raymond17@adventure-works.com,"$150,000 ",3,Graduate Degree,Management,Y
27318,MR.,JAMES,BRYANT,11/11/1954,M,M,james33@adventure-works.com,"$80,000 ",4,Partial College,Professional,Y
27319,MR.,IAN,BRYANT,5/21/1954,M,M,ian58@adventure-works.com,"$90,000 ",3,High School,Professional,N
27320,MR.,JOSE,GREEN,9/4/1953,M,M,jose49@adventure-works.com,"$70,000 ",4,High School,Professional,Y
27321,MR.,DYLAN,ZHANG,2/26/1953,M,M,dylan23@adventure-works.com,"$80,000 ",4,Partial College,Professional,Y
27322,MR.,DERRICK,BRADLEY,10/12/1953,S,M,derrick14@adventure-works.com,"$90,000 ",3,Partial College,Professional,N
27323,MRS.,MICHELE,SHAN,8/27/1952,S,F,michele10@adventure-works.com,"$80,000 ",4,Partial College,Professional,Y
27324,MRS.,CANDICE,XU,7/28/1952,S,F,candice18@adventure-works.com,"$80,000 ",4,High School,Professional,N
27325,MR.,TODD,LIANG,3/11/1952,M,M,todd16@adventure-works.com,"$100,000 ",3,Partial College,Professional,Y
27326,MRS.,ASHLEE,GOEL,9/22/1951,S,F,ashlee3@adventure-works.com,"$80,000 ",5,High School,Professional,Y
27327,MRS.,MELODY,NICHOLLS,8/19/1950,S,F,melody10@adventure-works.com,"$110,000 ",4,Partial College,Management,Y
27328,MR.,EDGAR,SRINI,3/27/1949,S,M,edgar9@adventure-works.com,"$80,000 ",5,High School,Management,Y
27329,MRS.,GLORIA,VAZQUEZ,7/23/1949,M,F,gloria15@adventure-works.com,"$80,000 ",5,High School,Management,N
27330,MR.,BRENDAN,NARA,7/21/1949,M,M,brendan14@adventure-works.com,"$120,000 ",4,Partial College,Management,Y
27331,MRS.,JULIA,RICHARDSON,9/7/1949,M,F,julia54@adventure-works.com,"$130,000 ",4,High School,Management,N
27332,MR.,TONY,RAJI,2/25/1948,M,M,tony23@adventure-works.com,"$90,000 ",4,High School,Management,Y
27333,MRS.,KATHRYN,LUO,9/22/1948,M,F,kathryn5@adventure-works.com,"$100,000 ",3,Partial College,Management,Y
27334,MR.,COREY,YUAN,5/26/1947,S,M,corey6@adventure-works.com,"$90,000 ",5,Partial High School,Skilled Manual,N
27335,MR.,RICARDO,RAJI,8/21/1947,M,M,ricardo20@adventure-works.com,"$90,000 ",5,Partial High School,Skilled Manual,Y
27336,MR.,GEORGE,SURI,10/13/1947,S,M,george6@adventure-works.com,"$120,000 ",5,High School,Management,Y
27337,MRS.,JULIA,HALL,9/15/1947,M,F,julia20@adventure-works.com,"$150,000 ",5,Partial High School,Professional,Y
27338,MS.,VIRGINIA,LOPEZ,11/17/1975,M,F,virginia19@adventure-works.com,"$70,000 ",0,Bachelors,Professional,Y
27339,MS.,ANN,SAI,10/18/1975,S,F,ann11@adventure-works.com,"$70,000 ",0,Bachelors,Professional,N
27340,MR.,FRANCIS,CARLSON,6/5/1976,S,M,francis16@adventure-works.com,"$80,000 ",0,Bachelors,Professional,Y
27341,MS.,KARI,SANZ,9/21/1976,S,F,kari41@adventure-works.com,"$80,000 ",0,Bachelors,Professional,N
27342,MR.,HENRY,RANA,8/18/1976,M,M,henry12@adventure-works.com,"$80,000 ",0,Bachelors,Professional,Y
27343,MR.,DALE,NATH,4/10/1975,S,M,dale16@adventure-works.com,"$70,000 ",0,Bachelors,Professional,Y
27344,MR.,HECTOR,SANZ,9/16/1974,S,M,hector18@adventure-works.com,"$70,000 ",0,Bachelors,Professional,Y
27345,MR.,DARRELL,SHAN,2/17/1975,S,M,darrell18@adventure-works.com,"$80,000 ",0,Bachelors,Professional,N
27346,MS.,LESLIE,DOMINGUEZ,10/16/1975,S,F,leslie13@adventure-works.com,"$90,000 ",0,Bachelors,Professional,N
27347,MR.,JEFFERY,LIN,5/15/1974,M,M,jeffery8@adventure-works.com,"$80,000 ",0,Bachelors,Professional,Y
27348,MR.,CLAYTON,ZHOU,4/20/1974,M,M,clayton7@adventure-works.com,"$90,000 ",0,Bachelors,Professional,Y
27349,MS.,SHEILA,DIAZ,8/15/1974,M,F,sheila3@adventure-works.com,"$90,000 ",0,Bachelors,Professional,Y
27350,MR.,ARTHUR,SUBRAM,12/27/1974,S,M,arthur15@adventure-works.com,"$90,000 ",0,Bachelors,Professional,N
27351,MS.,JENNY,LIANG,8/6/1974,M,F,jenny18@adventure-works.com,"$110,000 ",0,Partial College,Management,Y
27352,MR.,DOUGLAS,SUBRAM,3/5/1974,S,M,douglas17@adventure-works.com,"$110,000 ",0,Partial College,Management,Y
27353,MR.,GILBERT,ANDERSEN,2/22/1974,S,M,gilbert34@adventure-works.com,"$110,000 ",0,Partial College,Management,Y
27354,MRS.,DEANNA,PATEL,8/22/1974,S,F,deanna6@adventure-works.com,"$120,000 ",5,Partial High School,Professional,N
27355,MR.,NELSON,SUAREZ,6/27/1973,M,M,nelson18@adventure-works.com,"$100,000 ",0,High School,Management,Y
27356,MS.,MAYRA,LOPEZ,2/10/1973,M,F,mayra16@adventure-works.com,"$120,000 ",0,Partial High School,Professional,Y
27357,MR.,VICTOR,GUTIERREZ,9/10/1972,M,M,victor11@adventure-works.com,"$90,000 ",0,Bachelors,Professional,N
27358,MR.,DEVON,SHEN,3/13/1972,M,M,devon1@adventure-works.com,"$90,000 ",0,Bachelors,Professional,Y
27359,MS.,MORGAN,DAVIS,3/23/1972,S,F,morgan28@adventure-works.com,"$100,000 ",0,High School,Management,Y
27360,MR.,KURT,KUMAR,2/20/1971,M,M,kurt7@adventure-works.com,"$80,000 ",0,Bachelors,Professional,Y
27361,MS.,VALERIE,YANG,7/11/1971,S,F,valerie6@adventure-works.com,"$80,000 ",0,Bachelors,Professional,N
27362,MR.,ALEX,COOPER,4/22/1972,S,M,alex12@adventure-works.com,"$110,000 ",0,Partial College,Management,N
27363,MS.,TARA,JAI,8/11/1972,M,F,tara11@adventure-works.com,"$110,000 ",0,High School,Management,Y
27364,MR.,CEDRIC,LI,8/27/1971,S,M,cedric3@adventure-works.com,"$90,000 ",0,Bachelors,Professional,N
27365,MR.,JIMMY,JIMENEZ,5/15/1971,S,M,jimmy8@adventure-works.com,"$100,000 ",0,High School,Management,N
27366,MR.,BOB,ALAN,4/10/1971,S,M,bob6@adventure-works.com,"$100,000 ",0,High School,Management,Y
27367,MS.,SYDNEY,ADAMS,10/9/1970,S,F,sydney56@adventure-works.com,"$90,000 ",0,Bachelors,Professional,Y
27368,MS.,BRANDY,GONZALEZ,9/1/1970,M,F,brandy15@adventure-works.com,"$100,000 ",0,Partial High School,Professional,N
27369,MS.,PAMELA,RAMAN,10/19/1970,M,F,pamela15@adventure-works.com,"$110,000 ",0,High School,Management,Y
27370,MS.,STEPHANIE,BELL,1/8/1971,S,F,stephanie10@adventure-works.com,"$110,000 ",0,High School,Management,N
27371,MS.,CAROLYN,SRINI,10/26/1971,S,F,carolyn8@adventure-works.com,"$110,000 ",0,Partial High School,Professional,N
27372,MR.,ANDRE,SAI,2/1/1948,S,M,andre5@adventure-works.com,"$30,000 ",4,High School,Professional,N
27373,MR.,EDUARDO,RIVERA,4/19/1948,S,M,eduardo76@adventure-works.com,"$30,000 ",4,High School,Professional,N
27374,MR.,ROBERT,PHILLIPS,11/25/1948,S,M,robert49@adventure-works.com,"$30,000 ",4,High School,Professional,Y
27375,MRS.,NICOLE,WILSON,9/3/1948,M,F,nicole7@adventure-works.com,"$30,000 ",4,High School,Professional,Y
27376,MRS.,COURTNEY,GONZALEZ,7/27/1948,S,F,courtney6@adventure-works.com,"$30,000 ",4,High School,Professional,Y
27377,MRS.,MELANIE,ALEXANDER,2/5/1947,S,F,melanie6@adventure-works.com,"$30,000 ",4,High School,Professional,Y
27378,,SAMANTHA,LEE,3/19/1947,M,NA,samantha23@adventure-works.com,"$30,000 ",4,High School,Professional,Y
27379,MRS.,ISABEL,ROSS,6/9/1947,S,F,isabel4@adventure-works.com,"$40,000 ",4,High School,Professional,N
27380,MR.,ERIC,GREEN,11/16/1947,S,M,eric56@adventure-works.com,"$40,000 ",4,High School,Professional,Y
27381,MRS.,MIGUEL,SANZ,8/23/1937,S,F,miguel70@adventure-works.com,"$40,000 ",4,High School,Professional,Y
27382,MRS.,KAITLIN,CHAPMAN,6/16/1937,S,F,kaitlin2@adventure-works.com,"$50,000 ",3,Graduate Degree,Management,Y
27383,MR.,JAY,HERNANDEZ,3/2/1938,S,M,jay33@adventure-works.com,"$60,000 ",3,Graduate Degree,Management,Y
27384,MR.,ERIC,PATTERSON,4/15/1938,M,M,eric19@adventure-works.com,"$60,000 ",3,Graduate Degree,Management,Y
27385,MR.,JONATHON,RAMOS,10/19/1939,M,M,jonathon13@adventure-works.com,"$60,000 ",3,Graduate Degree,Management,N
27386,MR.,JAMES,GARCIA,7/27/1939,M,M,james89@adventure-works.com,"$60,000 ",3,Graduate Degree,Management,Y
27387,MR.,NOAH,WASHINGTON,5/9/1939,S,M,noah10@adventure-works.com,"$60,000 ",3,Graduate Degree,Management,Y
27388,MR.,XAVIER,COX,4/14/1940,M,M,xavier77@adventure-works.com,"$60,000 ",3,Bachelors,Management,N
27389,MR.,LUCAS,HENDERSON,10/16/1940,S,M,lucas54@adventure-works.com,"$60,000 ",3,Bachelors,Management,N
27390,MRS.,LEAH,ZENG,7/13/1940,S,F,leah18@adventure-works.com,"$60,000 ",3,Graduate Degree,Management,N
27391,MR.,LOGAN,YOUNG,8/21/1941,S,M,logan43@adventure-works.com,"$50,000 ",3,Bachelors,Management,Y
27392,MRS.,FELICIA,ROMERO,8/25/1941,M,F,felicia8@adventure-works.com,"$50,000 ",4,Bachelors,Management,Y
27393,MRS.,SIERRA,HERNANDEZ,12/12/1942,M,F,sierra16@adventure-works.com,"$50,000 ",4,Bachelors,Management,Y
27394,MR.,KYLE,ALEXANDER,9/22/1942,S,M,kyle14@adventure-works.com,"$50,000 ",4,Bachelors,Management,N
27395,MRS.,JENNY,LU,8/12/1942,S,F,jenny13@adventure-works.com,"$50,000 ",4,Bachelors,Management,Y
27396,MR.,ADRIAN,COOK,5/26/1943,S,M,adrian20@adventure-works.com,"$60,000 ",4,Bachelors,Management,Y
27397,MR.,ALEX,JAMES,1/4/1943,S,M,alex11@adventure-works.com,"$60,000 ",4,Bachelors,Management,Y
27398,MRS.,ALEXIS,LEE,9/1/1943,S,F,alexis19@adventure-works.com,"$60,000 ",4,Bachelors,Management,N
27399,MR.,THOMAS,PARKER,11/23/1943,S,M,thomas36@adventure-works.com,"$60,000 ",4,Bachelors,Management,N
27400,MR.,MIGUEL,COLEMAN,4/9/1943,M,M,miguel52@adventure-works.com,"$60,000 ",4,Bachelors,Management,Y
27401,MR.,MICAH,HE,9/6/1944,M,M,micah6@adventure-works.com,"$30,000 ",5,Partial High School,Clerical,N
27402,MR.,ADAM,NELSON,6/19/1944,S,M,adam40@adventure-works.com,"$30,000 ",5,Partial High School,Clerical,N
27403,MR.,DYLAN,COLEMAN,5/20/1945,S,M,dylan4@adventure-works.com,"$30,000 ",2,Partial High School,Skilled Manual,N
27405,MR.,JACKSON,SHAN,6/8/1946,M,M,jackson4@adventure-works.com,"$40,000 ",5,High School,Professional,Y
27406,MR.,RICHARD,SANCHEZ,10/17/1946,S,M,richard98@adventure-works.com,"$70,000 ",5,Bachelors,Management,Y
27407,MRS.,FAITH,GRIFFIN,2/5/1946,S,F,faith20@adventure-works.com,"$70,000 ",5,Bachelors,Management,Y
27408,MRS.,TABITHA,SANCHEZ,8/10/1946,M,F,tabitha17@adventure-works.com,"$70,000 ",5,Bachelors,Management,Y
27409,MR.,PRESTON,SMITH,11/4/1947,M,M,preston7@adventure-works.com,"$40,000 ",2,High School,Professional,Y
27411,MR.,MASON,BENDIXEN,9/17/1947,S,M,mason1@adventure-works.com,"$40,000 ",2,High School,Professional,Y
27412,MR.,MIGUEL,PRICE,9/4/1947,S,M,miguel46@adventure-works.com,"$70,000 ",2,Bachelors,Management,Y
27413,MRS.,KAITLYN,REED,10/19/1947,M,F,kaitlyn50@adventure-works.com,"$70,000 ",2,Bachelors,Management,Y
27414,MRS.,JULIA,YOUNG,11/4/1947,M,F,julia21@adventure-works.com,"$70,000 ",2,Bachelors,Management,Y
27415,MR.,TREVOR,BUTLER,2/3/1948,M,M,trevor14@adventure-works.com,"$40,000 ",2,High School,Professional,Y
27416,MR.,JEREMIAH,MORRIS,1/11/1948,S,M,jeremiah46@adventure-works.com,"$60,000 ",2,Partial College,Professional,N
27417,MR.,EDWIN,SHE,1/13/1948,M,M,edwin22@adventure-works.com,"$60,000 ",2,Bachelors,Management,Y
27418,MRS.,MYA,COLEMAN,9/22/1948,S,F,mya8@adventure-works.com,"$70,000 ",4,Partial College,Professional,N
27419,MRS.,REBEKAH,MEHTA,12/2/1949,S,F,rebekah13@adventure-works.com,"$40,000 ",2,High School,Professional,Y
27420,MR.,SAMUEL,TURNER,9/3/1949,S,M,samuel35@adventure-works.com,"$40,000 ",2,Partial High School,Skilled Manual,Y
27421,MRS.,MINDY,CHANDER,2/4/1949,S,F,mindy20@adventure-works.com,"$60,000 ",2,Partial College,Professional,N
27422,MR.,EVAN,GONZALEZ,7/17/1949,M,M,evan33@adventure-works.com,"$60,000 ",2,Partial College,Professional,Y
27423,MR.,DAKOTA,BUTLER,5/16/1949,S,M,dakota11@adventure-works.com,"$60,000 ",2,Partial College,Professional,N
27424,MR.,LUIS,MITCHELL,4/11/1949,S,M,luis44@adventure-works.com,"$60,000 ",2,Partial College,Professional,Y
27425,MR.,STEVEN,MORRIS,7/9/1949,S,M,steven28@adventure-works.com,"$60,000 ",2,Partial College,Professional,N
27426,MR.,EVAN,STEWART,12/22/1949,S,M,evan27@adventure-works.com,"$60,000 ",2,Partial College,Professional,Y
27427,MR.,MASON,YOUNG,2/8/1949,S,M,mason39@adventure-works.com,"$70,000 ",5,Partial College,Professional,N
27428,MRS.,PAIGE,FOSTER,3/11/1950,S,F,paige15@adventure-works.com,"$40,000 ",2,Partial High School,Skilled Manual,Y
27429,MRS.,STEPHANIE,WARD,1/20/1950,S,F,stephanie18@adventure-works.com,"$40,000 ",2,Partial High School,Skilled Manual,Y
27430,MRS.,STEPHANIE,YOUNG,5/26/1950,M,F,stephanie69@adventure-works.com,"$60,000 ",2,Partial College,Professional,Y
27431,MR.,ETHAN,JENKINS,9/12/1950,S,M,ethan3@adventure-works.com,"$60,000 ",2,Partial College,Professional,N
27432,MR.,CRAIG,RUIZ,5/9/1950,S,M,craig4@adventure-works.com,"$60,000 ",2,Partial College,Professional,Y
27433,MR.,BARRY,GARCIA,8/20/1950,S,M,barry15@adventure-works.com,"$60,000 ",2,Partial College,Professional,N
27434,MR.,DAVID,PATTERSON,6/25/1950,S,M,david43@adventure-works.com,"$70,000 ",4,Partial College,Professional,Y
27435,MRS.,ALEXANDRA,JOHNSON,12/9/1950,M,F,alexandra64@adventure-works.com,"$70,000 ",4,Partial College,Professional,Y
27436,MRS.,CARMEN,MEHTA,11/11/1951,S,F,carmen17@adventure-works.com,"$60,000 ",2,High School,Professional,Y
27437,MRS.,GABRIELLA,REED,2/3/1951,S,F,gabriella18@adventure-works.com,"$60,000 ",2,High School,Professional,Y
27438,MR.,ALEJANDRO,SHAN,7/6/1951,M,M,alejandro37@adventure-works.com,"$60,000 ",2,Partial College,Professional,Y
27439,MR.,CHASE,RAMIREZ,11/4/1952,S,M,chase7@adventure-works.com,"$70,000 ",2,High School,Professional,N
27440,MRS.,TRINITY,HOWARD,7/11/1952,S,F,trinity11@adventure-works.com,"$70,000 ",2,Partial High School,Skilled Manual,N
27441,MR.,JOSE,ROSS,5/3/1953,M,M,jose27@adventure-works.com,"$60,000 ",3,High School,Professional,N
27442,MRS.,JANELLE,RAMAN,10/23/1953,M,F,janelle9@adventure-works.com,"$60,000 ",3,High School,Professional,Y
27443,MRS.,JESSICA,JACKSON,12/10/1953,S,F,jessica59@adventure-works.com,"$60,000 ",3,Partial High School,Skilled Manual,Y
27444,MRS.,KAYLA,MARTINEZ,1/14/1969,M,F,kayla18@adventure-works.com,"$70,000 ",5,Graduate Degree,Professional,N
27445,MR.,SHAUN,TANG,10/13/1969,M,M,shaun5@adventure-works.com,"$70,000 ",5,Graduate Degree,Professional,Y
27447,MRS.,MIRANDA,HAYES,4/28/1969,M,F,miranda23@adventure-works.com,"$80,000 ",3,Graduate Degree,Professional,Y
27448,MR.,MARC,ROMERO,5/2/1965,S,M,marc13@adventure-works.com,"$40,000 ",0,Bachelors,Professional,Y
27449,MR.,BRYAN,COX,2/5/1968,S,M,bryan11@adventure-works.com,"$80,000 ",0,Bachelors,Management,Y
27450,MRS.,ABIGAIL,ROSS,7/15/1967,M,F,abigail72@adventure-works.com,"$100,000 ",1,Bachelors,Management,Y
27451,MR.,THOMAS,WASHINGTON,11/21/1967,S,M,thomas15@adventure-works.com,"$100,000 ",2,Bachelors,Management,N
27452,MR.,EVAN,WATSON,5/20/1967,S,M,evan0@adventure-works.com,"$120,000 ",0,Bachelors,Management,N
27453,MR.,CARSON,HENDERSON,11/3/1963,S,M,carson3@adventure-works.com,"$80,000 ",4,Bachelors,Management,Y
27454,MR.,BENJAMIN,WANG,12/8/1968,M,M,benjamin26@adventure-works.com,"$90,000 ",4,Bachelors,Management,Y
27455,MRS.,BRIANNA,JENKINS,11/17/1968,S,F,brianna52@adventure-works.com,"$100,000 ",2,Bachelors,Management,N
27456,MR.,JACKSON,HUGHES,2/15/1968,M,M,jackson14@adventure-works.com,"$100,000 ",2,Bachelors,Management,Y
27457,MRS.,ELIZABETH,WALKER,6/7/1968,S,F,elizabeth27@adventure-works.com,"$100,000 ",2,Bachelors,Management,N
27458,MR.,ROGER,LIANG,12/16/1968,M,M,roger21@adventure-works.com,"$110,000 ",2,Bachelors,Management,Y
27459,MR.,KEVIN,KUMAR,11/26/1968,M,M,kevin31@adventure-works.com,"$130,000 ",1,Graduate Degree,Management,Y
27460,MR.,GRANT,GOEL,10/27/1968,S,M,grant21@adventure-works.com,"$130,000 ",1,Graduate Degree,Management,N
27461,MS.,ARIANNA,COLEMAN,10/6/1979,S,F,arianna6@adventure-works.com,"$40,000 ",0,High School,Skilled Manual,Y
27462,MR.,XAVIER,RODRIGUEZ,5/2/1979,S,M,xavier18@adventure-works.com,"$40,000 ",0,Partial College,Skilled Manual,Y
27463,MS.,RACHEL,MORGAN,11/2/1979,S,F,rachel33@adventure-works.com,"$40,000 ",0,Partial College,Skilled Manual,N
27464,MRS.,JACQUELYN,TORRES,10/18/1944,M,F,jacquelyn12@adventure-works.com,"$20,000 ",3,High School,Skilled Manual,N
27465,MR.,SETH,GARCIA,10/25/1978,S,M,seth16@adventure-works.com,"$30,000 ",0,Partial College,Skilled Manual,Y
27466,MS.,ABIGAIL,MURPHY,3/12/1978,S,F,abigail10@adventure-works.com,"$30,000 ",0,Partial College,Skilled Manual,N
27467,MR.,JACKSON,COLEMAN,3/16/1978,M,M,jackson8@adventure-works.com,"$60,000 ",0,Partial College,Skilled Manual,Y
27468,MR.,ROBERT,POWELL,10/12/1978,M,M,robert22@adventure-works.com,"$60,000 ",0,Partial College,Skilled Manual,N
27469,MRS.,ANNE,GILL,2/22/1946,S,F,anne15@adventure-works.com,"$30,000 ",2,Partial College,Clerical,N
27470,MRS.,RAQUEL,DOMINGUEZ,3/20/1947,M,F,raquel9@adventure-works.com,"$30,000 ",2,Partial College,Clerical,N
27471,MRS.,SUSAN,GAO,3/17/1948,S,F,susan25@adventure-works.com,"$20,000 ",2,High School,Skilled Manual,Y
27472,MRS.,MINDY,CHANDE,2/11/1948,S,F,mindy19@adventure-works.com,"$20,000 ",2,Partial High School,Clerical,Y
27473,MR.,GABRIEL,LAL,1/10/1948,S,M,gabriel26@adventure-works.com,"$20,000 ",2,Partial High School,Clerical,Y
27474,MS.,ALEXANDRIA,HAYES,1/24/1977,S,F,alexandria23@adventure-works.com,"$40,000 ",0,Bachelors,Professional,Y
27475,MS.,ALEXA,BAILEY,6/19/1977,S,F,alexa14@adventure-works.com,"$40,000 ",0,Partial College,Skilled Manual,Y
27476,MS.,ALEXIS,ALEXANDER,2/14/1977,S,F,alexis42@adventure-works.com,"$40,000 ",0,Partial College,Skilled Manual,Y
27477,MR.,HUNTER,WRIGHT,8/12/1977,S,M,hunter46@adventure-works.com,"$40,000 ",0,Partial College,Skilled Manual,Y
27478,MS.,SHEILA,ALVAREZ,6/12/1977,M,F,sheila5@adventure-works.com,"$60,000 ",0,Partial College,Skilled Manual,Y
27479,MS.,KAITLYN,SANDERS,3/11/1977,S,F,kaitlyn67@adventure-works.com,"$60,000 ",0,Partial College,Skilled Manual,N
27480,MS.,CHLOE,PARKER,6/7/1977,S,F,chloe5@adventure-works.com,"$70,000 ",0,Partial College,Skilled Manual,N
27481,MR.,OSCAR,GONZALES,5/27/1977,S,M,oscar3@adventure-works.com,"$70,000 ",0,Partial College,Skilled Manual,N
27482,MR.,GARY,DIAZ,1/22/1949,M,M,gary13@adventure-works.com,"$10,000 ",2,Partial High School,Clerical,Y
27483,MR.,THOMAS,SHAN,8/26/1949,M,M,thomas34@adventure-works.com,"$20,000 ",2,Partial High School,Clerical,Y
27484,MRS.,KRISTEN,ZHANG,3/16/1949,S,F,kristen0@adventure-works.com,"$20,000 ",2,Partial High School,Clerical,Y
27485,MRS.,NINA,TANG,7/12/1950,S,F,nina4@adventure-works.com,"$20,000 ",2,Partial High School,Clerical,N
27486,MR.,MATHEW,GILL,5/10/1950,S,M,mathew9@adventure-works.com,"$20,000 ",2,Partial High School,Clerical,N
27487,MR.,CEDRIC,GUO,10/5/1951,M,M,cedric17@adventure-works.com,"$20,000 ",2,Partial High School,Clerical,Y
27488,MRS.,SHEILA,MUNOZ,7/2/1951,M,F,sheila7@adventure-works.com,"$20,000 ",2,Partial High School,Clerical,N
27489,MRS.,HALEY,HALL,8/14/1951,S,F,haley57@adventure-works.com,"$20,000 ",2,Partial High School,Clerical,Y
27490,MRS.,NATASHA,MARTIN,4/3/1951,S,F,natasha0@adventure-works.com,"$20,000 ",2,Partial High School,Clerical,Y
27491,MR.,MAURICE,LUO,3/4/1952,M,M,maurice6@adventure-works.com,"$20,000 ",3,Partial High School,Clerical,N
27492,MR.,CLAYTON,LIN,1/26/1952,M,M,clayton6@adventure-works.com,"$30,000 ",3,High School,Skilled Manual,Y
27493,MRS.,BARBARA,ZHENG,11/23/1952,M,F,barbara28@adventure-works.com,"$30,000 ",3,High School,Skilled Manual,Y
27494,MRS.,VIRGINIA,PEREZ,7/15/1953,S,F,virginia23@adventure-works.com,"$40,000 ",2,Partial College,Skilled Manual,N
27495,MRS.,NINA,LUO,8/24/1954,S,F,nina6@adventure-works.com,"$40,000 ",3,Partial High School,Clerical,N
27496,MR.,STANLEY,SURI,8/27/1954,S,M,stanley1@adventure-works.com,"$40,000 ",3,Partial High School,Clerical,N
27497,MR.,JOHNATHAN,RANA,8/3/1954,S,M,johnathan13@adventure-works.com,"$40,000 ",3,Partial High School,Clerical,N
27498,MRS.,MARIE,RUIZ,12/23/1955,S,F,marie26@adventure-works.com,"$80,000 ",2,Partial College,Skilled Manual,N
27499,MRS.,BARBARA,KUMAR,7/8/1955,M,F,barbara39@adventure-works.com,"$80,000 ",2,Partial College,Skilled Manual,Y
27500,MR.,LUIS,HILL,9/13/1955,S,M,luis46@adventure-works.com,"$80,000 ",2,Partial College,Skilled Manual,Y
27501,MR.,DARREN,ALONSO,2/25/1955,M,M,darren30@adventure-works.com,"$80,000 ",2,Partial College,Skilled Manual,Y
27502,MR.,TYLER,THOMPSON,10/28/1975,S,M,tyler7@adventure-works.com,"$40,000 ",0,Partial College,Skilled Manual,Y
27503,MR.,WARREN,SHEN,12/16/1975,S,M,warren37@adventure-works.com,"$40,000 ",0,Partial College,Skilled Manual,Y
27504,MS.,REBECCA,LOPEZ,9/17/1975,S,F,rebecca22@adventure-works.com,"$40,000 ",0,High School,Skilled Manual,N
27505,MS.,BONNIE,SKELLY,12/19/1975,S,F,bonnie3@adventure-works.com,"$40,000 ",0,High School,Skilled Manual,Y
27506,MS.,CARLA,SRINI,6/13/1975,M,F,carla11@adventure-works.com,"$40,000 ",0,High School,Skilled Manual,Y
27507,MS.,VALERIE,LI,6/27/1975,M,F,valerie4@adventure-works.com,"$40,000 ",0,High School,Skilled Manual,Y
27508,MR.,JAMES,EDWARDS,2/10/1973,S,M,james51@adventure-works.com,"$60,000 ",0,Partial College,Skilled Manual,N
27509,MR.,ZACHARY,JOHNSON,6/18/1976,S,M,zachary31@adventure-works.com,"$60,000 ",0,Partial College,Professional,N
27510,MR.,COLE,BAILEY,10/3/1976,S,M,cole16@adventure-works.com,"$60,000 ",0,Partial College,Professional,N
27511,MRS.,BETHANY,GOEL,2/7/1956,S,F,bethany0@adventure-works.com,"$80,000 ",2,High School,Skilled Manual,N
27512,MR.,JOE,LOPEZ,6/3/1956,S,M,joe19@adventure-works.com,"$80,000 ",2,High School,Skilled Manual,N
27513,MRS.,CARA,ZHENG,1/15/1957,S,F,cara15@adventure-works.com,"$70,000 ",2,High School,Skilled Manual,N
27514,MRS.,DAISY,NAVARRO,4/24/1957,S,F,daisy6@adventure-works.com,"$70,000 ",2,High School,Skilled Manual,N
27515,MR.,KEITH,BECKER,3/12/1958,S,M,keith24@adventure-works.com,"$100,000 ",1,Bachelors,Management,N
27516,MR.,CHARLES,MURPHY,5/12/1959,S,M,charles63@adventure-works.com,"$100,000 ",1,Bachelors,Management,Y
27517,MR.,JESSIE,XU,5/5/1959,M,M,jessie17@adventure-works.com,"$100,000 ",1,Bachelors,Management,Y
27518,MRS.,STEFANIE,PEREZ,5/11/1959,M,F,stefanie18@adventure-works.com,"$100,000 ",1,Bachelors,Management,Y
27519,MR.,ALEJANDRO,LI,4/3/1959,S,M,alejandro5@adventure-works.com,"$110,000 ",4,Bachelors,Management,N
27520,MR.,FRANCIS,NAVARRO,2/14/1959,S,M,francis7@adventure-works.com,"$110,000 ",4,Bachelors,Management,N
27521,MR.,GABRIEL,FOSTER,10/19/1973,S,M,gabriel13@adventure-works.com,"$80,000 ",0,Bachelors,Management,N
27522,MS.,MADELINE,CARTER,8/4/1974,M,F,madeline10@adventure-works.com,"$50,000 ",0,High School,Professional,Y
27523,MS.,KAYLA,MARTIN,3/20/1974,S,F,kayla15@adventure-works.com,"$50,000 ",0,High School,Professional,N
27524,MS.,DENISE,SURI,11/11/1974,S,F,denise3@adventure-works.com,"$50,000 ",0,Partial High School,Skilled Manual,N
27525,MS.,ARIANA,SANDERS,6/14/1974,M,F,ariana3@adventure-works.com,"$60,000 ",0,Partial College,Professional,N
27526,MR.,RAMON,MA,12/10/1974,M,M,ramon14@adventure-works.com,"$60,000 ",0,Partial College,Professional,Y
27527,MRS.,TINA,SANCHEZ,10/8/1966,S,F,tina22@adventure-works.com,"$120,000 ",2,Bachelors,Management,N
27528,MS.,JADE,STEWART,4/24/1966,M,F,jade18@adventure-works.com,"$130,000 ",0,Graduate Degree,Management,Y
27529,MRS.,RACHEL,WHITE,2/15/1966,M,F,rachel15@adventure-works.com,"$130,000 ",1,Graduate Degree,Management,Y
27530,MRS.,MARIA,ROSS,5/22/1957,M,F,maria27@adventure-works.com,"$70,000 ",2,Partial High School,Skilled Manual,Y
27531,MS.,ABIGAIL,BAILEY,2/12/1964,S,F,abigail11@adventure-works.com,"$40,000 ",0,Bachelors,Professional,N
27532,MRS.,KAITLYN,FLORES,4/5/1964,S,F,kaitlyn79@adventure-works.com,"$60,000 ",4,Bachelors,Skilled Manual,Y
27533,MRS.,ALLISON,PEREZ,3/24/1964,M,F,allison35@adventure-works.com,"$60,000 ",4,Bachelors,Skilled Manual,Y
27534,MRS.,CANDACE,CHAPMAN,7/21/1964,S,F,candace1@adventure-works.com,"$60,000 ",4,Bachelors,Skilled Manual,N
27535,MR.,IAN,COOK,4/26/1964,S,M,ian79@adventure-works.com,"$60,000 ",5,Bachelors,Skilled Manual,Y
27536,MRS.,VICTORIA,WILSON,5/28/1964,M,F,victoria8@adventure-works.com,"$60,000 ",4,Bachelors,Skilled Manual,Y
27537,MRS.,AMANDA,BRYANT,2/22/1963,M,F,amanda39@adventure-works.com,"$70,000 ",4,Bachelors,Professional,Y
27538,MR.,JOSÉ,JACKSON,2/14/1963,M,M,josé73@adventure-works.com,"$70,000 ",4,Bachelors,Professional,Y
27539,MR.,SAMUEL,WINSTON,7/9/1968,S,M,samuel69@adventure-works.com,"$70,000 ",0,Bachelors,Professional,N
27540,MS.,JACQUELINE,BUTLER,11/3/1968,S,F,jacqueline15@adventure-works.com,"$70,000 ",0,Bachelors,Professional,N
27541,MS.,SAMANTHA,MARTIN,10/12/1968,S,F,samantha16@adventure-works.com,"$70,000 ",0,Bachelors,Professional,Y
27542,MRS.,JESSICA,RIVERA,5/4/1962,M,F,jessica10@adventure-works.com,"$70,000 ",1,Bachelors,Professional,Y
27543,MRS.,KATHERINE,GRIFFIN,2/23/1962,M,F,katherine47@adventure-works.com,"$70,000 ",1,Bachelors,Professional,Y
27544,MRS.,MARISSA,HAYES,7/19/1961,M,F,marissa18@adventure-works.com,"$60,000 ",1,Partial College,Skilled Manual,Y
27545,MR.,LUCAS,GARCIA,1/11/1961,M,M,lucas30@adventure-works.com,"$60,000 ",1,Partial College,Skilled Manual,Y
27546,MR.,JACKSON,ROSS,5/14/1960,S,M,jackson6@adventure-works.com,"$40,000 ",4,High School,Skilled Manual,Y
27547,MR.,KEVIN,HILL,8/3/1960,M,M,kevin51@adventure-works.com,"$40,000 ",4,High School,Skilled Manual,Y
27548,MR.,MASON,GREEN,11/28/1960,M,M,mason37@adventure-works.com,"$60,000 ",1,Partial College,Skilled Manual,Y
27549,MR.,HUNTER,JOHNSON,12/4/1960,M,M,hunter60@adventure-works.com,"$60,000 ",1,Partial College,Skilled Manual,Y
27550,MR.,MARCUS,BLUE,11/22/1967,S,M,marcus90@adventure-works.com,"$60,000 ",0,Partial College,Skilled Manual,N
27551,MR.,ANTONIO,LONG,10/17/1967,M,M,antonio9@adventure-works.com,"$60,000 ",0,Partial College,Skilled Manual,N
27552,MS.,SHANNON,GUO,2/11/1967,S,F,shannon16@adventure-works.com,"$60,000 ",0,Graduate Degree,Professional,N
27553,MS.,JULIA,SANDERS,12/1/1967,S,F,julia65@adventure-works.com,"$60,000 ",0,Graduate Degree,Professional,N
27554,MRS.,JORDYN,WEST,7/25/1960,M,F,jordyn13@adventure-works.com,"$60,000 ",1,Partial College,Skilled Manual,Y
27555,MRS.,ISABELLA,ALEXANDER,8/12/1960,M,F,isabella29@adventure-works.com,"$60,000 ",1,Partial College,Skilled Manual,Y
27556,MRS.,AMANDA,COX,6/8/1960,M,F,amanda10@adventure-works.com,"$60,000 ",1,Partial College,Skilled Manual,Y
27557,MR.,RICHARD,THOMAS,11/15/1960,M,M,richard51@adventure-works.com,"$60,000 ",1,Partial College,Skilled Manual,Y
27558,MR.,CALEB,KUMAR,2/3/1960,M,M,caleb24@adventure-works.com,"$60,000 ",1,Partial College,Skilled Manual,Y
27559,MRS.,EMILY,RODRIGUEZ,2/26/1960,M,F,emily21@adventure-works.com,"$60,000 ",1,Partial College,Skilled Manual,Y
27560,MRS.,GRACE,PATTERSON,1/13/1960,M,F,grace58@adventure-works.com,"$60,000 ",1,Partial College,Skilled Manual,Y
27561,MRS.,KIMBERLY,BROOKS,2/20/1959,S,F,kimberly4@adventure-works.com,"$60,000 ",5,Bachelors,Professional,Y
27562,MRS.,HALEY,BAILEY,6/23/1959,M,F,haley7@adventure-works.com,"$60,000 ",5,Bachelors,Professional,Y
27563,MR.,DEVIN,BENNETT,1/23/1959,M,M,devin67@adventure-works.com,"$60,000 ",5,Bachelors,Professional,Y
27564,MR.,KEVIN,LAL,8/21/1959,S,M,kevin32@adventure-works.com,"$60,000 ",4,Bachelors,Professional,Y
27565,MRS.,KAYLA,WOOD,6/5/1959,M,F,kayla26@adventure-works.com,"$60,000 ",4,Bachelors,Professional,N
27566,MR.,TRISTAN,LONG,9/27/1959,M,M,tristan10@adventure-works.com,"$60,000 ",4,Bachelors,Professional,Y
27567,MRS.,MIRANDA,FOSTER,12/23/1959,M,F,miranda16@adventure-works.com,"$60,000 ",4,Bachelors,Professional,N
27568,MR.,MIGUEL,EVANS,3/11/1959,S,M,miguel43@adventure-works.com,"$70,000 ",2,Graduate Degree,Professional,N
27569,MRS.,JOCELYN,WOOD,11/3/1959,S,F,jocelyn2@adventure-works.com,"$70,000 ",2,Graduate Degree,Professional,Y
27570,MRS.,NATASHA,NAVARRO,11/14/1959,S,F,natasha9@adventure-works.com,"$80,000 ",2,Graduate Degree,Professional,N
27571,MRS.,SHANNON,GAO,4/21/1959,M,F,shannon14@adventure-works.com,"$80,000 ",4,Graduate Degree,Professional,Y
27572,MR.,ISAIAH,CARTER,9/10/1958,M,M,isaiah34@adventure-works.com,"$80,000 ",1,Partial College,Skilled Manual,Y
27573,MR.,HUNTER,LAL,6/21/1958,M,M,hunter24@adventure-works.com,"$80,000 ",1,Partial College,Skilled Manual,Y
27574,MRS.,MADELINE,HILL,4/12/1958,M,F,madeline19@adventure-works.com,"$80,000 ",1,Partial College,Skilled Manual,Y
27575,MRS.,EMMA,WILSON,8/5/1958,S,F,emma6@adventure-works.com,"$60,000 ",3,Bachelors,Professional,N
27576,MRS.,CAROLINE,GONZALES,9/3/1958,M,F,caroline18@adventure-works.com,"$60,000 ",1,Bachelors,Professional,N
27577,MR.,PATRICK,COOK,6/4/1958,S,M,patrick26@adventure-works.com,"$60,000 ",1,Bachelors,Professional,N
27578,MRS.,COURTNEY,CARTER,11/8/1958,M,F,courtney8@adventure-works.com,"$60,000 ",1,Bachelors,Professional,Y
27579,MR.,BRUCE,SUAREZ,3/14/1958,M,M,bruce40@adventure-works.com,"$70,000 ",5,Graduate Degree,Professional,Y
27580,MRS.,KRISTA,BLANCO,10/20/1969,M,F,krista15@adventure-works.com,"$80,000 ",4,Graduate Degree,Management,Y
27581,MR.,PHILLIP,KAPOOR,11/5/1969,M,M,phillip2@adventure-works.com,"$80,000 ",4,Graduate Degree,Management,Y
27582,MRS.,LATOYA,NATH,3/12/1970,S,F,latoya17@adventure-works.com,"$90,000 ",2,Bachelors,Professional,N
27583,MR.,CALVIN,XU,3/9/1970,M,M,calvin5@adventure-works.com,"$90,000 ",2,Bachelors,Professional,Y
27584,MRS.,TINA,MALHOTRA,3/13/1970,S,F,tina6@adventure-works.com,"$90,000 ",2,Bachelors,Professional,N
27585,MRS.,CANDACE,SUBRAM,2/27/1970,M,F,candace13@adventure-works.com,"$90,000 ",2,Bachelors,Professional,N
27586,MRS.,JENNY,SHE,8/15/1968,M,F,jenny25@adventure-works.com,"$60,000 ",2,Bachelors,Professional,Y
27587,MRS.,CARA,LI,3/16/1968,S,F,cara2@adventure-works.com,"$60,000 ",2,Bachelors,Professional,N
27588,MRS.,VIRGINIA,CHANDRA,11/13/1968,S,F,virginia3@adventure-works.com,"$70,000 ",5,Bachelors,Professional,Y
27589,MR.,DEREK,YUAN,5/24/1967,S,M,derek6@adventure-works.com,"$60,000 ",2,Bachelors,Professional,N
27590,MR.,DOMINIC,LOPEZ,4/22/1967,M,M,dominic17@adventure-works.com,"$60,000 ",2,Bachelors,Professional,Y
27591,MR.,GERALD,SERRANO,8/17/1967,M,M,gerald24@adventure-works.com,"$70,000 ",5,Bachelors,Professional,N
27592,MR.,HECTOR,RUIZ,11/27/1967,S,M,hector0@adventure-works.com,"$70,000 ",5,Bachelors,Professional,Y
27593,MR.,JORGE,LIN,12/16/1967,M,M,jorge9@adventure-works.com,"$70,000 ",5,Bachelors,Professional,Y
27594,MR.,NICOLAS,ANDERSEN,5/14/1967,S,M,nicolas11@adventure-works.com,"$80,000 ",5,Graduate Degree,Management,Y
27595,MRS.,JAMIE,WU,9/22/1966,M,F,jamie9@adventure-works.com,"$80,000 ",5,Graduate Degree,Management,Y
27596,MR.,EDGAR,RAMAN,3/15/1966,M,M,edgar13@adventure-works.com,"$80,000 ",5,Bachelors,Professional,Y
27597,MR.,CARL,JAI,9/5/1966,S,M,carl11@adventure-works.com,"$90,000 ",0,Bachelors,Professional,N
27598,MR.,MARCO,GONZALEZ,5/14/1966,S,M,marco19@adventure-works.com,"$90,000 ",2,Bachelors,Professional,Y
27599,MR.,CORY,SUBRAM,2/1/1966,M,M,cory11@adventure-works.com,"$90,000 ",2,Bachelors,Professional,N
27600,MRS.,DESTINY,SANCHEZ,9/20/1953,S,F,destiny24@adventure-works.com,"$60,000 ",3,Partial High School,Skilled Manual,N
27601,MRS.,SYDNEY,ROGERS,11/10/1953,S,F,sydney3@adventure-works.com,"$60,000 ",3,Partial High School,Skilled Manual,N
27602,MR.,WYATT,CAMPBELL,4/7/1953,S,M,wyatt44@adventure-works.com,"$60,000 ",3,Partial High School,Skilled Manual,N
27603,MRS.,MYA,BARNES,3/11/1957,M,F,mya5@adventure-works.com,"$70,000 ",2,Partial High School,Skilled Manual,Y
27604,MR.,RICHARD,BROOKS,3/3/1957,M,M,richard81@adventure-works.com,"$60,000 ",2,High School,Professional,Y
27605,MR.,MIGUEL,MARTINEZ,1/22/1957,M,M,miguel17@adventure-works.com,"$60,000 ",2,High School,Professional,Y
27606,MRS.,COURTNEY,EDWARDS,5/27/1957,S,F,courtney1@adventure-works.com,"$70,000 ",2,Partial College,Professional,N
27607,MR.,JOSHUA,MARTIN,8/11/1956,M,M,joshua16@adventure-works.com,"$80,000 ",2,Partial High School,Skilled Manual,Y
27608,MR.,HECTOR,HERNANDEZ,7/24/1956,M,M,hector2@adventure-works.com,"$80,000 ",2,Partial High School,Skilled Manual,Y
27609,MRS.,AUDREY,ALONSO,11/4/1956,M,F,audrey9@adventure-works.com,"$80,000 ",2,Partial High School,Skilled Manual,Y
27610,MR.,JEREMY,WASHINGTON,2/25/1956,S,M,jeremy28@adventure-works.com,"$80,000 ",2,Partial High School,Skilled Manual,N
27611,MR.,JACK,EDWARDS,12/3/1956,M,M,jack36@adventure-works.com,"$60,000 ",2,High School,Professional,Y
27612,MR.,LUCAS,HILL,11/25/1956,M,M,lucas45@adventure-works.com,"$60,000 ",2,High School,Professional,Y
27613,MRS.,ALEXIA,WASHINGTON,9/18/1956,S,F,alexia11@adventure-works.com,"$60,000 ",2,High School,Professional,N
27614,MR.,WARREN,YE,7/8/1956,M,M,warren25@adventure-works.com,"$60,000 ",2,High School,Professional,N
27615,MRS.,MARIA,HENDERSON,4/2/1965,M,F,maria28@adventure-works.com,"$120,000 ",3,Bachelors,Management,Y
27616,MRS.,EMMA,BROWN,12/11/1965,S,F,emma3@adventure-works.com,"$120,000 ",3,Bachelors,Management,Y
27617,MS.,MORGAN,PHILLIPS,1/23/1964,S,F,morgan4@adventure-works.com,"$90,000 ",0,Partial College,Professional,N
27618,MRS.,MELANIE,DIAZ,9/22/1964,M,F,melanie9@adventure-works.com,"$100,000 ",5,Partial College,Professional,Y
27619,MR.,JOSEPH,LEE,11/27/1964,S,M,joseph29@adventure-works.com,"$120,000 ",4,Partial College,Professional,Y
27620,MRS.,NICOLE,HUGHES,9/5/1964,S,F,nicole60@adventure-works.com,"$130,000 ",2,Graduate Degree,Management,N
27621,MR.,EDWARD,BROWN,1/27/1964,S,M,edward26@adventure-works.com,"$160,000 ",0,Graduate Degree,Management,N
27622,MR.,LUCAS,WILSON,6/18/1956,M,M,lucas20@adventure-works.com,"$70,000 ",4,Partial College,Professional,N
27623,MR.,CHRISTIAN,JACKSON,12/3/1956,S,M,christian47@adventure-works.com,"$80,000 ",3,Partial College,Professional,N
27624,MR.,CONNOR,RUSSELL,1/12/1956,M,M,connor14@adventure-works.com,"$80,000 ",2,Partial College,Professional,Y
27625,MRS.,ALEXANDRIA,HUGHES,4/1/1956,S,F,alexandria11@adventure-works.com,"$90,000 ",2,Partial College,Professional,N
27626,MR.,CONNOR,HAYES,9/1/1934,S,M,connor17@adventure-works.com,"$90,000 ",4,Bachelors,Management,Y
27627,MR.,JASON,YANG,7/20/1934,S,M,jason25@adventure-works.com,"$130,000 ",1,Graduate Degree,Management,N
27628,MRS.,JASMINE,HUGHES,6/21/1963,S,F,jasmine50@adventure-works.com,"$80,000 ",4,Partial College,Professional,N
27629,MR.,JOSE,BRYANT,7/22/1963,M,M,jose12@adventure-works.com,"$90,000 ",0,Partial College,Professional,Y
27630,MR.,XAVIER,COLEMAN,10/25/1963,S,M,xavier47@adventure-works.com,"$110,000 ",4,Bachelors,Management,N
27631,MRS.,GABRIELLA,PHILLIPS,11/5/1963,S,F,gabriella28@adventure-works.com,"$130,000 ",3,Bachelors,Management,N
27632,MRS.,SHEILA,ORTEGA,5/10/1962,M,F,sheila20@adventure-works.com,"$80,000 ",5,Partial College,Professional,Y
27633,MR.,RICHARD,RUSSELL,6/15/1962,M,M,richard75@adventure-works.com,"$80,000 ",5,Partial College,Professional,Y
27634,MRS.,JACQUELINE,COOPER,11/23/1962,S,F,jacqueline33@adventure-works.com,"$80,000 ",5,Partial College,Professional,Y
27635,MRS.,GRACE,PERRY,10/7/1962,M,F,grace55@adventure-works.com,"$90,000 ",5,Partial College,Professional,Y
27636,MRS.,PAIGE,MURPHY,10/5/1962,M,F,paige39@adventure-works.com,"$100,000 ",1,Partial College,Professional,Y
27638,MR.,MARCUS,BROOKS,3/16/1962,S,M,marcus75@adventure-works.com,"$100,000 ",1,Partial College,Professional,N
27639,MRS.,EMMA,PRICE,9/20/1962,S,F,emma48@adventure-works.com,"$100,000 ",1,Partial College,Professional,N
27640,MRS.,LAUREN,THOMAS,12/21/1962,S,F,lauren29@adventure-works.com,"$120,000 ",1,Partial College,Professional,N
27641,MRS.,MIRANDA,ALEXANDER,5/10/1962,S,F,miranda19@adventure-works.com,"$120,000 ",1,Partial College,Professional,Y
27642,MRS.,KAYLA,JOHNSON,2/14/1962,S,F,kayla1@adventure-works.com,"$120,000 ",1,High School,Professional,N
27644,MRS.,ALEXANDRIA,SANCHEZ,8/10/1961,M,F,alexandria44@adventure-works.com,"$90,000 ",4,Partial College,Professional,Y
27645,MR.,COLIN,ANAND,8/18/1961,M,M,colin45@adventure-works.com,"$120,000 ",1,High School,Professional,Y
27646,MR.,JACKSON,LI,11/13/1961,S,M,jackson28@adventure-works.com,"$130,000 ",1,Bachelors,Management,N
27647,MR.,DANIEL,MOORE,9/25/1961,M,M,daniel3@adventure-works.com,"$150,000 ",1,Partial College,Professional,N
27648,MR.,CHASE,ROGERS,11/9/1955,S,M,chase20@adventure-works.com,"$80,000 ",2,Partial High School,Skilled Manual,N
27649,MR.,EVAN,BAILEY,6/8/1955,M,M,evan17@adventure-works.com,"$60,000 ",2,High School,Professional,N
27650,MR.,RICHARD,GRIFFIN,2/15/1955,M,M,richard76@adventure-works.com,"$70,000 ",4,High School,Professional,Y
27651,MR.,JEREMY,MURPHY,11/6/1955,M,M,jeremy43@adventure-works.com,"$90,000 ",2,High School,Professional,Y
27652,MR.,MIGUEL,FOSTER,7/18/1954,M,M,miguel62@adventure-works.com,"$70,000 ",2,Partial High School,Skilled Manual,Y
27653,MRS.,KELLIE,RUBIO,5/10/1935,M,F,kellie18@adventure-works.com,"$30,000 ",4,High School,Professional,Y
27654,MRS.,CARRIE,DIAZ,2/16/1935,M,F,carrie2@adventure-works.com,"$60,000 ",2,Graduate Degree,Management,Y
27655,MRS.,MELINDA,ALVAREZ,12/5/1935,S,F,melinda1@adventure-works.com,"$90,000 ",4,Bachelors,Management,Y
27656,MR.,GABRIEL,BRYANT,12/11/1936,S,M,gabriel15@adventure-works.com,"$40,000 ",3,Partial College,Professional,N
27657,MR.,FREDERICK,CHANDRA,10/16/1936,M,M,frederick1@adventure-works.com,"$50,000 ",2,Graduate Degree,Management,N
27658,MR.,COLE,GRAY,7/6/1936,S,M,cole8@adventure-works.com,"$50,000 ",2,Graduate Degree,Management,Y
27659,MR.,JESSE,LOPEZ,6/21/1936,M,M,jesse38@adventure-works.com,"$50,000 ",2,Graduate Degree,Management,Y
27660,MR.,GERALD,CARLSON,1/25/1936,M,M,gerald26@adventure-works.com,"$80,000 ",4,Graduate Degree,Management,Y
27661,MR.,CHRISTOPHER,MARTINEZ,8/10/1936,M,M,christopher17@adventure-works.com,"$120,000 ",1,Graduate Degree,Management,Y
27662,MRS.,BIANCA,ZHENG,6/15/1960,S,F,bianca16@adventure-works.com,"$110,000 ",5,Partial College,Professional,Y
27663,MR.,AARON,COLLINS,9/24/1960,S,M,aaron35@adventure-works.com,"$170,000 ",1,Graduate Degree,Management,N
27664,MR.,LUIS,ROBERTS,4/21/1960,M,M,luis37@adventure-works.com,"$170,000 ",1,Bachelors,Management,Y
27665,MR.,MIGUEL,PATTERSON,6/15/1954,S,M,miguel57@adventure-works.com,"$70,000 ",2,Partial High School,Skilled Manual,Y
27666,MRS.,ALYSSA,GARCIA,7/26/1954,M,F,alyssa16@adventure-works.com,"$60,000 ",3,Partial High School,Skilled Manual,Y
27667,MRS.,JESSICA,SANCHEZ,12/22/1954,M,F,jessica1@adventure-works.com,"$70,000 ",3,High School,Professional,N
27668,MR.,KEVIN,GONZALEZ,10/26/1953,S,M,kevin46@adventure-works.com,"$70,000 ",3,Graduate Degree,Management,Y
27669,MRS.,KATELYN,ALLEN,11/24/1953,M,F,katelyn47@adventure-works.com,"$70,000 ",3,Graduate Degree,Management,Y
27670,MRS.,KAYLA,LONG,7/8/1953,S,F,kayla33@adventure-works.com,"$70,000 ",3,Graduate Degree,Management,N
27671,MR.,JEREMIAH,MARTINEZ,3/4/1953,S,M,jeremiah8@adventure-works.com,"$70,000 ",3,Graduate Degree,Management,N
27672,MR.,JUSTIN,BROWN,4/7/1953,S,M,justin35@adventure-works.com,"$60,000 ",3,Graduate Degree,Management,Y
27673,MRS.,JENNIFER,YOUNG,5/23/1953,S,F,jennifer27@adventure-works.com,"$60,000 ",3,Graduate Degree,Management,Y
27674,MRS.,GABRIELLE,RIVERA,6/22/1952,M,F,gabrielle8@adventure-works.com,"$40,000 ",3,Partial College,Professional,Y
27675,MRS.,ARIANNA,BELL,10/14/1952,M,F,arianna36@adventure-works.com,"$40,000 ",3,Partial College,Professional,Y
27676,MR.,TREVOR,FLORES,4/10/1951,M,M,trevor12@adventure-works.com,"$40,000 ",3,Partial College,Professional,Y
27677,MRS.,MARISSA,POWELL,8/26/1951,M,F,marissa6@adventure-works.com,"$40,000 ",3,Partial College,Professional,Y
27678,MR.,ANGEL,CARTER,9/11/1951,S,M,angel33@adventure-works.com,"$40,000 ",3,Partial College,Professional,N
27679,MRS.,KAYLA,WALKER,12/14/1951,M,F,kayla22@adventure-works.com,"$40,000 ",3,Partial College,Professional,Y
27680,MR.,BENJAMIN,FOSTER,8/6/1951,S,M,benjamin17@adventure-works.com,"$40,000 ",3,Partial College,Professional,Y
27681,MRS.,OLIVIA,JACKSON,6/10/1951,M,F,olivia11@adventure-works.com,"$40,000 ",4,Partial College,Professional,N
27682,MRS.,JENNIFER,KELLY,11/10/1950,S,F,jennifer73@adventure-works.com,"$40,000 ",4,Partial College,Professional,Y
27683,MRS.,ALEXANDRA,REED,2/9/1949,M,F,alexandra4@adventure-works.com,"$30,000 ",4,High School,Professional,N
27684,MRS.,EMMA,COLEMAN,12/26/1949,M,F,emma52@adventure-works.com,"$40,000 ",4,Partial College,Professional,Y
27685,MR.,ALFREDO,TORRES,11/17/1963,M,M,alfredo13@adventure-works.com,"$60,000 ",4,Bachelors,Professional,N
27686,MR.,VINCENT,ZHANG,5/19/1963,M,M,vincent1@adventure-works.com,"$60,000 ",4,Bachelors,Professional,Y
27687,MRS.,BRANDY,MADAN,10/27/1963,S,F,brandy3@adventure-works.com,"$60,000 ",3,Bachelors,Professional,Y
27689,MR.,SETH,WALKER,5/16/1963,S,M,seth22@adventure-works.com,"$70,000 ",0,Bachelors,Professional,Y
27690,MRS.,JAIME,NAVARRO,6/19/1967,M,F,jaime11@adventure-works.com,"$90,000 ",2,Bachelors,Professional,Y
27691,MR.,MARSHALL,GOEL,5/18/1967,M,M,marshall39@adventure-works.com,"$90,000 ",2,Bachelors,Professional,Y
27692,MR.,ISAAC,LOPEZ,6/4/1967,M,M,isaac34@adventure-works.com,"$90,000 ",3,Bachelors,Professional,Y
27693,MR.,TYRONE,ALVAREZ,9/26/1967,S,M,tyrone4@adventure-works.com,"$90,000 ",4,Bachelors,Professional,Y
27694,MR.,LEE,GILL,5/17/1962,M,M,lee12@adventure-works.com,"$60,000 ",1,Bachelors,Professional,Y
27695,MRS.,LESLIE,BLANCO,8/15/1962,M,F,leslie16@adventure-works.com,"$60,000 ",1,Bachelors,Professional,Y
27696,MR.,RUBEN,RANA,10/2/1962,M,M,ruben12@adventure-works.com,"$60,000 ",1,Bachelors,Professional,Y
27697,MR.,MELVIN,NATH,2/28/1961,M,M,melvin17@adventure-works.com,"$60,000 ",1,Partial College,Skilled Manual,Y
27698,MRS.,ISABELLA,BELL,1/14/1961,M,F,isabella88@adventure-works.com,"$60,000 ",1,Bachelors,Professional,Y
27699,MRS.,REBECCA,TURNER,11/10/1961,S,F,rebecca7@adventure-works.com,"$60,000 ",1,Bachelors,Professional,Y
27700,MR.,BARRY,ARUN,7/11/1930,M,M,barry7@adventure-works.com,"$70,000 ",3,Graduate Degree,Management,N
27701,MR.,JOEL,ARTHUR,2/10/1960,M,M,joel6@adventure-works.com,"$60,000 ",1,Partial College,Skilled Manual,Y
27702,MR.,DARRYL,LU,3/17/1960,S,M,darryl11@adventure-works.com,"$60,000 ",1,Partial College,Skilled Manual,Y
27703,MRS.,MEREDITH,NAVARRO,10/8/1959,S,F,meredith33@adventure-works.com,"$90,000 ",1,Bachelors,Professional,N
27704,MR.,JIMMY,ROMERO,11/27/1933,S,M,jimmy12@adventure-works.com,"$40,000 ",2,Bachelors,Professional,Y
27705,MR.,ROGER,PAL,11/12/1965,M,M,roger39@adventure-works.com,"$80,000 ",5,Bachelors,Professional,Y
27706,MS.,BRIANNA,FLORES,6/22/1964,S,F,brianna58@adventure-works.com,"$70,000 ",0,Bachelors,Professional,N
27707,MS.,COLLEEN,RAJI,9/22/1964,S,F,colleen44@adventure-works.com,"$70,000 ",0,Bachelors,Professional,N
27708,MS.,KATIE,GOEL,6/21/1964,S,F,katie22@adventure-works.com,"$70,000 ",0,Bachelors,Professional,N
27709,MR.,CLIFFORD,LOPEZ,4/13/1963,S,M,clifford15@adventure-works.com,"$70,000 ",0,Bachelors,Professional,N
27710,MR.,SEAN,BAILEY,6/21/1963,S,M,sean23@adventure-works.com,"$70,000 ",0,Bachelors,Professional,N
27711,MS.,BARBARA,TANG,1/20/1963,M,F,barbara35@adventure-works.com,"$70,000 ",0,Bachelors,Professional,N
27712,MRS.,TERESA,MUNOZ,10/8/1962,M,F,teresa7@adventure-works.com,"$60,000 ",1,Partial College,Skilled Manual,N
27713,MRS.,LACEY,ZHAO,4/9/1961,S,F,lacey23@adventure-works.com,"$60,000 ",1,Partial College,Skilled Manual,Y
27714,MR.,OMAR,PAL,3/23/1961,M,M,omar32@adventure-works.com,"$60,000 ",1,Partial College,Skilled Manual,N
27715,MRS.,MYA,ROSS,6/7/1961,S,F,mya6@adventure-works.com,"$60,000 ",1,Partial College,Skilled Manual,Y
27716,MR.,ALBERT,RAMOS,10/3/1961,S,M,albert17@adventure-works.com,"$70,000 ",5,Partial College,Skilled Manual,Y
27717,MRS.,EBONY,ROMERO,2/4/1961,M,F,ebony32@adventure-works.com,"$70,000 ",5,Partial College,Skilled Manual,N
27718,MR.,FRANKLIN,SHAN,5/26/1961,M,M,franklin28@adventure-works.com,"$70,000 ",5,Partial College,Skilled Manual,Y
27719,MR.,NATHAN,KING,11/13/1961,M,M,nathan46@adventure-works.com,"$70,000 ",5,Partial College,Skilled Manual,Y
27720,MR.,ARTURO,WANG,9/3/1960,M,M,arturo1@adventure-works.com,"$70,000 ",5,Partial College,Skilled Manual,Y
27721,MR.,CLAYTON,PAL,1/11/1956,M,M,clayton30@adventure-works.com,"$80,000 ",1,Partial College,Skilled Manual,Y
27722,MR.,MELVIN,JAI,11/2/1956,M,M,melvin9@adventure-works.com,"$80,000 ",1,Partial College,Skilled Manual,N
27723,MRS.,RUTH,SULLIVAN,10/18/1953,S,F,ruth17@adventure-works.com,"$40,000 ",2,Bachelors,Management,Y
27724,MR.,TYLER,MARTIN,5/25/1976,M,M,tyler5@adventure-works.com,"$30,000 ",0,High School,Skilled Manual,Y
27725,MR.,SAMUEL,SHARMA,8/12/1980,M,M,samuel27@adventure-works.com,"$30,000 ",0,High School,Skilled Manual,N
27726,MS.,SOPHIA,HALL,3/26/1980,S,F,sophia20@adventure-works.com,"$30,000 ",0,High School,Skilled Manual,N
27727,MS.,CHLOE,HILL,3/21/1979,S,F,chloe20@adventure-works.com,"$30,000 ",0,High School,Skilled Manual,Y
27728,MRS.,COLLEEN,DENG,8/1/1937,S,F,colleen25@adventure-works.com,"$30,000 ",2,Partial College,Clerical,N
27729,MS.,SOPHIA,PHILLIPS,11/15/1978,S,F,sophia4@adventure-works.com,"$30,000 ",0,Partial High School,Clerical,Y
27730,MS.,ISABELLA,COX,8/28/1978,S,F,isabella0@adventure-works.com,"$30,000 ",0,Partial High School,Clerical,Y
27731,MR.,GABRIEL,SHAN,9/4/1978,M,M,gabriel28@adventure-works.com,"$40,000 ",0,High School,Skilled Manual,Y
27732,MS.,KATHERINE,WHITE,5/27/1978,M,F,katherine83@adventure-works.com,"$40,000 ",0,High School,Skilled Manual,Y
27733,MR.,RONALD,SUBRAM,8/2/1938,S,M,ronald15@adventure-works.com,"$40,000 ",2,Bachelors,Management,Y
27734,MR.,AARON,MCDONALD,2/6/1977,S,M,aaron53@adventure-works.com,"$30,000 ",0,Partial High School,Clerical,N
27735,MS.,SHELBY,SANDERS,6/20/1977,S,F,shelby3@adventure-works.com,"$40,000 ",0,High School,Skilled Manual,N
27736,MS.,MACKENZIE,YOUNG,8/21/1977,S,F,mackenzie38@adventure-works.com,"$40,000 ",0,High School,Skilled Manual,Y
27737,MR.,BRANDON,TAYLOR,9/21/1977,S,M,brandon29@adventure-works.com,"$40,000 ",0,High School,Skilled Manual,N
27738,MS.,KAYLEE,PARKER,2/13/1979,S,F,kaylee29@adventure-works.com,"$30,000 ",0,Partial High School,Clerical,N
27739,MS.,MARIE,MORENO,3/5/1979,S,F,marie30@adventure-works.com,"$30,000 ",0,Partial High School,Clerical,N
27740,MS.,JODI,NATH,1/9/1979,M,F,jodi19@adventure-works.com,"$40,000 ",0,High School,Skilled Manual,Y
27741,MS.,GABRIELLE,FOSTER,8/15/1979,S,F,gabrielle38@adventure-works.com,"$40,000 ",0,High School,Skilled Manual,Y
27742,MR.,DEVIN,JONES,3/12/1979,S,M,devin3@adventure-works.com,"$40,000 ",0,High School,Skilled Manual,Y
27743,MRS.,STEFANIE,GARCIA,7/28/1941,M,F,stefanie12@adventure-works.com,"$40,000 ",2,Bachelors,Management,Y
27744,MR.,GILBERT,PAL,12/16/1942,M,M,gilbert33@adventure-works.com,"$50,000 ",2,Graduate Degree,Management,Y
27745,MR.,LEVI,SANCHEZ,3/13/1943,S,M,levi18@adventure-works.com,"$40,000 ",2,Bachelors,Management,Y
27746,MR.,DALE,RAJE,2/10/1943,S,M,dale11@adventure-works.com,"$60,000 ",2,Graduate Degree,Management,N
27747,MR.,EDWARD,HENDERSON,4/11/1976,M,M,edward53@adventure-works.com,"$40,000 ",0,High School,Skilled Manual,N
27748,MR.,LUIS,PATTERSON,7/26/1976,S,M,luis9@adventure-works.com,"$40,000 ",0,High School,Skilled Manual,N
27749,MS.,ALEXIS,BROWN,11/21/1976,S,F,alexis4@adventure-works.com,"$40,000 ",0,Partial College,Skilled Manual,Y
27750,MR.,CARLOS,PHILLIPS,6/10/1976,S,M,carlos33@adventure-works.com,"$40,000 ",0,Partial College,Skilled Manual,Y
27751,MS.,ZOE,COOPER,11/5/1976,S,F,zoe16@adventure-works.com,"$40,000 ",0,Partial College,Skilled Manual,Y
27752,MR.,CHRISTIAN,BUTLER,5/23/1975,S,M,christian29@adventure-works.com,"$40,000 ",0,High School,Skilled Manual,N
27753,MR.,STEVEN,MORGAN,11/23/1975,M,M,steven22@adventure-works.com,"$40,000 ",0,High School,Skilled Manual,N
27754,MR.,MARCUS,GONZALEZ,1/14/1974,S,M,marcus36@adventure-works.com,"$50,000 ",0,Partial College,Skilled Manual,N
27755,MS.,ALYSSA,JENKINS,9/13/1974,S,F,alyssa53@adventure-works.com,"$50,000 ",0,Partial College,Skilled Manual,N
27756,MRS.,ANGELA,WARD,9/25/1965,S,F,angela38@adventure-works.com,"$50,000 ",3,Bachelors,Skilled Manual,N
27757,MR.,BOBBY,VAN,7/20/1965,M,M,bobby3@adventure-works.com,"$50,000 ",3,Bachelors,Skilled Manual,Y
27758,MRS.,SARA,COX,3/17/1965,M,F,sara11@adventure-works.com,"$50,000 ",3,Bachelors,Skilled Manual,Y
27759,MRS.,ALEXANDRIA,BROOKS,5/10/1965,S,F,alexandria25@adventure-works.com,"$50,000 ",3,Bachelors,Skilled Manual,N
27760,MS.,LATASHA,BRADLEY,12/9/1968,S,F,latasha15@adventure-works.com,"$40,000 ",0,Graduate Degree,Clerical,N
27761,MS.,MONICA,MADAN,6/1/1968,M,F,monica8@adventure-works.com,"$40,000 ",0,Graduate Degree,Clerical,Y
27762,MR.,SHAWN,YUAN,6/22/1968,M,M,shawn9@adventure-works.com,"$40,000 ",0,Graduate Degree,Clerical,N
27763,MRS.,STEPHANIE,WRIGHT,9/11/1967,M,F,stephanie65@adventure-works.com,"$10,000 ",3,High School,Manual,Y
27764,MRS.,JACLYN,BECKER,11/15/1967,S,F,jaclyn42@adventure-works.com,"$20,000 ",1,Partial College,Manual,N
27765,MR.,JERRY,TANG,7/18/1967,S,M,jerry4@adventure-works.com,"$20,000 ",1,Partial College,Manual,Y
27766,MR.,JOEL,VANCE,4/10/1967,S,M,joel3@adventure-works.com,"$20,000 ",1,Partial College,Manual,Y
27767,MRS.,BRANDY,ARUN,10/10/1967,S,F,brandy2@adventure-works.com,"$20,000 ",1,Partial College,Manual,Y
27768,MRS.,DEANNA,MADAN,3/20/1967,S,F,deanna11@adventure-works.com,"$20,000 ",1,High School,Manual,N
27769,MRS.,MARIE,MADAN,5/4/1967,S,F,marie12@adventure-works.com,"$20,000 ",1,High School,Manual,N
27770,MRS.,AUTUMN,ZHAO,5/4/1967,S,F,autumn9@adventure-works.com,"$30,000 ",1,Bachelors,Clerical,N
27771,MR.,TERRANCE,SUBRAM,7/17/1967,S,M,terrance10@adventure-works.com,"$30,000 ",1,Bachelors,Clerical,Y
27772,MR.,DARRELL,GOEL,3/23/1966,S,M,darrell7@adventure-works.com,"$10,000 ",5,Partial High School,Manual,N
27773,MR.,ALAN,LI,12/4/1966,S,M,alan7@adventure-works.com,"$20,000 ",1,High School,Manual,Y
27774,MR.,MARC,MUNOZ,4/24/1966,S,M,marc11@adventure-works.com,"$20,000 ",2,High School,Manual,Y
27775,MS.,NINA,SHEN,12/14/1967,S,F,nina2@adventure-works.com,"$40,000 ",0,Bachelors,Clerical,N
27776,MRS.,AUDREY,GOMEZ,5/5/1966,S,F,audrey2@adventure-works.com,"$30,000 ",1,Bachelors,Clerical,N
27777,MR.,JARRED,MARTIN,5/4/1966,M,M,jarred0@adventure-works.com,"$30,000 ",1,Bachelors,Skilled Manual,Y
27778,MRS.,TABITHA,GARCIA,10/23/1966,M,F,tabitha12@adventure-works.com,"$30,000 ",1,Bachelors,Skilled Manual,Y
27779,MR.,JORDAN,WASHINGTON,2/26/1965,M,M,jordan10@adventure-works.com,"$10,000 ",5,Partial High School,Manual,Y
27780,MRS.,CHRISTY,ANDERSEN,3/19/1965,M,F,christy30@adventure-works.com,"$20,000 ",2,High School,Manual,Y
27781,MR.,ALLEN,SAI,1/11/1965,S,M,allen5@adventure-works.com,"$20,000 ",2,High School,Manual,Y
27782,MR.,MASON,HERNANDEZ,2/23/1965,S,M,mason41@adventure-works.com,"$20,000 ",2,High School,Manual,Y
27783,MRS.,ISABEL,BRADLEY,2/14/1965,M,F,isabel1@adventure-works.com,"$30,000 ",1,Bachelors,Skilled Manual,Y
27784,MR.,SHANE,ARUN,11/2/1964,S,M,shane10@adventure-works.com,"$10,000 ",3,Partial High School,Manual,N
27785,MR.,SEBASTIAN,BELL,10/5/1931,M,M,sebastian14@adventure-works.com,"$30,000 ",1,Bachelors,Skilled Manual,Y
27786,MRS.,CYNTHIA,RAMAN,10/5/1964,S,F,cynthia17@adventure-works.com,"$20,000 ",3,High School,Manual,N
27787,MR.,GERALD,RAMOS,5/8/1964,M,M,gerald25@adventure-works.com,"$30,000 ",1,Bachelors,Skilled Manual,N
27788,MR.,BRENT,LIN,8/24/1963,S,M,brent7@adventure-works.com,"$10,000 ",3,Partial High School,Manual,Y
27789,MR.,NICOLAS,GOLDBERG,8/3/1963,M,M,nicolas17@adventure-works.com,"$20,000 ",3,High School,Manual,Y
27790,MRS.,MOLLY,SRINI,6/9/1963,S,F,molly8@adventure-works.com,"$20,000 ",3,High School,Manual,N
27791,MRS.,SHAWNA,DENG,9/10/1963,S,F,shawna1@adventure-works.com,"$20,000 ",3,High School,Manual,N
27792,MRS.,JACQUELYN,ALONSO,8/21/1963,S,F,jacquelyn8@adventure-works.com,"$20,000 ",3,High School,Manual,Y
27793,MR.,MITCHELL,SHAN,9/7/1933,S,M,mitchell9@adventure-works.com,"$10,000 ",4,High School,Manual,N
27794,MRS.,DAWN,KUMAR,4/11/1933,M,F,dawn31@adventure-works.com,"$40,000 ",1,Graduate Degree,Skilled Manual,Y
27796,MR.,JARROD,PATEL,6/7/1966,S,M,jarrod3@adventure-works.com,"$40,000 ",0,Bachelors,Professional,N
27797,MR.,MELVIN,DENG,7/2/1966,M,M,melvin1@adventure-works.com,"$40,000 ",0,Bachelors,Professional,Y
27798,MR.,BRANDON,BRYANT,5/11/1966,M,M,brandon15@adventure-works.com,"$40,000 ",0,Bachelors,Professional,Y
27799,MR.,BRYCE,WATSON,9/27/1966,S,M,bryce1@adventure-works.com,"$80,000 ",0,Graduate Degree,Skilled Manual,Y
27800,MS.,REGINA,SURI,10/17/1966,S,F,regina0@adventure-works.com,"$80,000 ",0,Graduate Degree,Skilled Manual,Y
27801,MRS.,KAITLYN,COOPER,11/3/1963,M,F,kaitlyn56@adventure-works.com,"$30,000 ",2,Partial College,Clerical,Y
27802,MRS.,ROBYN,ROMERO,10/4/1963,S,F,robyn7@adventure-works.com,"$30,000 ",2,Partial College,Clerical,Y
27803,MRS.,THERESA,SUAREZ,2/19/1963,S,F,theresa15@adventure-works.com,"$30,000 ",2,Partial College,Clerical,N
27804,MR.,SHAUN,XU,4/11/1962,S,M,shaun6@adventure-works.com,"$30,000 ",1,Partial College,Clerical,N
27805,MRS.,BARBARA,YE,9/14/1962,S,F,barbara19@adventure-works.com,"$30,000 ",1,Partial College,Clerical,N
27806,MRS.,KRISTA,SANZ,2/21/1962,S,F,krista19@adventure-works.com,"$30,000 ",1,Partial College,Clerical,N
27807,MR.,SHAUN,KUMAR,12/5/1934,S,M,shaun8@adventure-works.com,"$20,000 ",2,Partial College,Clerical,Y
27808,MR.,CHRISTOPHER,CLARK,11/7/1965,M,M,christopher19@adventure-works.com,"$30,000 ",2,Partial College,Clerical,Y
27809,MRS.,ARIANNA,SANCHEZ,11/1/1965,M,F,arianna40@adventure-works.com,"$40,000 ",1,Bachelors,Skilled Manual,Y
27810,MRS.,MEGHAN,MUNOZ,5/24/1964,M,F,meghan7@adventure-works.com,"$40,000 ",1,Bachelors,Skilled Manual,Y
27811,MR.,DARREN,VAZQUEZ,8/11/1963,M,M,darren37@adventure-works.com,"$40,000 ",1,Bachelors,Skilled Manual,Y
27812,MS.,ALISON,LAL,5/1/1977,S,F,alison8@adventure-works.com,"$20,000 ",0,High School,Manual,N
27813,MR.,ROY,VANCE,2/2/1977,S,M,roy4@adventure-works.com,"$20,000 ",0,High School,Manual,N
27814,MRS.,KATRINA,SHAN,10/25/1979,S,F,katrina9@adventure-works.com,"$30,000 ",3,Partial College,Clerical,N
27815,,JAMIE,CHOW,12/26/1979,M,NA,jamie4@adventure-works.com,"$30,000 ",3,Partial College,Clerical,Y
27816,MR.,ERICK,KAPOOR,12/23/1978,S,M,erick1@adventure-works.com,"$20,000 ",0,High School,Manual,N
27817,MRS.,SANDRA,HU,4/27/1963,M,F,sandra28@adventure-works.com,"$40,000 ",1,Bachelors,Skilled Manual,Y
27818,MRS.,CANDICE,HU,3/8/1963,M,F,candice4@adventure-works.com,"$40,000 ",1,Bachelors,Skilled Manual,Y
27819,MRS.,MICHELE,MARTIN,3/6/1963,M,F,michele35@adventure-works.com,"$40,000 ",1,Bachelors,Skilled Manual,Y
27820,MR.,JOEL,PATEL,7/10/1963,M,M,joel2@adventure-works.com,"$40,000 ",1,Bachelors,Skilled Manual,Y
27821,MR.,LEONARD,DENG,9/16/1963,M,M,leonard2@adventure-works.com,"$40,000 ",1,Bachelors,Skilled Manual,Y
27822,MR.,JERRY,LAL,3/18/1962,S,M,jerry9@adventure-works.com,"$30,000 ",1,Partial College,Clerical,N
27823,MRS.,JOAN,GAO,12/17/1962,M,F,joan18@adventure-works.com,"$40,000 ",1,Bachelors,Skilled Manual,Y
27824,MRS.,MICHELE,MORENO,5/3/1978,S,F,michele41@adventure-works.com,"$30,000 ",3,Partial College,Clerical,Y
27825,MRS.,CHRISTY,ZIMMERMAN,11/3/1978,S,F,christy0@adventure-works.com,"$30,000 ",3,Partial College,Clerical,Y
27826,MR.,NICOLAS,XU,10/11/1978,S,M,nicolas3@adventure-works.com,"$30,000 ",4,Partial College,Clerical,N
27827,MRS.,MEAGAN,MALHOTRA,11/27/1978,M,F,meagan5@adventure-works.com,"$30,000 ",4,Partial College,Clerical,Y
27828,MR.,ERNEST,GAO,6/26/1978,M,M,ernest15@adventure-works.com,"$30,000 ",4,Partial College,Clerical,Y
27829,MR.,JORGE,WANG,9/27/1977,S,M,jorge2@adventure-works.com,"$30,000 ",0,Partial College,Clerical,N
27830,MR.,CALEB,HALL,12/13/1976,S,M,caleb50@adventure-works.com,"$20,000 ",0,High School,Manual,N
27831,MR.,CLINTON,VAZQUEZ,11/9/1976,S,M,clinton11@adventure-works.com,"$20,000 ",0,Partial High School,Manual,N
27832,MS.,MARGARET,POWELL,4/8/1976,S,F,margaret3@adventure-works.com,"$30,000 ",0,Partial College,Clerical,N
27833,MS.,DAWN,LU,2/5/1974,S,F,dawn13@adventure-works.com,"$20,000 ",0,Partial High School,Manual,Y
27834,MS.,DIANA,SUAREZ,6/4/1974,S,F,diana18@adventure-works.com,"$20,000 ",0,Partial High School,Manual,N
27835,MR.,DARREN,RUIZ,8/24/1974,M,M,darren23@adventure-works.com,"$20,000 ",0,Partial High School,Manual,Y
27836,MR.,PEDRO,NAVARRO,12/19/1974,M,M,pedro30@adventure-works.com,"$20,000 ",0,Partial High School,Manual,Y
27837,MS.,KELSEY,JAI,10/4/1974,S,F,kelsey11@adventure-works.com,"$20,000 ",0,Partial High School,Manual,Y
27838,MS.,JANELLE,SAI,9/19/1974,M,F,janelle5@adventure-works.com,"$20,000 ",0,Partial High School,Manual,N
27839,MRS.,SUSAN,LI,4/26/1975,M,F,susan12@adventure-works.com,"$40,000 ",1,Bachelors,Skilled Manual,Y
27840,MR.,JOHN,JOHNSON,3/16/1973,S,M,john38@adventure-works.com,"$10,000 ",0,Partial High School,Manual,Y
27841,MR.,GERALD,VANCE,2/9/1962,M,M,gerald33@adventure-works.com,"$20,000 ",1,Graduate Degree,Clerical,Y
27842,MRS.,EVELYN,ARUN,5/5/1961,M,F,evelyn7@adventure-works.com,"$10,000 ",1,Bachelors,Manual,Y
27843,MR.,GERALD,NAVARRO,8/15/1935,S,M,gerald18@adventure-works.com,"$20,000 ",1,Graduate Degree,Clerical,N
27845,MR.,ANGEL,WRIGHT,3/4/1962,S,M,angel42@adventure-works.com,"$30,000 ",5,Graduate Degree,Clerical,N
27846,MR.,ALBERT,RUBIO,9/14/1962,M,M,albert21@adventure-works.com,"$30,000 ",4,Graduate Degree,Clerical,Y
27847,MRS.,KRISTINA,RANA,10/26/1957,M,F,kristina11@adventure-works.com,"$10,000 ",1,Partial College,Manual,N
27848,MR.,FERNANDO,PEREZ,8/25/1956,M,M,fernando37@adventure-works.com,"$10,000 ",2,Partial College,Manual,Y
27849,MR.,DALTON,ADAMS,5/5/1955,M,M,dalton31@adventure-works.com,"$20,000 ",1,Bachelors,Clerical,Y
27850,MR.,JASON,GREEN,1/11/1955,S,M,jason43@adventure-works.com,"$20,000 ",1,Bachelors,Clerical,N
27851,MRS.,DIANA,MARTIN,1/4/1938,M,F,diana0@adventure-works.com,"$20,000 ",1,Bachelors,Clerical,N
27852,MR.,JAMIE,RAMOS,4/22/1939,M,M,jamie39@adventure-works.com,"$20,000 ",1,Bachelors,Clerical,Y
27853,MRS.,AMY,ZHENG,9/15/1940,S,F,amy26@adventure-works.com,"$10,000 ",2,Bachelors,Clerical,N
27854,MR.,MARC,RUBIO,7/11/1941,S,M,marc25@adventure-works.com,"$10,000 ",2,Partial College,Manual,Y
27855,MRS.,LISA,YE,12/22/1941,S,F,lisa13@adventure-works.com,"$20,000 ",1,Partial College,Manual,N
27856,MRS.,BONNIE,TANG,1/14/1941,M,F,bonnie9@adventure-works.com,"$30,000 ",1,Bachelors,Clerical,Y
27857,MRS.,BRANDI,MUNOZ,2/23/1942,S,F,brandi7@adventure-works.com,"$10,000 ",2,Partial College,Manual,N
27859,MR.,DANNY,CARLSON,12/25/1942,M,M,danny19@adventure-works.com,"$20,000 ",1,Partial College,Manual,Y
27860,MR.,HECTOR,MARTIN,6/21/1980,M,M,hector20@adventure-works.com,"$10,000 ",0,Partial College,Manual,Y
27861,MS.,KAREN,HE,1/21/1980,S,F,karen28@adventure-works.com,"$10,000 ",0,Partial College,Manual,Y
27862,MS.,JOANNA,ALONSO,8/10/1979,M,F,joanna7@adventure-works.com,"$10,000 ",0,Partial College,Manual,Y
27863,MS.,CAROLYN,RUIZ,7/25/1980,M,F,carolyn24@adventure-works.com,"$20,000 ",0,Bachelors,Clerical,N
27864,MR.,SHAUN,LUO,5/23/1980,S,M,shaun7@adventure-works.com,"$20,000 ",0,Bachelors,Clerical,Y
27865,MS.,DESTINY,BUTLER,7/28/1977,M,F,destiny62@adventure-works.com,"$10,000 ",0,High School,Manual,Y
27866,MR.,SERGIO,RAMAN,10/19/1977,S,M,sergio12@adventure-works.com,"$10,000 ",0,High School,Manual,N
27867,MR.,ALBERTO,BLANCO,5/5/1976,M,M,alberto15@adventure-works.com,"$10,000 ",0,High School,Manual,Y
27868,,JESSIE,RUBIO,9/13/1976,S,NA,jessie40@adventure-works.com,"$10,000 ",1,High School,Manual,N
27869,MRS.,SHAWNA,SHAN,6/9/1976,S,F,shawna11@adventure-works.com,"$10,000 ",1,High School,Manual,Y
27870,MR.,RYAN,DAVIS,7/18/1979,S,M,ryan44@adventure-works.com,"$10,000 ",1,High School,Manual,Y
27871,MRS.,FAITH,COOK,3/14/1979,M,F,faith37@adventure-works.com,"$10,000 ",1,High School,Manual,N
27872,MR.,IVAN,MARTINEZ,2/2/1979,S,M,ivan14@adventure-works.com,"$20,000 ",0,Bachelors,Clerical,Y
27873,MS.,DAWN,XU,4/3/1978,M,F,dawn14@adventure-works.com,"$20,000 ",0,Bachelors,Clerical,Y
27874,MR.,RANDY,ZHAO,6/18/1978,S,M,randy12@adventure-works.com,"$20,000 ",0,Bachelors,Clerical,Y
27875,MRS.,PAMELA,PATEL,9/20/1977,S,F,pamela6@adventure-works.com,"$10,000 ",1,High School,Manual,Y
27876,MR.,WILLIE,DENG,5/13/1977,M,M,willie21@adventure-works.com,"$10,000 ",1,High School,Manual,N
27877,MS.,REBEKAH,DOMINGUEZ,2/16/1977,S,F,rebekah33@adventure-works.com,"$20,000 ",0,Bachelors,Clerical,N
27878,MR.,DENNIS,HE,12/12/1977,S,M,dennis20@adventure-works.com,"$20,000 ",0,Partial College,Manual,N
27879,MR.,KELVIN,CHANDER,5/4/1977,M,M,kelvin12@adventure-works.com,"$20,000 ",0,Partial College,Manual,N
27880,MR.,CURTIS,HU,8/12/1943,S,M,curtis17@adventure-works.com,"$40,000 ",1,Graduate Degree,Clerical,N
27881,MR.,RAUL,NATH,4/7/1961,S,M,raul16@adventure-works.com,"$20,000 ",1,Partial College,Manual,N
27882,MR.,FRANKLIN,HU,7/27/1961,M,M,franklin18@adventure-works.com,"$30,000 ",4,Graduate Degree,Clerical,Y
27883,MR.,MARC,HERNANDEZ,5/6/1961,S,M,marc7@adventure-works.com,"$30,000 ",4,Graduate Degree,Clerical,Y
27884,MRS.,JILL,ALONSO,8/6/1961,M,F,jill16@adventure-works.com,"$30,000 ",4,Graduate Degree,Clerical,Y
27885,MR.,MARVIN,TORRES,8/21/1961,M,M,marvin12@adventure-works.com,"$30,000 ",3,Graduate Degree,Clerical,N
27886,MRS.,DENISE,GONZALEZ,9/24/1960,S,F,denise19@adventure-works.com,"$10,000 ",1,High School,Manual,Y
27887,MR.,EUGENE,ZHANG,9/7/1960,S,M,eugene4@adventure-works.com,"$10,000 ",1,High School,Manual,N
27888,MRS.,TINA,RODRIGUEZ,6/14/1960,S,F,tina21@adventure-works.com,"$10,000 ",1,High School,Manual,N
27889,MRS.,JODI,XIE,5/22/1960,S,F,jodi3@adventure-works.com,"$10,000 ",1,High School,Manual,N
27890,MR.,KYLE,EVANS,8/10/1960,S,M,kyle30@adventure-works.com,"$20,000 ",1,Partial College,Manual,N
27891,MR.,CARLOS,HOWARD,10/22/1960,M,M,carlos13@adventure-works.com,"$20,000 ",1,Partial College,Manual,N
27892,MRS.,ISABELLA,FOSTER,10/11/1960,M,F,isabella26@adventure-works.com,"$30,000 ",3,Graduate Degree,Clerical,N
27893,MR.,CLINTON,JIMÉNEZ,11/21/1959,S,M,clinton2@adventure-works.com,"$10,000 ",1,High School,Manual,N
27894,MR.,GERALD,SAI,8/6/1959,S,M,gerald35@adventure-works.com,"$20,000 ",2,Partial College,Manual,Y
27895,MR.,COLIN,PAL,3/7/1958,S,M,colin35@adventure-works.com,"$20,000 ",2,Partial College,Manual,N
27896,MR.,ORLANDO,TORRES,9/27/1960,M,M,orlando11@adventure-works.com,"$30,000 ",3,Bachelors,Clerical,Y
27897,MRS.,ROBIN,MUNOZ,9/8/1960,M,F,robin4@adventure-works.com,"$30,000 ",3,Bachelors,Clerical,Y
27898,MRS.,TRINITY,BELL,6/8/1960,M,F,trinity12@adventure-works.com,"$30,000 ",3,Bachelors,Clerical,Y
27899,MS.,MANDY,XU,10/3/1959,S,F,mandy14@adventure-works.com,"$30,000 ",0,Bachelors,Clerical,Y
27900,MS.,TONI,PRASAD,6/20/1959,S,F,toni9@adventure-works.com,"$30,000 ",0,Bachelors,Clerical,Y
27901,MRS.,MARIAH,COOPER,8/19/1959,M,F,mariah33@adventure-works.com,"$40,000 ",3,Graduate Degree,Clerical,Y
27902,MRS.,CAROLYN,ALONSO,7/5/1959,S,F,carolyn29@adventure-works.com,"$40,000 ",3,Graduate Degree,Clerical,N
27903,MRS.,JANELLE,SURI,8/19/1970,M,F,janelle0@adventure-works.com,"$10,000 ",1,High School,Manual,N
27904,MR.,ANDRE,RANA,9/9/1970,M,M,andre11@adventure-works.com,"$10,000 ",1,High School,Manual,N
27905,MR.,MARIO,BLACK,9/12/1970,S,M,mario19@adventure-works.com,"$10,000 ",2,High School,Manual,N
27906,MR.,GILBERT,CHEN,4/17/1970,M,M,gilbert1@adventure-works.com,"$10,000 ",2,High School,Manual,Y
27907,MR.,MICHAEL,TAYLOR,4/17/1970,S,M,michael41@adventure-works.com,"$20,000 ",0,Partial College,Manual,N
27908,MS.,ADRIANA,SANCHEZ,11/5/1970,S,F,adriana21@adventure-works.com,"$20,000 ",0,Partial College,Manual,N
27909,MS.,MAYRA,RANDALL,11/13/1970,S,F,mayra11@adventure-works.com,"$20,000 ",0,Partial College,Manual,N
27910,MR.,ARTURO,ZHOU,2/12/1943,M,M,arturo9@adventure-works.com,"$40,000 ",2,Bachelors,Management,Y
27911,MR.,ROBERT,MOORE,2/7/1976,S,M,robert66@adventure-works.com,"$40,000 ",0,High School,Skilled Manual,N
27912,MS.,CAITLIN,RAMIREZ,3/10/1976,M,F,caitlin5@adventure-works.com,"$40,000 ",0,High School,Skilled Manual,Y
27913,MS.,BRITTNEY,ZHENG,12/21/1976,M,F,brittney18@adventure-works.com,"$40,000 ",0,Partial College,Skilled Manual,Y
27914,MS.,JASMINE,FOSTER,8/10/1974,S,F,jasmine55@adventure-works.com,"$50,000 ",0,Partial College,Skilled Manual,N
27915,MS.,JORDAN,GREEN,4/25/1974,S,F,jordan43@adventure-works.com,"$50,000 ",0,Partial College,Skilled Manual,N
27916,MR.,AARON,CARTER,3/19/1974,S,M,aaron43@adventure-works.com,"$50,000 ",0,Partial College,Skilled Manual,N
27917,MS.,ANDREA,SANDERS,11/2/1973,S,F,andrea4@adventure-works.com,"$60,000 ",0,Partial College,Skilled Manual,Y
27918,MS.,SAMANTHA,ROSS,8/19/1972,M,F,samantha29@adventure-works.com,"$70,000 ",0,Partial College,Skilled Manual,Y
27919,MR.,RYAN,LAL,10/20/1972,S,M,ryan33@adventure-works.com,"$70,000 ",0,Partial College,Skilled Manual,Y
27920,MS.,MARY,HOWARD,12/19/1972,S,F,mary39@adventure-works.com,"$70,000 ",0,Partial College,Skilled Manual,Y
27921,MRS.,SYDNEY,LONG,4/10/1953,M,F,sydney32@adventure-works.com,"$70,000 ",4,Partial College,Professional,Y
27922,MRS.,ISABELLA,KING,6/14/1953,M,F,isabella50@adventure-works.com,"$70,000 ",4,Partial College,Professional,Y
27923,MR.,DOUGLAS,ARUN,9/19/1958,S,M,douglas10@adventure-works.com,"$130,000 ",2,Bachelors,Management,N
27924,MR.,JEFFERY,HE,5/25/1957,S,M,jeffery18@adventure-works.com,"$130,000 ",2,Partial College,Professional,N
27925,MR.,ADAM,BUTLER,2/10/1957,S,M,adam12@adventure-works.com,"$150,000 ",2,High School,Professional,N
27926,MR.,EDUARDO,MITCHELL,1/7/1956,S,M,eduardo35@adventure-works.com,"$100,000 ",2,High School,Professional,Y
27927,MR.,OMAR,ZHAO,4/4/1956,M,M,omar10@adventure-works.com,"$120,000 ",3,Partial High School,Professional,N
27928,MRS.,DIANNE,SLATTENGREN,6/8/1956,S,F,dianne0@adventure-works.com,"$160,000 ",2,High School,Professional,N
27929,MR.,ROSS,MADAN,6/28/1956,S,M,ross7@adventure-works.com,"$170,000 ",3,Partial College,Professional,N
27930,MR.,CLARENCE,SHARMA,10/24/1955,S,M,clarence24@adventure-works.com,"$110,000 ",3,Partial College,Professional,Y
27931,MRS.,TABITHA,PATEL,7/18/1955,M,F,tabitha2@adventure-works.com,"$110,000 ",3,Partial College,Professional,Y
27932,MRS.,LESLIE,DIAZ,7/15/1955,S,F,leslie3@adventure-works.com,"$110,000 ",3,Partial College,Professional,N
27933,MRS.,AMBER,EVANS,2/19/1954,S,F,amber0@adventure-works.com,"$80,000 ",3,Partial College,Professional,N
27934,MRS.,LANNA,SLAVEN,12/10/1944,M,F,lanna0@adventure-works.com,"$70,000 ",5,High School,Professional,N
27935,MR.,JOHNNY,CHANDER,4/23/1945,M,M,johnny17@adventure-works.com,"$60,000 ",3,Partial High School,Skilled Manual,Y
27936,MR.,BRUCE,MARTIN,7/7/1945,M,M,bruce22@adventure-works.com,"$60,000 ",3,Partial High School,Skilled Manual,N
27937,,KRISTINE,ALVAREZ,5/22/1945,S,NA,kristine6@adventure-works.com,"$90,000 ",5,Partial College,Professional,N
27938,MR.,RICKY,SERRANO,3/26/1945,S,M,ricky17@adventure-works.com,"$130,000 ",4,Bachelors,Management,N
27939,MR.,LAWRENCE,NAVARRO,12/20/1945,M,M,lawrence8@adventure-works.com,"$130,000 ",4,Partial College,Professional,N
27940,MR.,ROSS,SUAREZ,10/28/1946,S,M,ross37@adventure-works.com,"$130,000 ",4,Partial College,Professional,N
27941,MRS.,MARGARET,CHEN,6/9/1953,M,F,margaret9@adventure-works.com,"$80,000 ",4,Partial College,Professional,Y
27942,MR.,MARVIN,DIAZ,6/22/1954,S,M,marvin3@adventure-works.com,"$90,000 ",4,High School,Professional,N
27943,MRS.,SABRINA,ALVAREZ,10/19/1954,S,F,sabrina2@adventure-works.com,"$120,000 ",2,Partial High School,Professional,N
27944,,DALTON,BELL,12/10/1954,S,NA,dalton85@adventure-works.com,"$120,000 ",2,Partial High School,Professional,N
27945,MRS.,CHRISTINE,ANDERSEN,4/12/1954,S,F,christine8@adventure-works.com,"$130,000 ",4,High School,Professional,N
27946,MS.,KATIE,HOLT,5/3/1954,M,F,katie14@adventure-works.com,"$170,000 ",0,High School,Professional,N
27947,MRS.,ALISON,ANDERSEN,10/10/1953,S,F,alison13@adventure-works.com,"$110,000 ",2,Partial College,Professional,N
27948,MR.,CATHY,SLOAN,7/26/1953,M,M,cathy0@adventure-works.com,"$120,000 ",2,Bachelors,Management,Y
27949,MR.,JASON,RUSSELL,2/26/1953,S,M,jason17@adventure-works.com,"$170,000 ",0,Bachelors,Management,N
27950,MR.,SHANNON,SANZ,4/28/1952,M,M,shannon40@adventure-works.com,"$80,000 ",4,Partial College,Professional,Y
27951,MR.,ROY,TORRES,7/12/1952,S,M,roy31@adventure-works.com,"$80,000 ",4,Partial College,Professional,N
27952,MR.,ROY,PEREZ,6/21/1952,M,M,roy21@adventure-works.com,"$90,000 ",4,High School,Professional,N
27953,MRS.,MARIE,GARCIA,5/14/1952,M,F,marie16@adventure-works.com,"$160,000 ",4,Partial College,Professional,Y
27954,MRS.,BRENDA,SAUNDERS,8/2/1951,S,F,brenda14@adventure-works.com,"$80,000 ",4,High School,Professional,N
27955,MR.,RAMON,WU,5/28/1951,M,M,ramon6@adventure-works.com,"$130,000 ",4,High School,Professional,N
27956,MR.,TERRENCE,JAI,4/14/1951,M,M,terrence11@adventure-works.com,"$130,000 ",4,High School,Professional,Y
27957,MRS.,TABITHA,SURI,2/20/1951,S,F,tabitha0@adventure-works.com,"$130,000 ",4,High School,Professional,N
27958,MR.,MARCUS,CLARK,8/23/1951,S,M,marcus20@adventure-works.com,"$150,000 ",4,Bachelors,Management,N
27959,MR.,ARMANDO,RAMOS,9/12/1950,S,M,armando17@adventure-works.com,"$110,000 ",4,Partial College,Management,N
27960,MR.,RANDALL,ALONSO,11/22/1950,M,M,randall9@adventure-works.com,"$110,000 ",4,Partial College,Management,Y
27961,MR.,ALEJANDRO,ZHENG,5/24/1949,M,M,alejandro22@adventure-works.com,"$70,000 ",5,Partial High School,Skilled Manual,Y
27962,MRS.,REBEKAH,MARTIN,11/5/1949,S,F,rebekah20@adventure-works.com,"$80,000 ",5,High School,Management,Y
27963,MRS.,KENDRA,DOMINGUEZ,8/26/1949,M,F,kendra12@adventure-works.com,"$120,000 ",4,Partial College,Management,Y
27964,MRS.,ALICIA,SHAN,5/14/1949,S,F,alicia8@adventure-works.com,"$150,000 ",3,High School,Management,N
27965,MRS.,MEREDITH,GOMEZ,5/13/1949,S,F,meredith23@adventure-works.com,"$160,000 ",4,High School,Management,N
27966,MRS.,JENNY,CHEN,2/13/1948,S,F,jenny4@adventure-works.com,"$80,000 ",5,High School,Management,Y
27967,MRS.,STEFANIE,PATEL,12/25/1947,S,F,stefanie2@adventure-works.com,"$170,000 ",5,Partial High School,Professional,N
27968,MR.,ROGER,XU,6/6/1976,M,M,roger32@adventure-works.com,"$70,000 ",0,Bachelors,Professional,Y
27969,MR.,BRYANT,PATEL,9/28/1976,M,M,bryant3@adventure-works.com,"$80,000 ",0,Bachelors,Professional,Y
27970,MR.,WILLIE,ANDERSEN,9/9/1975,M,M,willie32@adventure-works.com,"$80,000 ",0,Bachelors,Professional,Y
27971,MS.,JODI,JAI,3/1/1974,S,F,jodi11@adventure-works.com,"$80,000 ",0,Bachelors,Professional,N
27972,MR.,LEONARD,SMITH,8/2/1973,M,M,leonard0@adventure-works.com,"$90,000 ",0,Bachelors,Professional,Y
27973,MR.,RANDALL,SERRANO,11/26/1973,M,M,randall18@adventure-works.com,"$100,000 ",0,High School,Management,Y
27974,MR.,DUSTIN,SHEN,5/22/1973,S,M,dustin2@adventure-works.com,"$160,000 ",2,High School,Management,Y
27975,MR.,JAY,GILL,5/11/1972,S,M,jay43@adventure-works.com,"$90,000 ",0,Bachelors,Professional,Y
27976,MS.,DOMINIQUE,GONZALEZ,4/26/1972,S,F,dominique16@adventure-works.com,"$90,000 ",0,Bachelors,Professional,N
27977,MR.,JEROME,ALONSO,4/23/1972,S,M,jerome6@adventure-works.com,"$100,000 ",0,High School,Management,N
27978,MS.,BARBARA,LUO,4/13/1971,S,F,barbara37@adventure-works.com,"$80,000 ",0,Bachelors,Professional,Y
27979,MR.,RAMON,ZENG,9/23/1971,M,M,ramon20@adventure-works.com,"$80,000 ",0,Bachelors,Professional,Y
27980,MS.,CRYSTAL,HU,5/5/1971,M,F,crystal21@adventure-works.com,"$80,000 ",0,Bachelors,Professional,N
27981,MS.,AIMEE,HU,2/3/1971,S,F,aimee15@adventure-works.com,"$80,000 ",0,Bachelors,Professional,N
27982,MR.,CESAR,PEREZ,9/11/1972,S,M,cesar21@adventure-works.com,"$120,000 ",0,Partial High School,Professional,N
27983,MR.,RUBEN,SAUNDERS,10/21/1971,S,M,ruben43@adventure-works.com,"$100,000 ",0,High School,Management,N
27984,MS.,REBEKAH,RAMOS,3/2/1971,S,F,rebekah37@adventure-works.com,"$100,000 ",0,High School,Management,Y
27985,MS.,MICHELE,SHEN,7/10/1970,S,F,michele2@adventure-works.com,"$100,000 ",0,Partial High School,Professional,N
27986,MR.,HENRY,VANCE,4/7/1970,S,M,henry6@adventure-works.com,"$110,000 ",0,High School,Management,N
27987,MR.,WYATT,JENKINS,6/19/1970,S,M,wyatt58@adventure-works.com,"$110,000 ",0,High School,Management,N
27988,MR.,DYLAN,ROSS,9/7/1949,M,M,dylan3@adventure-works.com,"$40,000 ",4,High School,Professional,Y
27989,MR.,JOSEPH,THOMAS,3/8/1948,M,M,joseph17@adventure-works.com,"$30,000 ",4,High School,Professional,Y
27990,MRS.,KATHERINE,THOMPSON,10/18/1948,S,F,katherine86@adventure-works.com,"$30,000 ",4,High School,Professional,Y
27991,MRS.,NATALIE,RIVERA,10/17/1948,M,F,natalie10@adventure-works.com,"$30,000 ",4,High School,Professional,N
27992,MR.,DYLAN,TAYLOR,9/10/1948,S,M,dylan36@adventure-works.com,"$30,000 ",4,High School,Professional,Y
27993,MR.,HUNTER,MILLER,2/14/1947,S,M,hunter65@adventure-works.com,"$30,000 ",4,High School,Professional,N
27994,MRS.,JODI,RAI,7/4/1937,M,F,jodi18@adventure-works.com,"$40,000 ",4,High School,Professional,Y
27995,MR.,CARLOS,STEWART,4/8/1937,S,M,carlos29@adventure-works.com,"$40,000 ",4,High School,Professional,N
27996,MRS.,ANGELA,ALEXANDER,5/21/1937,M,F,angela21@adventure-works.com,"$50,000 ",3,Graduate Degree,Management,Y
27997,MRS.,LYDIA,MALHOTRA,9/25/1937,S,F,lydia4@adventure-works.com,"$50,000 ",3,Graduate Degree,Management,N
27998,MR.,ETHAN,LEWIS,2/5/1937,S,M,ethan39@adventure-works.com,"$50,000 ",3,Graduate Degree,Management,N
27999,MR.,NATHAN,SHAN,4/24/1938,S,M,nathan28@adventure-works.com,"$60,000 ",3,Graduate Degree,Management,N
28000,MRS.,REBECCA,ROBERTS,4/3/1938,S,F,rebecca6@adventure-works.com,"$60,000 ",3,Graduate Degree,Management,N
28001,MRS.,SYDNEY,RODRIGUEZ,5/27/1939,M,F,sydney82@adventure-works.com,"$60,000 ",3,Graduate Degree,Management,Y
28002,MRS.,CHRISTY,KUMAR,2/17/1939,S,F,christy25@adventure-works.com,"$60,000 ",3,Graduate Degree,Management,Y
28003,MRS.,JULIA,SANCHEZ,11/19/1939,M,F,julia47@adventure-works.com,"$60,000 ",3,Graduate Degree,Management,Y
28004,MRS.,ANDREA,EDWARDS,9/9/1939,M,F,andrea25@adventure-works.com,"$60,000 ",3,Bachelors,Management,Y
28005,MRS.,AMBER,YOUNG,8/22/1940,M,F,amber24@adventure-works.com,"$60,000 ",3,Graduate Degree,Management,Y
28006,MR.,SETH,TORRES,4/10/1941,S,M,seth78@adventure-works.com,"$50,000 ",3,Bachelors,Management,N
28007,MR.,CLAYTON,YE,10/4/1941,M,M,clayton8@adventure-works.com,"$50,000 ",3,Bachelors,Management,Y
28008,MRS.,JADA,BAKER,11/6/1941,S,F,jada26@adventure-works.com,"$60,000 ",4,Bachelors,Management,N
28009,MRS.,ARIANNA,WASHINGTON,7/14/1942,S,F,arianna11@adventure-works.com,"$50,000 ",4,Bachelors,Management,N
28010,MR.,JUSTIN,LONG,2/11/1942,S,M,justin6@adventure-works.com,"$50,000 ",4,Bachelors,Management,Y
28011,MR.,ANDREW,LAN,2/25/1943,M,M,andrew8@adventure-works.com,"$60,000 ",4,Bachelors,Management,Y
28012,MR.,IAN,STEWART,12/11/1943,S,M,ian88@adventure-works.com,"$60,000 ",4,Bachelors,Management,N
28013,MR.,JAMES,MILLER,4/15/1944,M,M,james81@adventure-works.com,"$30,000 ",4,High School,Professional,Y
28014,MRS.,RACHEL,ROBINSON,10/23/1944,S,F,rachel21@adventure-works.com,"$30,000 ",5,Partial High School,Clerical,N
28015,MR.,CHRISTIAN,CHEN,5/19/1947,M,M,christian12@adventure-works.com,"$40,000 ",4,High School,Professional,N
28016,MR.,CODY,SANDERS,11/21/1945,S,M,cody3@adventure-works.com,"$20,000 ",5,Partial High School,Clerical,N
28017,MR.,CHRISTOPHER,MARTIN,6/24/1945,S,M,christopher15@adventure-works.com,"$30,000 ",5,Partial High School,Clerical,N
28018,MRS.,RACHEL,FOSTER,3/21/1945,S,F,rachel64@adventure-works.com,"$30,000 ",2,Partial High School,Skilled Manual,Y
28019,MRS.,MELISSA,RAMIREZ,6/2/1946,M,F,melissa29@adventure-works.com,"$40,000 ",5,High School,Professional,Y
28020,MR.,LUCAS,GRIFFIN,5/27/1946,S,M,lucas68@adventure-works.com,"$40,000 ",5,High School,Professional,N
28021,MRS.,KATHERINE,NELSON,9/15/1946,S,F,katherine57@adventure-works.com,"$40,000 ",5,High School,Professional,N
28022,MR.,JASON,LOPEZ,6/12/1946,S,M,jason48@adventure-works.com,"$40,000 ",5,High School,Professional,Y
28023,MRS.,ANDREA,JAMES,9/15/1946,S,F,andrea8@adventure-works.com,"$40,000 ",5,High School,Professional,N
28024,MR.,MIGUEL,PERRY,4/6/1946,M,M,miguel54@adventure-works.com,"$70,000 ",5,Bachelors,Management,N
28025,MRS.,MYA,RUSSELL,1/25/1947,M,F,mya20@adventure-works.com,"$40,000 ",2,High School,Professional,N
28026,MRS.,PAIGE,ROSS,1/26/1947,M,F,paige4@adventure-works.com,"$40,000 ",2,High School,Professional,N
28027,MRS.,DESTINY,HUGHES,11/6/1947,M,F,destiny59@adventure-works.com,"$40,000 ",2,High School,Professional,N
28028,MR.,ELIJAH,ALLEN,12/13/1947,S,M,elijah49@adventure-works.com,"$40,000 ",2,High School,Professional,Y
28029,MR.,SETH,PRICE,11/26/1947,M,M,seth48@adventure-works.com,"$40,000 ",2,High School,Professional,Y
28030,MR.,JASON,GONZALEZ,10/5/1947,S,M,jason37@adventure-works.com,"$70,000 ",2,Bachelors,Management,N
28031,MRS.,KARI,NAVARRO,3/9/1947,S,F,kari30@adventure-works.com,"$70,000 ",2,Bachelors,Management,N
28032,MRS.,GRACE,COLEMAN,11/10/1947,M,F,grace53@adventure-works.com,"$70,000 ",2,Bachelors,Management,Y
28033,MR.,GAVIN,JENKINS,2/20/1947,S,M,gavin6@adventure-works.com,"$70,000 ",2,Bachelors,Management,Y
28034,MRS.,GABRIELLA,STEWART,9/15/1948,M,F,gabriella24@adventure-works.com,"$40,000 ",2,High School,Professional,Y
28035,MRS.,GABRIELLA,GREEN,8/10/1948,M,F,gabriella38@adventure-works.com,"$40,000 ",2,High School,Professional,Y
28036,MR.,JONATHAN,GONZALES,6/5/1948,S,M,jonathan16@adventure-works.com,"$40,000 ",2,High School,Professional,N
28037,MR.,JEREMIAH,GONZALES,6/18/1948,M,M,jeremiah34@adventure-works.com,"$70,000 ",2,Partial College,Professional,Y
28038,MR.,PHILIP,GOMEZ,2/20/1948,M,M,philip0@adventure-works.com,"$70,000 ",2,Partial College,Professional,Y
28039,MR.,XAVIER,LEE,9/2/1948,S,M,xavier19@adventure-works.com,"$60,000 ",2,Bachelors,Management,N
28040,MR.,JACK,MITCHELL,2/22/1949,M,M,jack47@adventure-works.com,"$60,000 ",2,Partial College,Professional,N
28041,MRS.,REBECCA,WRIGHT,5/2/1949,S,F,rebecca21@adventure-works.com,"$60,000 ",2,Partial College,Professional,N
28042,MR.,JOSEPH,BROWN,4/15/1949,S,M,joseph10@adventure-works.com,"$60,000 ",2,Bachelors,Management,N
28043,MRS.,GABRIELLE,YOUNG,11/3/1949,M,F,gabrielle65@adventure-works.com,"$60,000 ",2,Bachelors,Management,Y
28044,MR.,JIMMY,NAVARRO,7/12/1949,S,M,jimmy13@adventure-works.com,"$60,000 ",2,Bachelors,Management,N
28045,MR.,ZACHARY,THOMAS,1/2/1950,M,M,zachary41@adventure-works.com,"$40,000 ",2,Partial High School,Skilled Manual,Y
28046,MRS.,MICHELLE,REED,5/16/1950,M,F,michelle20@adventure-works.com,"$40,000 ",2,Partial High School,Skilled Manual,Y
28047,MR.,JAY,SANCHEZ,12/20/1950,S,M,jay27@adventure-works.com,"$60,000 ",2,Partial College,Professional,N
28048,MR.,SAMUEL,POWELL,10/10/1950,M,M,samuel7@adventure-works.com,"$70,000 ",4,Partial College,Professional,Y
28049,MR.,XAVIER,WASHINGTON,10/25/1950,S,M,xavier53@adventure-works.com,"$70,000 ",4,Partial College,Professional,Y
28050,MR.,ISAIAH,EVANS,10/5/1950,M,M,isaiah22@adventure-works.com,"$80,000 ",3,Bachelors,Management,Y
28051,MR.,THOMAS,YOUNG,1/15/1951,S,M,thomas53@adventure-works.com,"$60,000 ",2,High School,Professional,N
28052,MR.,FRANKLIN,LI,8/23/1951,M,M,franklin3@adventure-works.com,"$60,000 ",2,High School,Professional,Y
28053,MR.,JARED,HOWARD,4/28/1951,M,M,jared13@adventure-works.com,"$60,000 ",2,Partial College,Professional,Y
28054,MRS.,CAROL,COX,11/8/1951,M,F,carol7@adventure-works.com,"$70,000 ",4,Partial College,Professional,Y
28055,MRS.,BROOKE,PETERSON,10/24/1952,S,F,brooke5@adventure-works.com,"$70,000 ",2,High School,Professional,Y
28056,MR.,ALEX,GRAY,11/12/1952,M,M,alex9@adventure-works.com,"$70,000 ",2,Partial High School,Skilled Manual,Y
28057,MRS.,RACHEL,ANDERSON,3/13/1952,M,F,rachel12@adventure-works.com,"$70,000 ",2,Partial High School,Skilled Manual,Y
28058,MRS.,JAIME,ALVAREZ,3/7/1952,S,F,jaime5@adventure-works.com,"$70,000 ",2,Partial High School,Skilled Manual,Y
28059,MR.,BRADLEY,SHEN,11/15/1953,S,M,bradley4@adventure-works.com,"$60,000 ",3,Partial High School,Skilled Manual,Y
28060,MR.,BLAKE,RODRIGUEZ,4/17/1966,M,M,blake20@adventure-works.com,"$60,000 ",0,Graduate Degree,Professional,Y
28061,MR.,KYLE,LOPEZ,1/9/1966,S,M,kyle49@adventure-works.com,"$70,000 ",4,Graduate Degree,Professional,N
28062,MR.,XAVIER,ROBERTS,3/14/1966,S,M,xavier36@adventure-works.com,"$70,000 ",4,Graduate Degree,Professional,Y
28063,MRS.,GABRIELLE,TURNER,12/12/1966,M,F,gabrielle49@adventure-works.com,"$70,000 ",4,Graduate Degree,Professional,Y
28064,MRS.,TAMARA,NATH,9/13/1966,S,F,tamara28@adventure-works.com,"$70,000 ",5,Graduate Degree,Professional,Y
28065,MRS.,CARRIE,GILL,1/4/1966,S,F,carrie12@adventure-works.com,"$70,000 ",5,Graduate Degree,Professional,N
28066,MR.,JUSTIN,TAYLOR,4/16/1969,M,M,justin40@adventure-works.com,"$80,000 ",2,Graduate Degree,Professional,Y
28067,MRS.,OLIVIA,BENNETT,12/12/1969,M,F,olivia48@adventure-works.com,"$80,000 ",3,Graduate Degree,Professional,Y
28068,MRS.,AMANDA,WOOD,10/13/1969,S,F,amanda23@adventure-works.com,"$80,000 ",3,Graduate Degree,Professional,N
28069,MR.,JACOB,JOHNSON,7/3/1972,S,M,jacob2@adventure-works.com,"$80,000 ",0,Bachelors,Management,N
28070,MR.,IAN,MORRIS,4/10/1968,S,M,ian85@adventure-works.com,"$80,000 ",0,Bachelors,Management,Y
28071,MR.,TREVOR,ROSS,7/13/1968,M,M,trevor3@adventure-works.com,"$80,000 ",0,Bachelors,Management,N
28072,MS.,ALYSSA,MORRIS,2/19/1968,M,F,alyssa26@adventure-works.com,"$80,000 ",0,Bachelors,Management,N
28073,MRS.,MACKENZIE,GREEN,4/13/1967,S,F,mackenzie35@adventure-works.com,"$100,000 ",1,Bachelors,Management,N
28074,MR.,JUSTIN,DAVIS,4/25/1967,M,M,justin36@adventure-works.com,"$100,000 ",1,Bachelors,Management,N
28075,MR.,EDWARD,JONES,2/14/1967,S,M,edward25@adventure-works.com,"$110,000 ",0,Graduate Degree,Management,N
28076,MR.,LOGAN,WILLIAMS,11/12/1967,S,M,logan51@adventure-works.com,"$110,000 ",0,Graduate Degree,Management,N
28077,MS.,SARAH,WILLIAMS,4/9/1967,S,F,sarah4@adventure-works.com,"$120,000 ",0,Bachelors,Management,Y
28078,MR.,JACK,YOUNG,9/13/1963,S,M,jack54@adventure-works.com,"$80,000 ",4,Bachelors,Management,Y
28079,MRS.,HALEY,PHILLIPS,3/6/1968,M,F,haley45@adventure-works.com,"$90,000 ",4,Partial College,Skilled Manual,Y
28080,MRS.,ISABELLA,PETERSON,9/25/1968,S,F,isabella4@adventure-works.com,"$90,000 ",4,Partial College,Skilled Manual,N
28081,MRS.,PAIGE,WATSON,9/10/1968,M,F,paige23@adventure-works.com,"$100,000 ",3,Bachelors,Management,Y
28082,MR.,NATHANIEL,PETERSON,8/1/1968,S,M,nathaniel6@adventure-works.com,"$100,000 ",3,Bachelors,Management,N
28083,MRS.,KAITLYN,FOSTER,8/17/1968,M,F,kaitlyn83@adventure-works.com,"$110,000 ",2,Graduate Degree,Management,Y
28084,MR.,CAMERON,MCDONALD,8/22/1968,S,M,cameron35@adventure-works.com,"$110,000 ",2,Graduate Degree,Management,N
28085,MR.,JEREMIAH,EVANS,7/16/1979,M,M,jeremiah22@adventure-works.com,"$40,000 ",0,High School,Skilled Manual,Y
28086,MS.,BRIDGET,ANAND,2/13/1979,S,F,bridget22@adventure-works.com,"$40,000 ",0,Partial College,Skilled Manual,Y
28087,MS.,MARIA,SIMMONS,4/14/1979,S,F,maria37@adventure-works.com,"$40,000 ",0,Partial College,Skilled Manual,N
28088,MR.,MARSHALL,LAL,4/28/1979,M,M,marshall30@adventure-works.com,"$40,000 ",0,Partial College,Skilled Manual,Y
28089,MR.,XAVIER,CAMPBELL,9/13/1979,M,M,xavier38@adventure-works.com,"$40,000 ",0,Partial College,Skilled Manual,N
28090,MR.,EDWARD,WALKER,4/5/1979,M,M,edward45@adventure-works.com,"$40,000 ",0,Partial College,Skilled Manual,Y
28091,MRS.,VALERIE,LIANG,6/25/1944,S,F,valerie18@adventure-works.com,"$20,000 ",3,High School,Skilled Manual,Y
28092,MS.,MORGAN,HALL,12/16/1978,S,F,morgan20@adventure-works.com,"$40,000 ",0,High School,Skilled Manual,N
28093,MR.,BRAD,KUMAR,2/26/1978,M,M,brad7@adventure-works.com,"$30,000 ",0,Partial College,Skilled Manual,N
28094,MS.,MELANIE,PETERSON,11/26/1978,M,F,melanie30@adventure-works.com,"$30,000 ",0,Partial College,Skilled Manual,Y
28095,MS.,NATALIE,BRYANT,2/11/1978,M,F,natalie40@adventure-works.com,"$30,000 ",0,Partial College,Skilled Manual,Y
28096,MS.,ALEXANDRA,STEWART,11/19/1978,M,F,alexandra1@adventure-works.com,"$60,000 ",0,Partial College,Skilled Manual,Y
28097,MS.,JENNIFER,BARNES,9/3/1978,S,F,jennifer78@adventure-works.com,"$60,000 ",0,Partial College,Skilled Manual,Y
28098,MR.,ROGER,ZHU,1/25/1947,M,M,roger19@adventure-works.com,"$30,000 ",2,Partial College,Clerical,N
28099,MR.,JESSE,TURNER,10/6/1978,M,M,jesse29@adventure-works.com,"$70,000 ",0,Partial College,Skilled Manual,Y
28100,MRS.,KIMBERLY,GRAY,8/25/1978,S,F,kimberly9@adventure-works.com,"$90,000 ",4,Partial College,Skilled Manual,N
28101,MR.,TIMOTHY,BELL,9/13/1977,S,M,timothy15@adventure-works.com,"$40,000 ",0,Bachelors,Professional,N
28102,MR.,ARTURO,DENG,6/4/1948,M,M,arturo25@adventure-works.com,"$20,000 ",4,High School,Skilled Manual,Y
28103,MR.,PEDRO,MARTIN,11/20/1948,S,M,pedro20@adventure-works.com,"$20,000 ",2,Partial High School,Clerical,Y
28104,MS.,HANNAH,WILLIAMS,8/21/1977,M,F,hannah3@adventure-works.com,"$60,000 ",0,Partial College,Skilled Manual,Y
28105,MS.,HANNAH,GARCIA,11/23/1977,M,F,hannah14@adventure-works.com,"$60,000 ",0,Partial College,Skilled Manual,N
28106,MS.,CHLOE,WILLIAMS,5/27/1977,M,F,chloe36@adventure-works.com,"$60,000 ",0,Partial College,Skilled Manual,Y
28107,MRS.,TARA,SIMPSON,3/25/1950,S,F,tara2@adventure-works.com,"$20,000 ",2,Partial High School,Clerical,Y
28108,MR.,ROGER,YANG,5/20/1950,S,M,roger9@adventure-works.com,"$20,000 ",2,Partial High School,Clerical,Y
28109,MR.,LEONARD,TANG,3/6/1950,S,M,leonard5@adventure-works.com,"$20,000 ",2,Partial High School,Clerical,N
28110,MRS.,CASSANDRA,SAI,5/7/1951,M,F,cassandra6@adventure-works.com,"$20,000 ",2,Partial High School,Clerical,Y
28111,MR.,JON,ZHANG,7/7/1951,M,M,jon19@adventure-works.com,"$20,000 ",2,Partial High School,Clerical,Y
28112,MS.,SAVANNAH,EVANS,7/22/1980,M,F,savannah21@adventure-works.com,"$30,000 ",0,Partial College,Skilled Manual,Y
28113,MRS.,AMANDA,POWELL,4/13/1952,S,F,amanda30@adventure-works.com,"$30,000 ",3,High School,Skilled Manual,Y
28114,MR.,JARED,COX,6/13/1953,S,M,jared12@adventure-works.com,"$40,000 ",2,Partial College,Skilled Manual,Y
28115,MRS.,DEANNA,JIMÉNEZ,3/7/1953,M,F,deanna31@adventure-works.com,"$40,000 ",2,Partial College,Skilled Manual,Y
28116,MRS.,SABRINA,DOMINGUEZ,2/5/1953,S,F,sabrina8@adventure-works.com,"$40,000 ",2,Partial College,Skilled Manual,Y
28117,,CRAIG,VAZQUEZ,8/15/1954,S,NA,craig14@adventure-works.com,"$40,000 ",3,Partial High School,Clerical,N
28118,MRS.,BRIANA,JIMÉNEZ,7/11/1955,M,F,briana5@adventure-works.com,"$80,000 ",2,Partial College,Skilled Manual,Y
28119,MR.,CURTIS,MA,4/10/1955,S,M,curtis12@adventure-works.com,"$80,000 ",2,Partial College,Skilled Manual,Y
28120,MR.,PEDRO,ALVAREZ,7/20/1955,S,M,pedro25@adventure-works.com,"$80,000 ",2,Partial College,Skilled Manual,Y
28121,MS.,JULIA,ROBINSON,2/15/1975,M,F,julia40@adventure-works.com,"$40,000 ",0,Partial College,Skilled Manual,Y
28122,MR.,GABRIEL,KING,6/8/1975,M,M,gabriel50@adventure-works.com,"$40,000 ",0,High School,Skilled Manual,N
28123,MS.,DAISY,ORTEGA,2/12/1975,S,F,daisy17@adventure-works.com,"$40,000 ",0,High School,Skilled Manual,Y
28124,MS.,MACKENZIE,KELLY,7/2/1975,M,F,mackenzie1@adventure-works.com,"$40,000 ",0,High School,Skilled Manual,Y
28125,MR.,DALTON,JACKSON,9/22/1975,M,M,dalton11@adventure-works.com,"$60,000 ",0,Partial College,Skilled Manual,Y
28126,MS.,ANNA,JOHNSON,1/12/1975,M,F,anna62@adventure-works.com,"$60,000 ",0,Partial College,Skilled Manual,Y
28127,MR.,FERNANDO,PRICE,6/18/1975,M,M,fernando44@adventure-works.com,"$60,000 ",0,Partial College,Skilled Manual,Y
28128,MR.,JEREMIAH,LEE,4/20/1974,M,M,jeremiah10@adventure-works.com,"$50,000 ",0,High School,Skilled Manual,Y
28129,MR.,JUSTIN,GRIFFIN,3/6/1974,S,M,justin18@adventure-works.com,"$50,000 ",0,High School,Skilled Manual,N
28130,MR.,JOSHUA,TAYLOR,2/2/1973,S,M,joshua10@adventure-works.com,"$60,000 ",0,Partial College,Skilled Manual,Y
28131,MR.,TODD,ZHU,4/9/1973,S,M,todd13@adventure-works.com,"$70,000 ",0,Partial College,Professional,N
28132,MR.,CLINTON,ROMERO,3/19/1956,S,M,clinton6@adventure-works.com,"$80,000 ",2,High School,Skilled Manual,N
28133,MR.,WILLIE,HUANG,12/1/1956,S,M,willie5@adventure-works.com,"$80,000 ",2,High School,Skilled Manual,Y
28135,MRS.,CARLA,MADAN,5/9/1957,S,F,carla10@adventure-works.com,"$70,000 ",2,High School,Skilled Manual,N
28136,MRS.,KELLI,RAJE,3/26/1957,M,F,kelli37@adventure-works.com,"$70,000 ",2,High School,Skilled Manual,Y
28137,MRS.,KRISTI,LOPEZ,9/27/1958,S,F,kristi34@adventure-works.com,"$100,000 ",1,Bachelors,Management,N
28138,MR.,MARVIN,RAMOS,11/13/1958,S,M,marvin18@adventure-works.com,"$100,000 ",1,Bachelors,Management,N
28139,MRS.,CARRIE,GUTIERREZ,7/16/1958,M,F,carrie10@adventure-works.com,"$100,000 ",1,Bachelors,Management,N
28140,MR.,GILBERT,KUMAR,1/4/1959,S,M,gilbert28@adventure-works.com,"$100,000 ",1,Bachelors,Management,Y
28141,MR.,JOSEPH,ROBINSON,3/16/1974,M,M,joseph25@adventure-works.com,"$50,000 ",0,High School,Professional,Y
28142,MR.,WILLIE,LIN,8/14/1974,S,M,willie6@adventure-works.com,"$50,000 ",0,High School,Professional,N
28143,MR.,SAMUEL,GONZALEZ,5/15/1974,S,M,samuel38@adventure-works.com,"$60,000 ",0,Partial College,Professional,Y
28144,MR.,NOAH,PHILLIPS,8/23/1974,S,M,noah33@adventure-works.com,"$60,000 ",0,Partial College,Professional,Y
28145,MR.,BRANDON,JONES,11/11/1974,S,M,brandon41@adventure-works.com,"$60,000 ",0,Partial College,Professional,N
28146,MR.,GAVIN,WASHINGTON,12/12/1966,S,M,gavin12@adventure-works.com,"$130,000 ",0,Graduate Degree,Management,N
28147,MR.,OMAR,BLACK,7/18/1964,S,M,omar41@adventure-works.com,"$60,000 ",4,Bachelors,Skilled Manual,N
28148,MR.,JON,ZHAO,2/19/1964,S,M,jon30@adventure-works.com,"$60,000 ",4,Bachelors,Skilled Manual,N
28149,MR.,WILLIAM,MILLER,8/11/1964,M,M,william22@adventure-works.com,"$60,000 ",4,Bachelors,Skilled Manual,Y
28150,MR.,CONNOR,CHEN,11/6/1964,S,M,connor20@adventure-works.com,"$60,000 ",4,Bachelors,Skilled Manual,N
28151,MS.,KATHERINE,WALKER,4/12/1963,S,F,katherine94@adventure-works.com,"$40,000 ",0,Bachelors,Professional,N
28152,MR.,IAN,RIVERA,3/1/1963,M,M,ian74@adventure-works.com,"$70,000 ",4,Bachelors,Professional,Y
28153,MRS.,MACKENZIE,TORRES,3/24/1963,S,F,mackenzie11@adventure-works.com,"$70,000 ",4,Bachelors,Professional,Y
28154,MS.,KATHERINE,PATTERSON,4/11/1968,S,F,katherine36@adventure-works.com,"$70,000 ",0,Bachelors,Professional,N
28155,MS.,TAYLOR,WATSON,8/24/1968,S,F,taylor21@adventure-works.com,"$70,000 ",0,Bachelors,Professional,Y
28156,MS.,GABRIELLE,HALL,6/11/1968,S,F,gabrielle64@adventure-works.com,"$70,000 ",0,Bachelors,Professional,N
28157,MR.,ELIJAH,EDWARDS,4/26/1963,M,M,elijah30@adventure-works.com,"$70,000 ",4,Bachelors,Professional,Y
28158,MR.,CLARENCE,LUO,3/6/1962,S,M,clarence20@adventure-works.com,"$70,000 ",1,Bachelors,Professional,Y
28159,MRS.,TAMARA,YANG,2/27/1962,M,F,tamara35@adventure-works.com,"$70,000 ",1,Bachelors,Professional,Y
28160,MRS.,MELANIE,REED,9/10/1962,S,F,melanie45@adventure-works.com,"$70,000 ",1,Bachelors,Professional,N
28161,MRS.,JESSICA,PERRY,3/14/1962,S,F,jessica32@adventure-works.com,"$60,000 ",1,Bachelors,Professional,N
28162,MR.,BRUCE,WARD,6/11/1962,M,M,bruce43@adventure-works.com,"$60,000 ",1,Partial College,Skilled Manual,Y
28163,MRS.,RACHEL,WASHINGTON,3/11/1962,M,F,rachel61@adventure-works.com,"$60,000 ",1,Partial College,Skilled Manual,Y
28164,MRS.,GABRIELLE,COLEMAN,10/21/1962,M,F,gabrielle28@adventure-works.com,"$60,000 ",1,Partial College,Skilled Manual,Y
28165,MRS.,ALEXA,RIVERA,9/9/1961,M,F,alexa15@adventure-works.com,"$40,000 ",4,High School,Skilled Manual,N
28166,MRS.,CASSIDY,COLEMAN,7/4/1961,M,F,cassidy6@adventure-works.com,"$40,000 ",4,High School,Skilled Manual,Y
28167,MR.,SAMUEL,HUGHES,2/19/1961,S,M,samuel10@adventure-works.com,"$60,000 ",1,Partial College,Skilled Manual,Y
28168,MRS.,JACQUELINE,WARD,10/10/1961,M,F,jacqueline36@adventure-works.com,"$60,000 ",1,Partial College,Skilled Manual,Y
28169,MR.,LUCAS,BLUE,3/18/1961,M,M,lucas85@adventure-works.com,"$60,000 ",1,Partial College,Skilled Manual,N
28170,MRS.,ISABELLA,JOHNSON,1/21/1961,M,F,isabella58@adventure-works.com,"$60,000 ",1,Partial College,Skilled Manual,Y
28171,MR.,AIDAN,HENDERSON,10/16/1961,M,M,aidan5@adventure-works.com,"$60,000 ",1,Partial College,Skilled Manual,Y
28172,MR.,CHARLES,MOORE,11/27/1961,M,M,charles11@adventure-works.com,"$60,000 ",1,Partial College,Skilled Manual,Y
28173,MR.,TIMOTHY,YOUNG,2/1/1960,S,M,timothy42@adventure-works.com,"$40,000 ",4,High School,Skilled Manual,Y
28174,MR.,MARCO,SUBRAM,4/24/1960,M,M,marco13@adventure-works.com,"$40,000 ",4,High School,Skilled Manual,Y
28175,MR.,CLIFFORD,SUBRAM,7/1/1960,M,M,clifford11@adventure-works.com,"$40,000 ",4,High School,Skilled Manual,Y
28176,MS.,NATALIE,ROBERTS,7/4/1967,S,F,natalie47@adventure-works.com,"$60,000 ",0,Partial College,Skilled Manual,N
28177,MR.,CAMERON,HENDERSON,8/18/1967,S,M,cameron0@adventure-works.com,"$60,000 ",0,Partial College,Skilled Manual,N
28178,MS.,KATHERINE,JAMES,4/27/1967,S,F,katherine20@adventure-works.com,"$60,000 ",0,Partial College,Skilled Manual,N
28179,MR.,BILLY,ALVAREZ,10/28/1967,S,M,billy6@adventure-works.com,"$60,000 ",0,Partial College,Skilled Manual,N
28180,MR.,JERRY,CHANDER,8/4/1967,S,M,jerry17@adventure-works.com,"$60,000 ",0,Partial College,Skilled Manual,N
28181,MRS.,KATHERINE,RODRIGUEZ,3/6/1960,M,F,katherine91@adventure-works.com,"$60,000 ",1,Partial College,Skilled Manual,Y
28182,MR.,FERNANDO,TURNER,9/5/1960,M,M,fernando38@adventure-works.com,"$60,000 ",1,Partial College,Skilled Manual,Y
28183,MRS.,NICOLE,HOWARD,7/4/1960,M,F,nicole38@adventure-works.com,"$60,000 ",1,Partial College,Skilled Manual,Y
28184,MRS.,MADISON,RUSSELL,6/10/1960,M,F,madison32@adventure-works.com,"$60,000 ",1,Partial College,Skilled Manual,Y
28185,MR.,ERIC,ALEXANDER,4/19/1960,M,M,eric26@adventure-works.com,"$60,000 ",1,Partial College,Skilled Manual,Y
28186,MRS.,JENNY,WAGNER,2/6/1960,M,F,jenny3@adventure-works.com,"$60,000 ",1,Partial College,Skilled Manual,Y
28187,MR.,AARON,CHEN,11/13/1959,M,M,aaron25@adventure-works.com,"$60,000 ",4,Bachelors,Professional,Y
28188,MRS.,KAYLA,PRICE,4/16/1959,S,F,kayla24@adventure-works.com,"$60,000 ",4,Bachelors,Professional,Y
28189,MR.,JAMES,GRIFFIN,10/26/1959,S,M,james36@adventure-works.com,"$70,000 ",2,Graduate Degree,Professional,N
28190,MRS.,KIMBERLY,COOK,5/21/1959,S,F,kimberly22@adventure-works.com,"$70,000 ",2,Graduate Degree,Professional,Y
28191,MRS.,MYA,LONG,6/19/1959,S,F,mya11@adventure-works.com,"$70,000 ",2,Graduate Degree,Professional,Y
28192,MRS.,ABIGAIL,SANCHEZ,9/22/1959,M,F,abigail3@adventure-works.com,"$70,000 ",5,Graduate Degree,Professional,Y
28193,MRS.,TAYLOR,DAVIS,4/19/1959,S,F,taylor52@adventure-works.com,"$70,000 ",5,Graduate Degree,Professional,Y
28194,MRS.,LYDIA,GARCIA,2/15/1959,S,F,lydia13@adventure-works.com,"$80,000 ",1,Graduate Degree,Professional,N
28195,MRS.,KELLIE,MARTIN,7/3/1959,S,F,kellie0@adventure-works.com,"$80,000 ",3,Graduate Degree,Professional,N
28196,MR.,TIMOTHY,COX,5/18/1958,M,M,timothy11@adventure-works.com,"$80,000 ",1,Partial College,Skilled Manual,Y
28197,MRS.,KAYLA,RODRIGUEZ,10/6/1958,S,F,kayla19@adventure-works.com,"$60,000 ",1,Bachelors,Professional,Y
28198,MR.,JARED,MOYER,2/10/1958,M,M,jared16@adventure-works.com,"$60,000 ",1,Bachelors,Professional,N
28199,MRS.,ALYSSA,JONES,5/10/1958,S,F,alyssa2@adventure-works.com,"$60,000 ",1,Bachelors,Professional,N
28200,MRS.,MORGAN,HENDERSON,3/10/1958,M,F,morgan74@adventure-works.com,"$60,000 ",1,Bachelors,Professional,Y
28201,MR.,TYLER,MARTINEZ,9/25/1969,M,M,tyler15@adventure-works.com,"$80,000 ",4,Graduate Degree,Management,Y
28202,MRS.,MARIA,KING,3/15/1969,S,F,maria60@adventure-works.com,"$80,000 ",4,Graduate Degree,Management,Y
28203,MR.,VICTOR,GOMEZ,6/28/1969,M,M,victor2@adventure-works.com,"$90,000 ",1,Graduate Degree,Management,Y
28204,MR.,PETER,XU,10/2/1969,M,M,peter12@adventure-works.com,"$100,000 ",1,Graduate Degree,Management,Y
28205,MRS.,CAROLYN,MEHTA,3/3/1968,M,F,carolyn13@adventure-works.com,"$60,000 ",2,Bachelors,Professional,N
28206,MRS.,ANGELICA,LONG,7/22/1970,S,F,angelica9@adventure-works.com,"$80,000 ",4,Graduate Degree,Management,Y
28207,MR.,LARRY,MORENO,5/11/1970,M,M,larry8@adventure-works.com,"$80,000 ",4,Graduate Degree,Management,Y
28208,MRS.,KAREN,SUN,7/22/1970,S,F,karen23@adventure-works.com,"$90,000 ",2,Bachelors,Professional,Y
28209,MRS.,KRISTA,CARLSON,11/8/1968,M,F,krista17@adventure-works.com,"$60,000 ",2,Bachelors,Professional,Y
28210,MRS.,MEGHAN,ALAN,6/2/1968,M,F,meghan4@adventure-works.com,"$60,000 ",2,Bachelors,Professional,Y
28211,MR.,RANDALL,SUAREZ,10/24/1968,M,M,randall21@adventure-works.com,"$60,000 ",2,Bachelors,Professional,Y
28212,MRS.,MELODY,HERNANDEZ,4/5/1968,M,F,melody4@adventure-works.com,"$60,000 ",2,Bachelors,Professional,Y
28213,MR.,JARED,MORGAN,3/12/1968,M,M,jared14@adventure-works.com,"$70,000 ",5,Bachelors,Professional,N
28214,MRS.,HAILEY,KING,3/12/1968,M,F,hailey59@adventure-works.com,"$70,000 ",5,Bachelors,Professional,Y
28215,MRS.,PRISCILLA,SHEN,11/11/1967,S,F,priscilla2@adventure-works.com,"$60,000 ",2,Bachelors,Professional,N
28216,MRS.,ADRIENNE,RAMOS,1/24/1967,M,F,adrienne14@adventure-works.com,"$70,000 ",5,Bachelors,Professional,N
28217,MRS.,KRISTY,CARLSON,10/14/1969,S,F,kristy16@adventure-works.com,"$110,000 ",1,Graduate Degree,Management,Y
28218,MRS.,DENISE,ARUN,7/4/1967,M,F,denise8@adventure-works.com,"$70,000 ",5,Bachelors,Professional,Y
28219,MR.,CHAD,GOEL,4/19/1967,S,M,chad20@adventure-works.com,"$80,000 ",5,Graduate Degree,Management,Y
28220,MRS.,KELSEY,XU,9/20/1966,S,F,kelsey4@adventure-works.com,"$80,000 ",5,Bachelors,Professional,N
28221,MRS.,ISABELLA,RODRIGUEZ,11/13/1957,M,F,isabella76@adventure-works.com,"$60,000 ",2,High School,Professional,Y
28222,MR.,EDUARDO,LEWIS,1/5/1957,S,M,eduardo20@adventure-works.com,"$60,000 ",2,High School,Professional,N
28223,MRS.,JESSICA,DAVIS,7/7/1957,S,F,jessica52@adventure-works.com,"$60,000 ",2,High School,Professional,Y
28224,MR.,SPENCER,HENDERSON,2/3/1957,S,M,spencer6@adventure-works.com,"$90,000 ",2,Partial College,Professional,N
28225,MR.,ROBERT,ROSS,9/13/1957,M,M,robert17@adventure-works.com,"$90,000 ",2,Partial College,Professional,Y
28226,MR.,SEBASTIAN,RAMIREZ,5/23/1956,M,M,sebastian8@adventure-works.com,"$80,000 ",2,Partial High School,Skilled Manual,Y
28227,MR.,CALEB,WANG,9/14/1956,S,M,caleb21@adventure-works.com,"$80,000 ",2,Partial High School,Skilled Manual,N
28228,MRS.,GLORIA,REED,2/7/1956,S,F,gloria23@adventure-works.com,"$80,000 ",2,Partial High School,Skilled Manual,N
28229,MRS.,SAMANTHA,WILSON,9/17/1956,S,F,samantha8@adventure-works.com,"$80,000 ",2,Partial High School,Skilled Manual,N
28230,MRS.,STEPHANIE,MORGAN,9/27/1956,S,F,stephanie9@adventure-works.com,"$80,000 ",2,Partial High School,Skilled Manual,Y
28231,MR.,JAMES,POWELL,8/19/1956,S,M,james24@adventure-works.com,"$80,000 ",2,Partial High School,Skilled Manual,Y
28232,MR.,GAVIN,RUSSELL,2/23/1965,S,M,gavin18@adventure-works.com,"$90,000 ",4,Partial College,Professional,N
28233,MR.,PATRICK,RICHARDSON,2/22/1965,S,M,patrick14@adventure-works.com,"$100,000 ",4,Partial College,Professional,N
28234,MR.,JACK,NELSON,2/13/1965,M,M,jack45@adventure-works.com,"$100,000 ",4,Partial College,Professional,Y
28235,MR.,COLE,ROGERS,2/11/1965,S,M,cole20@adventure-works.com,"$120,000 ",2,Bachelors,Management,N
28236,MRS.,ISABEL,DIAZ,7/13/1965,S,F,isabel20@adventure-works.com,"$120,000 ",2,Bachelors,Management,N
28237,MRS.,HAILEY,FOSTER,6/12/1965,M,F,hailey36@adventure-works.com,"$120,000 ",3,Bachelors,Management,Y
28238,MR.,DALTON,FLORES,7/7/1965,S,M,dalton58@adventure-works.com,"$120,000 ",3,Bachelors,Management,N
28239,MR.,RICHARD,RAMIREZ,4/23/1964,S,M,richard88@adventure-works.com,"$80,000 ",4,Partial College,Professional,N
28240,MR.,EDUARDO,CLARK,7/14/1964,M,M,eduardo18@adventure-works.com,"$90,000 ",0,Partial College,Professional,N
28241,MR.,CHARLES,KING,6/3/1964,M,M,charles31@adventure-works.com,"$100,000 ",5,Partial College,Professional,Y
28242,MRS.,MADISON,BUTLER,7/3/1964,M,F,madison26@adventure-works.com,"$120,000 ",4,Partial College,Professional,Y
28243,MR.,MARCUS,COOK,10/17/1964,S,M,marcus88@adventure-works.com,"$130,000 ",2,Bachelors,Management,N
28244,MRS.,SAMANTHA,DAVIS,5/17/1964,M,F,samantha6@adventure-works.com,"$160,000 ",1,Bachelors,Management,Y
28246,MRS.,ALEXA,GRAY,10/11/1956,S,F,alexa5@adventure-works.com,"$80,000 ",3,Partial College,Professional,N
28247,MR.,JONATHAN,ADAMS,9/22/1956,S,M,jonathan46@adventure-works.com,"$90,000 ",2,Partial College,Professional,Y
28248,MR.,ERIC,SCOTT,5/16/1963,S,M,eric55@adventure-works.com,"$80,000 ",4,Partial College,Professional,N
28249,MS.,JULIA,CARTER,3/2/1963,M,F,julia8@adventure-works.com,"$90,000 ",0,Partial College,Professional,Y
28250,MR.,TYRONE,DOMINGUEZ,5/18/1963,M,M,tyrone11@adventure-works.com,"$100,000 ",0,Partial College,Professional,Y
28251,MR.,JOE,RUBIO,1/18/1963,M,M,joe44@adventure-works.com,"$100,000 ",0,Partial College,Professional,Y
28252,MRS.,SYDNEY,MURPHY,11/13/1963,M,F,sydney8@adventure-works.com,"$130,000 ",3,Bachelors,Management,Y
28253,MR.,JEREMIAH,GREEN,5/11/1963,S,M,jeremiah18@adventure-works.com,"$160,000 ",1,Bachelors,Management,N
28254,MRS.,JACQUELINE,BROOKS,8/15/1962,S,F,jacqueline25@adventure-works.com,"$80,000 ",5,Partial College,Professional,N
28255,MR.,ROBERT,CLARK,7/22/1962,S,M,robert79@adventure-works.com,"$90,000 ",5,Partial College,Professional,Y
28256,MR.,COLIN,BECK,10/18/1962,M,M,colin43@adventure-works.com,"$90,000 ",5,Partial College,Professional,Y
28257,MR.,ZACHARY,MARTIN,4/18/1962,S,M,zachary45@adventure-works.com,"$100,000 ",1,Partial College,Professional,Y
28258,MRS.,DESTINY,BRYANT,9/9/1962,S,F,destiny65@adventure-works.com,"$130,000 ",1,Bachelors,Management,N
28259,MR.,SAMUEL,MITCHELL,12/3/1962,M,M,samuel41@adventure-works.com,"$160,000 ",1,Bachelors,Management,Y
28260,MR.,HUNTER,ROBERTS,8/22/1961,S,M,hunter33@adventure-works.com,"$70,000 ",5,Partial College,Professional,N
28261,MRS.,STEPHANIE,GRIFFIN,7/22/1961,M,F,stephanie48@adventure-works.com,"$80,000 ",5,Partial College,Professional,Y
28262,MRS.,DESTINY,DIAZ,7/7/1961,M,F,destiny68@adventure-works.com,"$80,000 ",5,Partial College,Professional,Y
28263,MR.,JONATHAN,LEE,5/7/1961,M,M,jonathan76@adventure-works.com,"$80,000 ",5,Partial College,Professional,Y
28264,MRS.,NICOLE,DIAZ,9/27/1961,S,F,nicole71@adventure-works.com,"$90,000 ",4,Partial College,Professional,N
28265,MR.,SHIRLEEN,TRAVERS,8/25/1961,S,M,shirleen0@adventure-works.com,"$90,000 ",4,High School,Professional,Y
28266,,WYATT,FLORES,3/23/1961,S,NA,wyatt62@adventure-works.com,"$90,000 ",4,High School,Professional,N
28267,MRS.,JORDAN,YOUNG,3/12/1961,M,F,jordan46@adventure-works.com,"$110,000 ",1,Partial College,Professional,Y
28269,MRS.,ALEXANDRA,GREEN,2/23/1961,S,F,alexandra56@adventure-works.com,"$130,000 ",1,Bachelors,Management,N
28270,MR.,SAMUEL,LONG,3/26/1955,S,M,samuel8@adventure-works.com,"$60,000 ",2,High School,Professional,Y
28271,MR.,SEAN,GONZALEZ,6/4/1955,S,M,sean40@adventure-works.com,"$60,000 ",2,High School,Professional,Y
28272,MR.,HUNTER,JAI,10/16/1955,M,M,hunter27@adventure-works.com,"$70,000 ",4,High School,Professional,Y
28273,MRS.,MADELINE,MITCHELL,8/14/1955,M,F,madeline11@adventure-works.com,"$90,000 ",2,High School,Professional,Y
28275,MR.,IAN,HOWARD,6/17/1954,S,M,ian78@adventure-works.com,"$70,000 ",2,Partial High School,Skilled Manual,N
28276,,CHRISTY,DENG,11/25/1935,M,NA,christy21@adventure-works.com,"$40,000 ",3,Partial College,Professional,Y
28277,MRS.,KATRINA,DENG,2/2/1935,S,F,katrina0@adventure-works.com,"$40,000 ",3,Partial College,Professional,Y
28278,MR.,JAIME,BECKER,7/21/1935,M,M,jaime43@adventure-works.com,"$50,000 ",2,Graduate Degree,Management,Y
28279,MR.,SPENCER,SIMMONS,11/23/1935,M,M,spencer17@adventure-works.com,"$50,000 ",2,Graduate Degree,Management,Y
28280,MR.,TRISTAN,POWELL,2/22/1935,S,M,tristan9@adventure-works.com,"$50,000 ",2,Graduate Degree,Management,Y
28281,MR.,JUAN,COX,12/26/1935,M,M,juan20@adventure-works.com,"$70,000 ",4,Graduate Degree,Management,Y
28282,MRS.,CINDY,FOSTER,7/21/1936,S,F,cindy27@adventure-works.com,"$50,000 ",2,Graduate Degree,Management,Y
28283,MRS.,RACHEL,LONG,1/11/1960,S,F,rachel57@adventure-works.com,"$80,000 ",5,Partial College,Professional,N
28284,MRS.,BAILEY,KELLY,3/5/1960,S,F,bailey1@adventure-works.com,"$80,000 ",5,Partial College,Professional,Y
28285,MRS.,SAVANNAH,KING,2/27/1960,M,F,savannah42@adventure-works.com,"$100,000 ",3,Partial College,Professional,Y
28287,MRS.,LAUREN,BENNETT,5/16/1960,M,F,lauren48@adventure-works.com,"$110,000 ",3,Partial College,Professional,Y
28288,MR.,MARCO,SRINI,9/1/1960,S,M,marco9@adventure-works.com,"$110,000 ",3,Partial College,Professional,Y
28289,MR.,JACK,GONZALES,9/20/1960,S,M,jack17@adventure-works.com,"$160,000 ",1,Partial College,Professional,N
28290,MR.,IAN,BROOKS,4/15/1954,S,M,ian66@adventure-works.com,"$70,000 ",2,Partial High School,Skilled Manual,N
28291,MR.,DAVID,MILLER,4/21/1954,S,M,david64@adventure-works.com,"$70,000 ",3,Partial High School,Skilled Manual,N
28292,MRS.,ALEXANDRA,SMITH,11/7/1954,S,F,alexandra92@adventure-works.com,"$70,000 ",3,Partial High School,Skilled Manual,Y
28293,MRS.,SHELBY,COX,2/15/1954,S,F,shelby11@adventure-works.com,"$60,000 ",2,Partial High School,Skilled Manual,N
28294,MRS.,ALEXIS,JENKINS,8/4/1954,S,F,alexis29@adventure-works.com,"$60,000 ",2,Partial High School,Skilled Manual,Y
28295,MR.,WYATT,COLLINS,2/21/1954,M,M,wyatt48@adventure-works.com,"$60,000 ",2,Partial High School,Skilled Manual,N
28296,MR.,THOMAS,BUTLER,9/16/1953,S,M,thomas16@adventure-works.com,"$70,000 ",3,Graduate Degree,Management,N
28297,MRS.,GABRIELLE,EDWARDS,3/23/1953,S,F,gabrielle46@adventure-works.com,"$70,000 ",3,Graduate Degree,Management,N
28298,MRS.,MARIA,EDWARDS,8/22/1953,M,F,maria45@adventure-works.com,"$70,000 ",3,Graduate Degree,Management,Y
28299,MR.,JONATHAN,SHAN,6/28/1951,S,M,jonathan28@adventure-works.com,"$40,000 ",3,Partial College,Professional,N
28300,MRS.,ABIGAIL,BENNETT,11/23/1949,S,F,abigail26@adventure-works.com,"$30,000 ",4,High School,Professional,Y
28301,MRS.,JASMINE,LONG,8/27/1949,S,F,jasmine49@adventure-works.com,"$30,000 ",4,High School,Professional,N
28302,MRS.,CAROLINE,HUGHES,2/20/1949,M,F,caroline12@adventure-works.com,"$30,000 ",4,High School,Professional,Y
28303,MR.,JUSTIN,LEWIS,11/27/1964,S,M,justin49@adventure-works.com,"$60,000 ",3,Bachelors,Professional,Y
28304,MRS.,COLLEEN,ZENG,2/16/1964,M,F,colleen23@adventure-works.com,"$60,000 ",4,Bachelors,Professional,Y
28305,MRS.,PATRICIA,LOPEZ,8/7/1964,S,F,patricia19@adventure-works.com,"$60,000 ",4,Bachelors,Professional,Y
28306,MRS.,ELIZABETH,POWELL,6/1/1963,M,F,elizabeth38@adventure-works.com,"$60,000 ",5,Bachelors,Professional,Y
28307,MRS.,MORGAN,GRAY,2/23/1963,M,F,morgan63@adventure-works.com,"$60,000 ",3,Bachelors,Professional,Y
28308,MR.,HECTOR,SERRANO,10/7/1963,S,M,hector14@adventure-works.com,"$60,000 ",3,Bachelors,Professional,Y
28309,MRS.,JULIE,LAL,4/7/1967,M,F,julie13@adventure-works.com,"$90,000 ",2,Bachelors,Professional,N
28310,MR.,ROSS,SANCHEZ,5/24/1967,M,M,ross19@adventure-works.com,"$90,000 ",4,Bachelors,Professional,N
28311,MR.,TERRY,RAJE,2/8/1967,S,M,terry16@adventure-works.com,"$100,000 ",0,Graduate Degree,Management,Y
28312,MRS.,JOY,JIMENEZ,12/25/1962,S,F,joy6@adventure-works.com,"$60,000 ",1,Partial College,Skilled Manual,N
28313,MR.,BRETT,PEREZ,3/15/1962,S,M,brett21@adventure-works.com,"$60,000 ",1,Bachelors,Professional,Y
28314,MR.,DWAYNE,ROMERO,10/27/1962,S,M,dwayne8@adventure-works.com,"$60,000 ",1,Bachelors,Professional,Y
28315,MRS.,STACY,ALONSO,10/5/1962,S,F,stacy9@adventure-works.com,"$60,000 ",1,Bachelors,Professional,N
28316,MRS.,JAIME,MARTIN,6/11/1962,M,F,jaime1@adventure-works.com,"$60,000 ",1,Bachelors,Professional,N
28317,MR.,IVAN,WEBER,11/2/1961,M,M,ivan2@adventure-works.com,"$60,000 ",1,Partial College,Skilled Manual,N
28318,MRS.,GRACE,LEE,7/9/1961,M,F,grace21@adventure-works.com,"$60,000 ",1,Bachelors,Professional,N
28319,MRS.,ASHLEE,SHE,5/15/1960,S,F,ashlee7@adventure-works.com,"$60,000 ",1,Partial College,Skilled Manual,N
28320,MRS.,JANET,NAVARRO,11/19/1960,S,F,janet15@adventure-works.com,"$60,000 ",1,Partial College,Skilled Manual,Y
28321,MR.,ARTURO,WU,5/10/1960,M,M,arturo7@adventure-works.com,"$60,000 ",1,Partial College,Skilled Manual,N
28322,MR.,WILLIE,CHEN,1/23/1964,S,M,willie3@adventure-works.com,"$70,000 ",0,Bachelors,Professional,N
28323,MR.,NATHAN,MOORE,6/2/1963,S,M,nathan66@adventure-works.com,"$70,000 ",0,Bachelors,Professional,N
28324,MR.,JÉSUS,MARTIN,10/5/1962,M,M,jésus1@adventure-works.com,"$60,000 ",1,Partial College,Skilled Manual,Y
28325,MR.,DREW,LAL,7/15/1961,S,M,drew9@adventure-works.com,"$60,000 ",1,Partial College,Skilled Manual,N
28326,MRS.,CARLA,LOPEZ,11/5/1958,S,F,carla19@adventure-works.com,"$90,000 ",2,Bachelors,Professional,Y
28327,MRS.,TABITHA,SERRANO,12/17/1957,S,F,tabitha37@adventure-works.com,"$70,000 ",1,Partial College,Skilled Manual,N
28328,MR.,KYLE,GREEN,4/22/1956,M,M,kyle42@adventure-works.com,"$80,000 ",2,Partial College,Skilled Manual,Y
28329,MR.,MARCUS,WASHINGTON,11/6/1953,S,M,marcus63@adventure-works.com,"$30,000 ",2,Partial College,Clerical,Y
28330,MR.,CHARLES,BAILEY,4/2/1976,M,M,charles64@adventure-works.com,"$30,000 ",0,High School,Skilled Manual,Y
28331,MS.,COLLEEN,BECK,8/5/1976,M,F,colleen43@adventure-works.com,"$30,000 ",0,High School,Skilled Manual,N
28332,MR.,RYAN,WASHINGTON,6/6/1976,M,M,ryan16@adventure-works.com,"$40,000 ",0,High School,Skilled Manual,Y
28333,MS.,JAIME,JIMENEZ,6/12/1980,M,F,jaime6@adventure-works.com,"$30,000 ",0,High School,Skilled Manual,N
28334,MS.,MARCO,TANARA,11/17/1980,S,F,marco21@adventure-works.com,"$30,000 ",0,High School,Skilled Manual,Y
28335,MS.,REBEKAH,SRINI,9/22/1980,M,F,rebekah8@adventure-works.com,"$30,000 ",0,High School,Skilled Manual,N
28336,MR.,EDWARD,MARTIN,3/8/1980,M,M,edward37@adventure-works.com,"$40,000 ",0,High School,Skilled Manual,Y
28337,MS.,MELISSA,BENNETT,11/15/1980,M,F,melissa20@adventure-works.com,"$40,000 ",0,High School,Skilled Manual,Y
28338,MRS.,KRISTI,VANCE,3/5/1937,M,F,kristi20@adventure-works.com,"$30,000 ",2,Partial College,Clerical,N
28339,MR.,SEAN,EDWARDS,7/22/1978,S,M,sean32@adventure-works.com,"$40,000 ",0,High School,Skilled Manual,N
28340,MR.,LUCAS,BUTLER,10/6/1978,S,M,lucas62@adventure-works.com,"$40,000 ",0,High School,Skilled Manual,N
28341,MR.,JEREMY,WILSON,9/3/1978,S,M,jeremy1@adventure-works.com,"$40,000 ",0,High School,Skilled Manual,Y
28342,MS.,BRIANNA,MURPHY,1/15/1978,M,F,brianna32@adventure-works.com,"$40,000 ",0,High School,Skilled Manual,Y
28343,MS.,SHELBY,MORGAN,12/7/1977,S,F,shelby22@adventure-works.com,"$30,000 ",0,Partial High School,Clerical,N
28344,MR.,ALVIN,ZHU,10/23/1977,S,M,alvin14@adventure-works.com,"$30,000 ",0,Partial High School,Clerical,N
28345,,DIANA,SERRANO,12/24/1977,M,NA,diana15@adventure-works.com,"$40,000 ",0,High School,Skilled Manual,Y
28346,MR.,EDUARDO,RUSSELL,6/4/1979,S,M,eduardo63@adventure-works.com,"$30,000 ",0,Partial High School,Clerical,N
28347,MS.,LATOYA,ANAND,9/11/1979,S,F,latoya21@adventure-works.com,"$40,000 ",0,High School,Skilled Manual,N
28348,MRS.,NICHOLE,JAI,4/5/1939,S,F,nichole11@adventure-works.com,"$40,000 ",2,Bachelors,Management,Y
28349,MRS.,KRISTI,VAZQUEZ,2/21/1939,S,F,kristi10@adventure-works.com,"$40,000 ",2,Bachelors,Management,N
28350,MRS.,ALISHA,HOLT,3/23/1939,S,F,alisha35@adventure-works.com,"$60,000 ",2,Graduate Degree,Management,N
28351,MR.,DONALD,RODRIGUEZ,7/13/1940,M,M,donald21@adventure-works.com,"$40,000 ",2,Bachelors,Management,Y
28352,MRS.,MEGHAN,SANZ,6/9/1943,S,F,meghan19@adventure-works.com,"$40,000 ",2,Bachelors,Management,N
28353,MRS.,SUMMER,KAPOOR,1/14/1943,S,F,summer1@adventure-works.com,"$40,000 ",2,Bachelors,Management,N
28354,MR.,IAN,WILSON,6/22/1965,S,M,ian8@adventure-works.com,"$40,000 ",0,Bachelors,Professional,N
28355,MR.,CARLOS,JAMES,9/14/1965,S,M,carlos9@adventure-works.com,"$40,000 ",0,Bachelors,Professional,Y
28356,MR.,BLAKE,GONZALEZ,3/1/1965,M,M,blake35@adventure-works.com,"$50,000 ",3,Bachelors,Skilled Manual,Y
28357,MRS.,DANIELLE,HOWARD,2/10/1965,S,F,danielle13@adventure-works.com,"$50,000 ",3,Bachelors,Skilled Manual,N
28358,MR.,AUSTIN,POWELL,6/2/1965,M,M,austin4@adventure-works.com,"$50,000 ",3,Bachelors,Skilled Manual,Y
28359,MRS.,MADISON,ANDERSON,7/18/1965,M,F,madison10@adventure-works.com,"$50,000 ",3,Bachelors,Skilled Manual,Y
28360,MR.,ISAIAH,ADAMS,7/3/1965,M,M,isaiah38@adventure-works.com,"$50,000 ",4,Bachelors,Skilled Manual,Y
28361,MS.,KAYLA,WILSON,9/26/1965,M,F,kayla7@adventure-works.com,"$60,000 ",0,Graduate Degree,Professional,N
28362,MS.,KAYLEE,SANCHEZ,5/13/1965,S,F,kaylee24@adventure-works.com,"$60,000 ",0,Graduate Degree,Professional,N
28363,MS.,SAVANNAH,TRAVERS,2/19/1965,S,F,savannah12@adventure-works.com,"$60,000 ",0,Graduate Degree,Professional,N
28364,MS.,ALISON,NARA,9/2/1968,M,F,alison17@adventure-works.com,"$40,000 ",0,Graduate Degree,Clerical,Y
28365,MS.,STACEY,ZHAO,11/6/1968,M,F,stacey11@adventure-works.com,"$40,000 ",0,Graduate Degree,Clerical,Y
28366,MR.,DALTON,RIVERA,5/14/1967,S,M,dalton78@adventure-works.com,"$10,000 ",3,High School,Manual,Y
28367,MR.,JEROME,JOHNSEN,3/11/1967,S,M,jerome5@adventure-works.com,"$20,000 ",1,Partial College,Manual,N
28368,MR.,FERNANDO,BUTLER,4/20/1967,S,M,fernando57@adventure-works.com,"$20,000 ",1,Partial College,Manual,N
28369,MRS.,CAROLYN,MORENO,11/9/1967,S,F,carolyn27@adventure-works.com,"$20,000 ",1,High School,Manual,Y
28370,MR.,EDDIE,GUTIERREZ,5/10/1967,S,M,eddie11@adventure-works.com,"$30,000 ",1,Bachelors,Clerical,N
28371,MRS.,MANDY,LIANG,5/14/1967,S,F,mandy18@adventure-works.com,"$30,000 ",1,Bachelors,Clerical,N
28372,MR.,VINCENT,HU,11/14/1967,S,M,vincent20@adventure-works.com,"$30,000 ",1,Bachelors,Clerical,N
28373,MR.,SHANE,LOPEZ,9/25/1966,S,M,shane19@adventure-works.com,"$10,000 ",4,Partial High School,Manual,N
28374,MR.,RUBEN,VANCE,2/15/1966,M,M,ruben4@adventure-works.com,"$10,000 ",4,Partial High School,Manual,Y
28375,MRS.,KATHLEEN,DIAZ,11/11/1966,S,F,kathleen4@adventure-works.com,"$20,000 ",1,High School,Manual,N
28376,MR.,EUGENE,CHEN,10/8/1967,S,M,eugene6@adventure-works.com,"$40,000 ",0,Bachelors,Clerical,N
28377,MR.,WALTER,ORTEGA,7/4/1967,M,M,walter15@adventure-works.com,"$40,000 ",0,Bachelors,Clerical,N
28378,MRS.,SARA,SANCHEZ,9/6/1966,S,F,sara29@adventure-works.com,"$20,000 ",2,High School,Manual,N
28380,MRS.,LINDSAY,GOEL,2/4/1965,S,F,lindsay19@adventure-works.com,"$10,000 ",5,Partial High School,Manual,N
28381,MR.,CEDRIC,TANG,4/24/1965,S,M,cedric26@adventure-works.com,"$20,000 ",2,High School,Manual,N
28382,MR.,ROBERTO,ORTEGA,10/3/1965,M,M,roberto20@adventure-works.com,"$20,000 ",2,High School,Manual,Y
28383,MRS.,LACEY,ZHOU,11/27/1965,S,F,lacey21@adventure-works.com,"$20,000 ",2,High School,Manual,Y
28384,MRS.,TAMARA,XIE,4/5/1965,M,F,tamara14@adventure-works.com,"$30,000 ",1,Bachelors,Skilled Manual,Y
28385,MRS.,CASSIE,DENG,3/19/1965,M,F,cassie1@adventure-works.com,"$30,000 ",1,Bachelors,Skilled Manual,Y
28386,MR.,SERGIO,SUBRAM,3/20/1964,M,M,sergio13@adventure-works.com,"$10,000 ",5,Partial High School,Manual,Y
28387,MR.,ROBERTO,ALVAREZ,3/9/1964,M,M,roberto4@adventure-works.com,"$10,000 ",5,Partial High School,Manual,Y
28388,MRS.,SHEILA,ROWE,10/2/1964,S,F,sheila19@adventure-works.com,"$10,000 ",3,Partial High School,Manual,Y
28389,MRS.,RACHAEL,MARTINEZ,12/18/1964,S,F,rachael16@adventure-works.com,"$20,000 ",3,High School,Manual,N
28390,MR.,FREDERICK,SURI,4/2/1964,S,M,frederick0@adventure-works.com,"$20,000 ",3,High School,Manual,N
28391,MRS.,MONIQUE,JIMENEZ,9/17/1964,M,F,monique1@adventure-works.com,"$30,000 ",1,Bachelors,Skilled Manual,N
28392,MR.,LUKE,GREEN,6/20/1933,M,M,luke45@adventure-works.com,"$30,000 ",1,Bachelors,Skilled Manual,Y
28393,MR.,RAMON,ZHENG,7/7/1966,S,M,ramon17@adventure-works.com,"$40,000 ",0,Bachelors,Professional,Y
28394,MS.,ALISHA,ZHANG,4/3/1966,M,F,alisha0@adventure-works.com,"$40,000 ",0,Bachelors,Professional,N
28395,MR.,SHANNON,DOMINGUEZ,12/28/1966,S,M,shannon34@adventure-works.com,"$40,000 ",0,Bachelors,Professional,N
28396,MS.,REBEKAH,MUNOZ,8/20/1966,S,F,rebekah27@adventure-works.com,"$40,000 ",0,Bachelors,Professional,Y
28397,MS.,CYNTHIA,RANA,11/6/1966,M,F,cynthia16@adventure-works.com,"$40,000 ",0,Bachelors,Professional,N
28398,MR.,SHAWN,LAL,2/5/1963,S,M,shawn10@adventure-works.com,"$30,000 ",2,Partial College,Clerical,N
28399,MR.,DALE,DENG,7/19/1963,M,M,dale1@adventure-works.com,"$30,000 ",2,Partial College,Clerical,Y
28400,MR.,CEDRIC,ANAND,2/23/1963,S,M,cedric40@adventure-works.com,"$30,000 ",2,Partial College,Clerical,Y
28401,MRS.,MARIA,ALEXANDER,12/4/1965,S,F,maria40@adventure-works.com,"$30,000 ",2,Partial College,Clerical,Y
28402,MRS.,KRISTIN,KUMAR,5/26/1965,S,F,kristin10@adventure-works.com,"$30,000 ",2,Partial College,Clerical,N
28403,MRS.,JACLYN,SHARMA,9/17/1965,M,F,jaclyn33@adventure-works.com,"$40,000 ",1,Bachelors,Skilled Manual,Y
28404,MRS.,WHITNEY,RAMAN,5/13/1964,M,F,whitney11@adventure-works.com,"$30,000 ",2,Partial College,Clerical,Y
28405,MR.,ERICK,MALHOTRA,10/4/1964,M,M,erick4@adventure-works.com,"$40,000 ",1,Bachelors,Skilled Manual,Y
28406,MR.,GERALD,SRINI,3/23/1963,M,M,gerald38@adventure-works.com,"$30,000 ",2,Partial College,Clerical,Y
28407,MRS.,EMMA,MILLER,10/28/1963,S,F,emma5@adventure-works.com,"$30,000 ",3,Partial College,Clerical,N
28408,MS.,TASHA,LAL,10/12/1978,S,F,tasha9@adventure-works.com,"$20,000 ",0,High School,Manual,N
28409,MS.,BONNIE,RAI,9/15/1977,M,F,bonnie23@adventure-works.com,"$20,000 ",0,High School,Manual,N
28410,MS.,CHERYL,GILL,4/21/1977,M,F,cheryl16@adventure-works.com,"$20,000 ",0,High School,Manual,N
28411,MR.,JAY,RODRIGUEZ,6/16/1977,S,M,jay26@adventure-works.com,"$20,000 ",0,High School,Manual,Y
28412,MR.,WALTER,VAZQUEZ,8/8/1977,S,M,walter8@adventure-works.com,"$20,000 ",0,High School,Manual,N
28413,MR.,DALTON,MARTINEZ,3/12/1976,M,M,dalton16@adventure-works.com,"$10,000 ",0,Partial High School,Manual,Y
28414,MR.,BRADLEY,LUO,6/20/1978,S,M,bradley8@adventure-works.com,"$30,000 ",3,Partial College,Clerical,N
28415,MRS.,MELISSA,ROGERS,12/20/1963,M,F,melissa42@adventure-works.com,"$40,000 ",1,Bachelors,Skilled Manual,Y
28416,MR.,ROGER,BLACK,12/20/1963,M,M,roger48@adventure-works.com,"$40,000 ",1,Bachelors,Skilled Manual,Y
28417,MRS.,ASHLEE,LAL,8/18/1962,M,F,ashlee15@adventure-works.com,"$40,000 ",1,Bachelors,Skilled Manual,Y
28418,MRS.,KELLI,ZHU,2/24/1962,M,F,kelli15@adventure-works.com,"$40,000 ",1,Bachelors,Skilled Manual,Y
28419,MRS.,CHERYL,SUAREZ,2/14/1962,M,F,cheryl22@adventure-works.com,"$40,000 ",1,Bachelors,Skilled Manual,Y
28420,MRS.,TRACY,CHAPMAN,9/10/1962,M,F,tracy15@adventure-works.com,"$40,000 ",1,Bachelors,Skilled Manual,Y
28421,MRS.,MONICA,GONZALEZ,8/15/1978,S,F,monica18@adventure-works.com,"$30,000 ",3,Partial College,Clerical,N
28422,MRS.,JOY,MOYER,7/6/1977,S,F,joy8@adventure-works.com,"$30,000 ",5,Partial College,Clerical,N
28423,MR.,VICTOR,ORTEGA,11/22/1977,S,M,victor22@adventure-works.com,"$30,000 ",0,Partial College,Clerical,N
28424,,NEIL,ROMERO,1/20/1977,S,NA,neil8@adventure-works.com,"$30,000 ",0,Partial College,Clerical,N
28425,MR.,GILBERT,NARA,9/21/1977,S,M,gilbert36@adventure-works.com,"$30,000 ",0,Partial College,Clerical,Y
28426,MR.,MELVIN,XIE,8/18/1977,S,M,melvin3@adventure-works.com,"$30,000 ",0,Partial College,Clerical,N
28427,MS.,YOLANDA,DENG,4/10/1977,S,F,yolanda1@adventure-works.com,"$30,000 ",0,Partial College,Clerical,N
28428,MS.,EBONY,ALVAREZ,6/9/1977,S,F,ebony27@adventure-works.com,"$30,000 ",0,Partial College,Clerical,Y
28429,MR.,DEVIN,BELL,7/9/1976,S,M,devin81@adventure-works.com,"$20,000 ",0,High School,Manual,N
28430,MR.,ARMANDO,SUAREZ,6/2/1975,M,M,armando19@adventure-works.com,"$10,000 ",0,Partial High School,Manual,Y
28431,MR.,TYRONE,SANZ,11/23/1975,M,M,tyrone19@adventure-works.com,"$10,000 ",0,Partial High School,Manual,N
28432,MR.,BRUCE,CARLSON,6/24/1975,S,M,bruce39@adventure-works.com,"$20,000 ",0,High School,Manual,N
28433,MS.,DEBORAH,SHEN,5/25/1976,S,F,deborah6@adventure-works.com,"$20,000 ",0,High School,Manual,N
28434,MR.,BRIAN,LAUER,2/2/1976,S,M,brian10@adventure-works.com,"$30,000 ",0,Partial College,Clerical,Y
28435,MR.,EDWIN,LIU,4/11/1976,M,M,edwin4@adventure-works.com,"$30,000 ",0,Partial College,Clerical,N
28436,MR.,DERRICK,CARLSON,6/1/1976,S,M,derrick17@adventure-works.com,"$30,000 ",0,Partial College,Clerical,N
28437,MS.,MARY,SMITH,5/14/1976,S,F,mary10@adventure-works.com,"$30,000 ",0,Partial College,Clerical,Y
28438,MS.,HEIDI,SANCHEZ,7/2/1976,S,F,heidi23@adventure-works.com,"$30,000 ",0,Partial College,Clerical,N
28439,MS.,OLIVIA,GRAY,11/12/1975,S,F,olivia41@adventure-works.com,"$20,000 ",0,Partial High School,Manual,N
28440,MS.,ALLISON,RAMIREZ,6/5/1975,S,F,allison5@adventure-works.com,"$20,000 ",0,Partial High School,Manual,Y
28441,MR.,PETER,NATH,10/16/1974,S,M,peter23@adventure-works.com,"$10,000 ",0,Partial High School,Manual,N
28442,MR.,PHILLIP,PRASAD,5/11/1974,S,M,phillip10@adventure-works.com,"$20,000 ",0,Partial High School,Manual,N
28443,MR.,ALFREDO,DOMINGUEZ,12/18/1975,S,M,alfredo14@adventure-works.com,"$30,000 ",0,Partial College,Clerical,N
28444,MR.,PEDRO,SAI,11/19/1975,S,M,pedro6@adventure-works.com,"$30,000 ",0,Partial College,Clerical,N
28445,MR.,SHAUN,SHE,12/19/1975,S,M,shaun2@adventure-works.com,"$30,000 ",0,Partial College,Clerical,N
28447,MR.,DALTON,WALKER,5/6/1973,S,M,dalton22@adventure-works.com,"$10,000 ",0,Partial High School,Manual,Y
28448,MS.,KATHERINE,CAMPBELL,5/11/1973,M,F,katherine55@adventure-works.com,"$10,000 ",0,Partial High School,Manual,Y
28449,MR.,JARRED,GILL,1/10/1970,M,M,jarred1@adventure-works.com,"$10,000 ",0,Graduate Degree,Manual,Y
28450,MR.,NELSON,MARTIN,2/14/1962,S,M,nelson0@adventure-works.com,"$10,000 ",1,Bachelors,Manual,N
28451,MRS.,NICHOLE,CHANDER,8/4/1962,M,F,nichole15@adventure-works.com,"$20,000 ",1,Graduate Degree,Manual,N
28452,MRS.,ALEXANDRA,YOUNG,11/3/1961,S,F,alexandra91@adventure-works.com,"$10,000 ",1,Bachelors,Manual,N
28453,MRS.,VALERIE,LIN,1/9/1961,M,F,valerie9@adventure-works.com,"$10,000 ",1,Bachelors,Manual,Y
28454,MRS.,SHAWNA,SIMPSON,5/9/1961,M,F,shawna2@adventure-works.com,"$10,000 ",1,Bachelors,Manual,Y
28455,MR.,RAYMOND,SARA,6/6/1961,M,M,raymond12@adventure-works.com,"$10,000 ",1,Bachelors,Manual,N
28456,MR.,TODD,XU,6/21/1961,M,M,todd11@adventure-works.com,"$20,000 ",1,Graduate Degree,Clerical,Y
28457,MR.,BRUCE,GONZALEZ,10/1/1935,S,M,bruce18@adventure-works.com,"$10,000 ",1,Graduate Degree,Clerical,N
28458,MRS.,CASEY,SHE,6/9/1962,S,F,casey0@adventure-works.com,"$30,000 ",4,Graduate Degree,Clerical,Y
28459,MRS.,DANA,MUÑOZ,5/14/1958,M,F,dana23@adventure-works.com,"$20,000 ",1,Graduate Degree,Clerical,N
28460,MR.,NATHAN,POWELL,6/4/1958,M,M,nathan4@adventure-works.com,"$20,000 ",1,Bachelors,Manual,Y
28461,MR.,JOE,DOMINGUEZ,9/17/1957,M,M,joe36@adventure-works.com,"$10,000 ",1,Partial College,Manual,Y
28462,MRS.,KENDRA,SERRANO,3/22/1957,M,F,kendra16@adventure-works.com,"$10,000 ",1,Partial College,Manual,N
28463,MR.,EMMANUEL,ARUN,6/13/1957,S,M,emmanuel6@adventure-works.com,"$10,000 ",1,Partial College,Manual,Y
28464,MR.,EDDIE,HERNANDEZ,5/11/1956,M,M,eddie4@adventure-works.com,"$10,000 ",2,Partial College,Manual,Y
28465,MRS.,WENDY,SERRANO,9/17/1956,M,F,wendy15@adventure-works.com,"$20,000 ",1,Bachelors,Clerical,Y
28466,MR.,MARCO,CHANDRA,9/21/1956,S,M,marco2@adventure-works.com,"$20,000 ",1,Bachelors,Clerical,Y
28467,MRS.,TASHA,TANG,2/12/1955,M,F,tasha4@adventure-works.com,"$10,000 ",2,Partial College,Manual,Y
28468,MRS.,MELODY,HARRISON,3/1/1955,M,F,melody11@adventure-works.com,"$10,000 ",2,Partial College,Manual,Y
28469,MRS.,MORGAN,GREEN,4/4/1955,M,F,morgan11@adventure-works.com,"$10,000 ",2,Partial College,Manual,Y
28470,MRS.,TAMARA,TANG,2/19/1954,M,F,tamara15@adventure-works.com,"$10,000 ",2,Partial College,Manual,N
28471,MR.,PHILLIP,SULLIVAN,8/24/1954,S,M,phillip14@adventure-works.com,"$10,000 ",2,Partial College,Manual,N
28472,MRS.,KELLIE,RAMOS,7/14/1938,M,F,kellie16@adventure-works.com,"$20,000 ",1,Bachelors,Clerical,Y
28473,MR.,BRUCE,RODRIGUEZ,10/24/1939,S,M,bruce19@adventure-works.com,"$20,000 ",1,Bachelors,Clerical,N
28474,MR.,TERRENCE,NARA,7/22/1940,S,M,terrence17@adventure-works.com,"$20,000 ",1,Bachelors,Clerical,Y
28475,MR.,BRUCE,RAMOS,6/11/1941,S,M,bruce38@adventure-works.com,"$10,000 ",2,Partial College,Manual,N
28476,MR.,BRADLEY,XIE,10/12/1941,S,M,bradley5@adventure-works.com,"$10,000 ",2,Partial College,Manual,N
28477,MR.,KENNETH,TANG,9/3/1941,M,M,kenneth4@adventure-works.com,"$30,000 ",1,Bachelors,Clerical,Y
28478,MRS.,RILEY,LONG,10/16/1943,S,F,riley7@adventure-works.com,"$10,000 ",3,Partial College,Manual,Y
28479,MR.,MARVIN,GOMEZ,6/7/1980,S,M,marvin1@adventure-works.com,"$10,000 ",0,Partial College,Manual,N
28480,MR.,ARTHUR,VAZQUEZ,8/28/1980,S,M,arthur39@adventure-works.com,"$10,000 ",0,Partial College,Manual,Y
28481,MS.,KRISTINE,MORENO,1/15/1979,M,F,kristine7@adventure-works.com,"$10,000 ",0,Partial College,Manual,Y
28482,MR.,JAIME,SHE,2/6/1978,S,M,jaime24@adventure-works.com,"$10,000 ",0,Partial College,Manual,N
28483,MRS.,TARA,RAJE,4/24/1976,S,F,tara14@adventure-works.com,"$10,000 ",1,High School,Manual,Y
28484,MR.,HAROLD,RAMAN,9/13/1979,M,M,harold9@adventure-works.com,"$20,000 ",0,Bachelors,Clerical,N
28485,MS.,BIANCA,WU,2/2/1978,S,F,bianca6@adventure-works.com,"$20,000 ",0,Bachelors,Clerical,Y
28486,MS.,REBEKAH,CHANDRA,10/8/1978,M,F,rebekah2@adventure-works.com,"$20,000 ",0,Bachelors,Clerical,N
28487,MR.,GERALD,GILL,10/3/1978,S,M,gerald22@adventure-works.com,"$20,000 ",0,Bachelors,Clerical,Y
28488,MR.,REGINALD,TRAVERS,11/6/1977,S,M,reginald19@adventure-works.com,"$20,000 ",0,Partial College,Manual,Y
28489,MR.,JEFFERY,ZHU,8/27/1943,S,M,jeffery14@adventure-works.com,"$20,000 ",2,Partial College,Manual,N
28490,MRS.,KRISTA,RAMOS,9/21/1943,S,F,krista16@adventure-works.com,"$20,000 ",2,Partial College,Manual,N
28491,MRS.,CASSIE,JAI,4/22/1961,S,F,cassie10@adventure-works.com,"$20,000 ",1,Partial College,Manual,N
28492,MRS.,BETHANY,TANG,5/7/1961,M,F,bethany7@adventure-works.com,"$30,000 ",4,Graduate Degree,Clerical,N
28493,MRS.,MORGAN,WILSON,11/21/1961,M,F,morgan30@adventure-works.com,"$30,000 ",4,Graduate Degree,Clerical,Y
28494,MR.,ROSS,MARTINEZ,10/26/1961,S,M,ross17@adventure-works.com,"$30,000 ",4,Graduate Degree,Clerical,N
28495,MRS.,CATHERINE,MORGAN,11/19/1960,S,F,catherine19@adventure-works.com,"$10,000 ",1,High School,Manual,N
28496,MR.,ADAM,SHAN,8/8/1960,S,M,adam27@adventure-works.com,"$10,000 ",1,High School,Manual,Y
28497,MR.,ALVIN,YANG,9/11/1960,S,M,alvin6@adventure-works.com,"$20,000 ",1,Partial College,Manual,N
28498,MRS.,TABITHA,RUIZ,4/11/1959,S,F,tabitha21@adventure-works.com,"$10,000 ",1,High School,Manual,N
28499,MRS.,LYDIA,SRINI,12/7/1959,S,F,lydia7@adventure-works.com,"$20,000 ",2,Partial College,Manual,Y
28500,MR.,JERMAINE,GONZALEZ,11/16/1959,S,M,jermaine17@adventure-works.com,"$20,000 ",2,Partial College,Manual,N
28501,MR.,GERALD,PEREZ,9/4/1959,S,M,gerald7@adventure-works.com,"$20,000 ",2,Partial College,Manual,N
28502,MRS.,DOMINIQUE,JORDAN,10/11/1959,S,F,dominique1@adventure-works.com,"$20,000 ",2,Partial College,Manual,N
28503,MR.,JAY,SANZ,10/9/1959,S,M,jay50@adventure-works.com,"$30,000 ",3,Graduate Degree,Clerical,Y
28504,MR.,REGINALD,GOMEZ,9/25/1958,S,M,reginald9@adventure-works.com,"$20,000 ",2,Partial College,Manual,N
28505,MRS.,BARBARA,XIE,3/8/1958,M,F,barbara34@adventure-works.com,"$30,000 ",1,Graduate Degree,Clerical,N
28507,MRS.,DEANNA,SURI,6/8/1959,M,F,deanna3@adventure-works.com,"$30,000 ",3,Bachelors,Clerical,Y
28508,MS.,JAIME,ROMERO,10/17/1959,M,F,jaime10@adventure-works.com,"$30,000 ",0,Bachelors,Clerical,Y
28509,MS.,AUDREY,DIAZ,2/19/1959,S,F,audrey4@adventure-works.com,"$30,000 ",0,Bachelors,Clerical,Y
28510,MR.,GREGORY,ANDERSEN,3/23/1959,S,M,gregory16@adventure-works.com,"$30,000 ",0,Bachelors,Clerical,Y
28511,MR.,CHASE,RIVERA,3/17/1970,S,M,chase17@adventure-works.com,"$20,000 ",0,Partial College,Manual,N
28512,MR.,DWAYNE,ALONSO,11/12/1970,S,M,dwayne7@adventure-works.com,"$20,000 ",0,Partial College,Manual,N
28513,MS.,MOLLY,FERNANDEZ,7/24/1970,M,F,molly14@adventure-works.com,"$20,000 ",0,Partial College,Manual,N
28514,MRS.,LISA,CHEN,6/11/1969,S,F,lisa5@adventure-works.com,"$10,000 ",2,High School,Manual,N
28515,MR.,TONY,LAL,12/27/1969,M,M,tony11@adventure-works.com,"$10,000 ",2,High School,Manual,Y
28516,MR.,VINCENT,LIN,4/13/1970,S,M,vincent7@adventure-works.com,"$30,000 ",0,Bachelors,Clerical,N
28517,MR.,TROY,GONZALEZ,7/26/1969,S,M,troy20@adventure-works.com,"$20,000 ",0,Partial College,Manual,N
28518,MS.,TAMMY,SANCHEZ,11/17/1969,S,F,tammy21@adventure-works.com,"$30,000 ",0,Bachelors,Clerical,N
28519,MR.,JÉSUS,RAMOS,10/15/1969,M,M,jésus16@adventure-works.com,"$30,000 ",1,Bachelors,Clerical,Y
28520,MS.,SUSAN,LIANG,4/5/1969,M,F,susan27@adventure-works.com,"$40,000 ",0,Graduate Degree,Clerical,Y
28521,MR.,BRADLEY,TANG,9/15/1969,S,M,bradley6@adventure-works.com,"$40,000 ",0,Graduate Degree,Clerical,N
28522,MS.,ROSA,MA,7/7/1969,M,F,rosa15@adventure-works.com,"$60,000 ",0,Graduate Degree,Skilled Manual,Y
28523,MR.,CHARLES,JAMES,1/9/1969,S,M,charles46@adventure-works.com,"$60,000 ",0,Graduate Degree,Skilled Manual,Y
28524,MS.,PAULA,GILL,9/8/1969,M,F,paula16@adventure-works.com,"$60,000 ",0,Graduate Degree,Skilled Manual,Y
28525,MR.,DOMINIC,RODRIGUEZ,11/4/1952,S,M,dominic20@adventure-works.com,"$20,000 ",2,Partial College,Manual,N
28526,MR.,LUKE,YANG,7/9/1953,S,M,luke16@adventure-works.com,"$10,000 ",2,High School,Manual,Y
28527,MR.,DWAYNE,RUBIO,6/21/1968,S,M,dwayne19@adventure-works.com,"$10,000 ",2,High School,Manual,N
28528,MRS.,TASHA,CHANDE,6/19/1968,M,F,tasha15@adventure-works.com,"$20,000 ",1,Partial College,Manual,N
28529,MRS.,TARA,CHANDE,6/8/1968,S,F,tara15@adventure-works.com,"$20,000 ",1,Partial College,Manual,Y
28530,MR.,GAVIN,POWELL,9/15/1968,S,M,gavin8@adventure-works.com,"$20,000 ",1,Partial College,Manual,N
28531,MR.,JARED,REED,11/6/1968,S,M,jared22@adventure-works.com,"$30,000 ",1,Bachelors,Clerical,N
28532,MR.,TONY,XIE,12/6/1968,M,M,tony6@adventure-works.com,"$30,000 ",1,Bachelors,Clerical,Y
28533,MR.,CLAYTON,SUN,4/12/1965,S,M,clayton12@adventure-works.com,"$60,000 ",3,Bachelors,Professional,Y
28534,MRS.,SABRINA,ROMERO,6/5/1965,M,F,sabrina6@adventure-works.com,"$60,000 ",3,Bachelors,Professional,N
28535,MS.,LESLIE,FERRIER,1/10/1968,S,F,leslie9@adventure-works.com,"$70,000 ",0,Bachelors,Professional,Y
28536,MRS.,MARTHA,GUO,2/15/1964,M,F,martha17@adventure-works.com,"$60,000 ",3,Bachelors,Professional,Y
28537,MR.,CHRISTIAN,HAYES,7/16/1926,S,M,christian9@adventure-works.com,"$50,000 ",1,Bachelors,Professional,N
28538,MR.,JEROME,SANZ,5/19/1973,S,M,jerome19@adventure-works.com,"$10,000 ",0,Partial High School,Manual,N
28539,MS.,BARBARA,ZHOU,8/5/1973,S,F,barbara18@adventure-works.com,"$10,000 ",0,Partial High School,Manual,N
28540,MS.,LEAH,ZHANG,11/26/1974,M,F,leah0@adventure-works.com,"$30,000 ",0,Partial College,Clerical,N
28541,MS.,ISABELLA,PEREZ,4/3/1974,S,F,isabella42@adventure-works.com,"$30,000 ",0,Partial College,Clerical,N
28542,MS.,MARTHA,ZHAO,2/18/1974,S,F,martha10@adventure-works.com,"$30,000 ",0,Partial College,Clerical,Y
28543,MR.,ROGER,YE,9/10/1974,S,M,roger14@adventure-works.com,"$30,000 ",0,Partial College,Clerical,N
28544,MR.,NICOLAS,SHAN,4/18/1974,S,M,nicolas8@adventure-works.com,"$30,000 ",0,Partial College,Clerical,N
28545,MR.,MICHEAL,RAMOS,9/17/1980,M,M,micheal13@adventure-works.com,"$20,000 ",0,Partial High School,Manual,Y
28546,MS.,ALISHA,XU,8/26/1980,M,F,alisha12@adventure-works.com,"$20,000 ",0,Partial High School,Manual,Y
28547,MS.,APRIL,SHEN,7/12/1980,S,F,april2@adventure-works.com,"$20,000 ",0,Partial High School,Manual,N
28548,MS.,KRISTA,ORTEGA,11/17/1980,S,F,krista20@adventure-works.com,"$20,000 ",0,Partial High School,Manual,N
28549,MRS.,LYDIA,SUBRAM,7/25/1974,M,F,lydia12@adventure-works.com,"$40,000 ",1,Bachelors,Skilled Manual,Y
28550,MR.,WAYNE,ANDERSEN,12/19/1972,S,M,wayne15@adventure-works.com,"$10,000 ",0,Partial High School,Manual,Y
28551,MR.,WARREN,XU,12/12/1972,S,M,warren11@adventure-works.com,"$10,000 ",0,Partial High School,Manual,Y
28552,MS.,HOLLY,SUBRAM,10/14/1972,S,F,holly12@adventure-works.com,"$20,000 ",0,Partial High School,Manual,N
28553,MRS.,SABRINA,SERRANO,1/22/1973,M,F,sabrina10@adventure-works.com,"$40,000 ",1,Bachelors,Skilled Manual,Y
28554,MRS.,NATALIE,SANDERS,3/11/1973,M,F,natalie24@adventure-works.com,"$40,000 ",1,Bachelors,Skilled Manual,Y
28555,MRS.,MONIQUE,SERRANO,7/12/1973,M,F,monique13@adventure-works.com,"$40,000 ",1,Bachelors,Skilled Manual,Y
28556,MRS.,ISABEL,GONZALES,6/20/1973,M,F,isabel16@adventure-works.com,"$40,000 ",1,Bachelors,Skilled Manual,Y
28557,MR.,CASEY,ALVAREZ,11/14/1973,M,M,casey28@adventure-works.com,"$40,000 ",1,Bachelors,Skilled Manual,Y
28558,MS.,DAWN,STONE,1/3/1972,S,F,dawn24@adventure-works.com,"$20,000 ",0,Partial High School,Manual,N
28559,MR.,BILLY,GUTIERREZ,7/27/1972,M,M,billy12@adventure-works.com,"$30,000 ",0,High School,Manual,N
28560,MS.,PEGGY,SMITH,4/6/1972,S,F,peggy1@adventure-works.com,"$30,000 ",0,High School,Manual,Y
28561,MR.,CARLOS,KELLY,10/15/1971,S,M,carlos4@adventure-works.com,"$10,000 ",0,Partial High School,Manual,N
28562,MR.,PHILLIP,MARTINEZ,7/10/1972,M,M,phillip19@adventure-works.com,"$40,000 ",1,Bachelors,Skilled Manual,Y
28563,MR.,DENNIS,CAI,12/26/1972,S,M,dennis23@adventure-works.com,"$40,000 ",1,Partial College,Clerical,Y
28564,MRS.,ALISHA,DENG,9/10/1972,S,F,alisha25@adventure-works.com,"$40,000 ",2,Partial College,Clerical,Y
28565,MR.,JAMES,ALLEN,9/14/1971,S,M,james74@adventure-works.com,"$10,000 ",0,Partial High School,Manual,N
28566,MR.,COLIN,SUN,6/23/1971,S,M,colin14@adventure-works.com,"$20,000 ",0,Partial High School,Manual,N
28567,MS.,ANN,KAPOOR,12/23/1971,S,F,ann6@adventure-works.com,"$20,000 ",0,Partial High School,Manual,N
28568,MRS.,DAISY,ALONSO,4/13/1970,M,F,daisy4@adventure-works.com,"$40,000 ",2,Partial College,Clerical,Y
28569,MR.,DUSTIN,JAI,9/25/1971,M,M,dustin11@adventure-works.com,"$40,000 ",2,Partial College,Clerical,Y
28570,MRS.,JENNA,TURNER,12/24/1971,S,F,jenna4@adventure-works.com,"$40,000 ",2,Partial College,Clerical,N
28571,MRS.,ANNA,TORRES,10/12/1974,S,F,anna18@adventure-works.com,"$40,000 ",3,Partial College,Clerical,N
28572,MR.,JEFFERY,YE,1/2/1974,M,M,jeffery10@adventure-works.com,"$40,000 ",3,Partial College,Clerical,Y
28573,MR.,TYRONE,GILL,4/9/1974,S,M,tyrone12@adventure-works.com,"$40,000 ",3,Partial College,Clerical,Y
28574,MS.,KAYLA,FLORES,5/19/1974,S,F,kayla36@adventure-works.com,"$50,000 ",0,Graduate Degree,Skilled Manual,Y
28575,MRS.,LINDA,GUTIERREZ,9/4/1975,S,F,linda26@adventure-works.com,"$40,000 ",3,Partial College,Clerical,N
28576,MR.,SUNIL,UPPAL,4/6/1966,M,M,sunil5@adventure-works.com,"$80,000 ",0,Graduate Degree,Skilled Manual,N
28577,MR.,AUSTIN,HARRIS,5/8/1966,M,M,austin49@adventure-works.com,"$80,000 ",0,Graduate Degree,Skilled Manual,N
28578,MS.,ZOE,ROGERS,10/8/1966,S,F,zoe18@adventure-works.com,"$80,000 ",0,Graduate Degree,Skilled Manual,N
28579,MS.,GRACE,ROSS,6/18/1966,S,F,grace51@adventure-works.com,"$80,000 ",0,Graduate Degree,Skilled Manual,N
28580,MS.,AIMEE,LIU,1/6/1966,M,F,aimee4@adventure-works.com,"$80,000 ",0,Graduate Degree,Skilled Manual,Y
28581,MRS.,ALLISON,COLLINS,8/17/1954,S,F,allison23@adventure-works.com,"$20,000 ",2,Partial High School,Manual,N
28582,MRS.,OLIVIA,HALL,8/26/1954,S,F,olivia23@adventure-works.com,"$20,000 ",3,Partial High School,Clerical,N
28583,MR.,RYAN,LONG,2/25/1954,M,M,ryan12@adventure-works.com,"$30,000 ",1,High School,Clerical,Y
28584,MRS.,ROLANDO,SMITH,5/3/1954,M,F,rolando0@adventure-works.com,"$30,000 ",1,High School,Clerical,Y
28585,MR.,JULIAN,RUSSELL,10/4/1954,S,M,julian19@adventure-works.com,"$30,000 ",1,High School,Clerical,N
28586,MR.,GABRIEL,DIAZ,7/23/1954,M,M,gabriel19@adventure-works.com,"$40,000 ",1,Partial College,Clerical,Y
28587,MR.,XAVIER,HARRIS,2/24/1954,M,M,xavier11@adventure-works.com,"$40,000 ",1,Partial College,Clerical,Y
28588,MRS.,EMMA,GRIFFIN,6/1/1954,M,F,emma66@adventure-works.com,"$40,000 ",1,Partial College,Clerical,Y
28589,MR.,JOHN,WALKER,12/16/1955,S,M,john57@adventure-works.com,"$20,000 ",3,Partial High School,Clerical,N
28590,MR.,GABRIEL,JAI,7/18/1955,S,M,gabriel29@adventure-works.com,"$20,000 ",3,Partial High School,Clerical,N
28591,MRS.,MARY,COLLINS,8/14/1955,S,F,mary16@adventure-works.com,"$20,000 ",3,Partial High School,Clerical,N
28592,MRS.,ALYSSA,JOHNSON,7/24/1955,S,F,alyssa1@adventure-works.com,"$20,000 ",3,Partial High School,Clerical,N
28593,MRS.,FAITH,PETERSON,1/7/1955,S,F,faith26@adventure-works.com,"$20,000 ",3,Partial High School,Clerical,N
28594,MRS.,SYDNEY,COOPER,5/8/1955,S,F,sydney11@adventure-works.com,"$20,000 ",3,Partial High School,Clerical,Y
28595,MR.,XAVIER,JAMES,2/9/1955,S,M,xavier65@adventure-works.com,"$20,000 ",3,Partial High School,Clerical,N
28596,MRS.,HALEY,BUTLER,10/5/1955,S,F,haley33@adventure-works.com,"$20,000 ",3,Partial High School,Clerical,N
28597,MRS.,BRIANNA,HARRIS,6/26/1955,S,F,brianna12@adventure-works.com,"$20,000 ",3,Partial High School,Clerical,N
28598,MR.,WYATT,RUSSELL,6/13/1955,M,M,wyatt69@adventure-works.com,"$30,000 ",1,High School,Clerical,Y
28599,MRS.,STEPHANIE,PERRY,3/25/1955,S,F,stephanie35@adventure-works.com,"$30,000 ",1,High School,Clerical,N
28600,MRS.,DESTINY,CLARK,2/26/1955,S,F,destiny17@adventure-works.com,"$30,000 ",1,High School,Clerical,N
28601,MR.,CHRISTIAN,GONZALES,12/4/1955,S,M,christian4@adventure-works.com,"$30,000 ",1,High School,Clerical,N
28602,MRS.,ISABELLA,MORGAN,4/10/1956,S,F,isabella87@adventure-works.com,"$20,000 ",3,Partial High School,Clerical,N
28603,MR.,BRIAN,BELL,9/6/1956,M,M,brian25@adventure-works.com,"$20,000 ",3,Partial High School,Clerical,N
28604,MRS.,ALLISON,JAMES,6/3/1956,S,F,allison6@adventure-works.com,"$20,000 ",3,Partial High School,Clerical,N
28606,MR.,JOSHUA,WILSON,4/4/1956,S,M,joshua9@adventure-works.com,"$20,000 ",3,Partial High School,Clerical,N
28607,MR.,HUNTER,SHARMA,10/23/1956,S,M,hunter25@adventure-works.com,"$20,000 ",3,Partial High School,Clerical,N
28608,MR.,BRIAN,RICHARDSON,4/2/1956,S,M,brian21@adventure-works.com,"$20,000 ",3,Partial High School,Clerical,N
28609,MR.,JOSE,HARRIS,10/12/1956,M,M,jose75@adventure-works.com,"$30,000 ",2,High School,Skilled Manual,N
28610,MRS.,JACQUELINE,BAILEY,10/9/1956,M,F,jacqueline40@adventure-works.com,"$30,000 ",2,High School,Skilled Manual,N
28611,MR.,CHRISTIAN,ALEXANDER,12/1/1956,S,M,christian6@adventure-works.com,"$30,000 ",2,High School,Skilled Manual,Y
28612,MR.,GABRIEL,ROBERTS,7/15/1956,S,M,gabriel34@adventure-works.com,"$30,000 ",2,High School,Skilled Manual,Y
28613,MR.,JAMES,CAMPBELL,6/20/1956,M,M,james56@adventure-works.com,"$30,000 ",2,High School,Skilled Manual,Y
28614,MR.,LUIS,JENKINS,5/15/1957,S,M,luis5@adventure-works.com,"$20,000 ",2,Partial High School,Clerical,Y
28615,MR.,JONATHAN,FLORES,6/11/1957,M,M,jonathan12@adventure-works.com,"$20,000 ",2,Partial High School,Clerical,Y
28616,MRS.,SARAH,HARRIS,7/8/1957,S,F,sarah16@adventure-works.com,"$30,000 ",2,High School,Skilled Manual,Y
28617,MR.,NOAH,DAVIS,6/27/1957,S,M,noah62@adventure-works.com,"$30,000 ",2,High School,Skilled Manual,N
28618,MRS.,KATELYN,BAILEY,9/22/1958,M,F,katelyn15@adventure-works.com,"$30,000 ",2,High School,Skilled Manual,Y
28619,MRS.,BRIANNA,BAILEY,2/8/1958,M,F,brianna33@adventure-works.com,"$30,000 ",2,High School,Skilled Manual,Y
28620,MR.,COLE,RICHARDSON,9/3/1958,M,M,cole11@adventure-works.com,"$30,000 ",2,High School,Skilled Manual,Y
28621,MRS.,KRISTEN,LIU,9/25/1958,M,F,kristen4@adventure-works.com,"$40,000 ",1,Partial College,Clerical,Y
28622,MRS.,JULIA,COOPER,9/13/1958,M,F,julia53@adventure-works.com,"$40,000 ",1,Partial College,Clerical,Y
28623,MR.,MARCUS,TURNER,3/4/1958,M,M,marcus42@adventure-works.com,"$40,000 ",1,Partial College,Clerical,N
28624,MR.,CARSON,JENKINS,7/25/1958,S,M,carson5@adventure-works.com,"$40,000 ",2,Partial College,Clerical,Y
28626,MRS.,BAILEY,HERNANDEZ,2/24/1959,S,F,bailey38@adventure-works.com,"$40,000 ",2,Partial College,Clerical,N
28627,MR.,EDWARD,COLLINS,6/22/1959,S,M,edward21@adventure-works.com,"$40,000 ",2,Partial College,Clerical,N
28628,MRS.,COURTNEY,PHILLIPS,1/6/1959,S,F,courtney3@adventure-works.com,"$40,000 ",2,Partial College,Clerical,N
28629,MRS.,CYNTHIA,MADAN,8/6/1959,M,F,cynthia12@adventure-works.com,"$40,000 ",2,Partial College,Clerical,N
28630,MR.,JACK,ZIMMERMAN,11/13/1959,S,M,jack24@adventure-works.com,"$40,000 ",2,Partial College,Clerical,Y
28631,MR.,ISAIAH,PHILLIPS,9/19/1972,S,M,isaiah29@adventure-works.com,"$50,000 ",0,Graduate Degree,Skilled Manual,N
28632,MS.,KATHRYN,NATH,9/11/1973,M,F,kathryn16@adventure-works.com,"$40,000 ",0,Graduate Degree,Skilled Manual,Y
28633,MRS.,CHRISTINA,HOWARD,7/26/1973,S,F,christina9@adventure-works.com,"$40,000 ",1,Graduate Degree,Skilled Manual,Y
28634,MR.,NATHAN,MITCHELL,3/22/1973,S,M,nathan39@adventure-works.com,"$40,000 ",1,Graduate Degree,Skilled Manual,Y
28635,MR.,LEVI,GONZALEZ,2/7/1973,M,M,levi16@adventure-works.com,"$40,000 ",1,Graduate Degree,Skilled Manual,Y
28636,MRS.,VICTORIA,BRYANT,3/26/1973,M,F,victoria64@adventure-works.com,"$40,000 ",1,Graduate Degree,Skilled Manual,Y
28637,MR.,BRANDON,LEE,4/7/1973,M,M,brandon52@adventure-works.com,"$40,000 ",1,Graduate Degree,Skilled Manual,N
28638,MRS.,ALEXANDRA,THOMPSON,6/11/1973,S,F,alexandra79@adventure-works.com,"$40,000 ",1,Graduate Degree,Skilled Manual,Y
28639,MRS.,JACQUELINE,MORGAN,10/24/1973,M,F,jacqueline37@adventure-works.com,"$40,000 ",1,Graduate Degree,Skilled Manual,Y
28640,MR.,BRYCE,COOK,2/3/1972,S,M,bryce20@adventure-works.com,"$50,000 ",1,Graduate Degree,Skilled Manual,Y
28641,MRS.,BRITTANY,BUTLER,1/16/1971,M,F,brittany12@adventure-works.com,"$50,000 ",1,Graduate Degree,Skilled Manual,Y
28642,MRS.,LAUREN,WARD,7/5/1971,M,F,lauren13@adventure-works.com,"$50,000 ",1,Graduate Degree,Skilled Manual,Y
28643,MR.,XAVIER,GRAY,5/13/1971,M,M,xavier72@adventure-works.com,"$50,000 ",1,Graduate Degree,Skilled Manual,Y
28644,MRS.,MARTHA,CHOW,11/3/1971,M,F,martha2@adventure-works.com,"$50,000 ",1,Graduate Degree,Skilled Manual,Y
28645,MR.,MARTIN,FERNANDEZ,4/14/1971,M,M,martin20@adventure-works.com,"$50,000 ",1,Graduate Degree,Skilled Manual,Y
28646,MRS.,ALEXIS,MOORE,6/1/1972,M,F,alexis7@adventure-works.com,"$50,000 ",1,Graduate Degree,Skilled Manual,Y
28647,MRS.,HANNAH,FOSTER,9/9/1972,M,F,hannah37@adventure-works.com,"$50,000 ",1,Graduate Degree,Skilled Manual,Y
28649,MR.,NATHAN,MARTINEZ,10/12/1972,S,M,nathan51@adventure-works.com,"$60,000 ",1,Graduate Degree,Skilled Manual,Y
28650,MRS.,JESSICA,CLARK,2/6/1970,M,F,jessica67@adventure-works.com,"$40,000 ",1,Bachelors,Skilled Manual,Y
28651,MRS.,LAUREN,BROWN,2/10/1970,M,F,lauren22@adventure-works.com,"$40,000 ",1,Bachelors,Skilled Manual,Y
28652,MRS.,MARIAH,MURPHY,6/23/1970,M,F,mariah39@adventure-works.com,"$40,000 ",1,Bachelors,Skilled Manual,Y
28653,MRS.,GRACE,WILLIAMS,9/9/1970,M,F,grace1@adventure-works.com,"$40,000 ",1,Bachelors,Skilled Manual,Y
28654,MR.,MIGUEL,NELSON,7/8/1970,M,M,miguel35@adventure-works.com,"$60,000 ",1,Graduate Degree,Professional,Y
28655,MR.,DEVIN,SMITH,12/2/1969,M,M,devin0@adventure-works.com,"$60,000 ",1,Bachelors,Skilled Manual,Y
28656,MR.,LUCAS,MURPHY,5/22/1969,M,M,lucas86@adventure-works.com,"$60,000 ",2,Bachelors,Skilled Manual,N
28657,MR.,RYAN,HAYES,11/5/1969,S,M,ryan26@adventure-works.com,"$60,000 ",2,Bachelors,Skilled Manual,Y
28658,MRS.,JASMINE,BAILEY,5/20/1969,S,F,jasmine27@adventure-works.com,"$60,000 ",2,Bachelors,Skilled Manual,N
28659,MRS.,VANESSA,SIMMONS,3/12/1969,S,F,vanessa16@adventure-works.com,"$60,000 ",1,Graduate Degree,Professional,Y
28660,MR.,JUSTIN,ANDERSON,11/15/1971,S,M,justin29@adventure-works.com,"$60,000 ",1,Graduate Degree,Professional,Y
28661,MR.,DALTON,WARD,4/10/1971,S,M,dalton74@adventure-works.com,"$60,000 ",1,Graduate Degree,Professional,N
28662,MR.,ISAIAH,MURPHY,7/21/1971,S,M,isaiah14@adventure-works.com,"$70,000 ",3,Graduate Degree,Professional,N
28664,MRS.,ASHLEE,SHARMA,10/26/1968,S,F,ashlee16@adventure-works.com,"$70,000 ",2,Bachelors,Skilled Manual,Y
28665,MRS.,DONNA,ANAND,3/5/1968,M,F,donna20@adventure-works.com,"$70,000 ",2,Bachelors,Skilled Manual,Y
28666,MR.,KELVIN,ZHU,10/21/1968,M,M,kelvin32@adventure-works.com,"$70,000 ",2,Bachelors,Skilled Manual,Y
28667,MR.,DEVIN,WILLIAMS,12/27/1968,S,M,devin2@adventure-works.com,"$70,000 ",2,Bachelors,Skilled Manual,N
28668,MR.,JEREMY,PARKER,9/8/1967,S,M,jeremy18@adventure-works.com,"$40,000 ",0,Bachelors,Professional,N
28669,MR.,JORDAN,CARTER,7/9/1970,S,M,jordan64@adventure-works.com,"$60,000 ",1,Graduate Degree,Professional,N
28670,MRS.,JULIA,GONZALES,2/27/1970,M,F,julia83@adventure-works.com,"$60,000 ",2,Graduate Degree,Professional,Y
28671,MRS.,GABRIELLE,RUSSELL,5/26/1970,M,F,gabrielle42@adventure-works.com,"$70,000 ",3,Graduate Degree,Professional,N
28672,MR.,BLAKE,JOHNSON,9/27/1970,S,M,blake0@adventure-works.com,"$70,000 ",4,Graduate Degree,Professional,Y
28673,MRS.,ARIANNA,REED,6/8/1970,M,F,arianna42@adventure-works.com,"$70,000 ",4,Graduate Degree,Professional,N
28674,MR.,NATHAN,YANG,7/17/1970,M,M,nathan24@adventure-works.com,"$80,000 ",2,Graduate Degree,Professional,Y
28675,MR.,ANGEL,MITCHELL,9/9/1967,S,M,angel34@adventure-works.com,"$60,000 ",2,Bachelors,Skilled Manual,Y
28676,MR.,ALEX,BAILEY,10/20/1967,S,M,alex20@adventure-works.com,"$60,000 ",2,Bachelors,Skilled Manual,N
28677,MR.,DAMIEN,TANG,8/13/1966,S,M,damien21@adventure-works.com,"$80,000 ",3,Bachelors,Skilled Manual,Y
28678,MR.,BEN,ADAMS,5/3/1966,S,M,ben2@adventure-works.com,"$80,000 ",3,Bachelors,Skilled Manual,N
28679,MR.,JULIAN,BRYANT,3/10/1966,S,M,julian17@adventure-works.com,"$60,000 ",0,Graduate Degree,Professional,N
28680,MS.,HANNAH,BROWN,10/9/1966,S,F,hannah5@adventure-works.com,"$60,000 ",0,Graduate Degree,Professional,N
28681,MS.,VICTORIA,JOHNSON,3/18/1966,M,F,victoria2@adventure-works.com,"$60,000 ",0,Graduate Degree,Professional,Y
28682,MS.,CASSIDY,PERRY,11/23/1966,M,F,cassidy8@adventure-works.com,"$60,000 ",0,Graduate Degree,Professional,Y
28683,MRS.,MALLORY,MUNOZ,10/9/1970,S,F,mallory15@adventure-works.com,"$10,000 ",1,High School,Manual,N
28684,MRS.,KRISTI,SAUNDERS,12/12/1970,M,F,kristi16@adventure-works.com,"$10,000 ",2,High School,Manual,Y
28685,MR.,MARSHALL,ZHU,3/16/1970,M,M,marshall13@adventure-works.com,"$10,000 ",2,High School,Manual,Y
28686,MRS.,SHEENA,JAI,3/23/1970,S,F,sheena9@adventure-works.com,"$10,000 ",2,High School,Manual,Y
28687,MR.,JAVIER,GUTIERREZ,11/20/1970,S,M,javier5@adventure-works.com,"$10,000 ",2,High School,Manual,N
28688,MS.,MARGARET,YE,9/8/1970,S,F,margaret16@adventure-works.com,"$30,000 ",0,Bachelors,Clerical,N
28689,MR.,KELVIN,ZHANG,5/27/1969,S,M,kelvin20@adventure-works.com,"$10,000 ",2,High School,Manual,Y
28690,MR.,CORY,CHANDRA,4/9/1970,S,M,cory20@adventure-works.com,"$30,000 ",0,Bachelors,Clerical,Y
28691,MR.,ALEJANDRO,ANDERSEN,7/12/1970,S,M,alejandro38@adventure-works.com,"$30,000 ",0,Bachelors,Clerical,N
28692,MS.,KRISTI,ROWE,11/25/1970,S,F,kristi42@adventure-works.com,"$30,000 ",0,Bachelors,Clerical,N
28693,MS.,TAMARA,CHANDE,4/8/1970,S,F,tamara26@adventure-works.com,"$30,000 ",0,Bachelors,Clerical,N
28694,MR.,LARRY,SUAREZ,7/17/1970,M,M,larry21@adventure-works.com,"$30,000 ",0,Bachelors,Clerical,Y
28695,MR.,MARIO,RAJI,8/25/1970,M,M,mario20@adventure-works.com,"$40,000 ",0,Graduate Degree,Clerical,Y
28696,MS.,ROBIN,NAVARRO,9/5/1970,S,F,robin6@adventure-works.com,"$40,000 ",0,Graduate Degree,Clerical,Y
28697,MS.,RAQUEL,GUTIERREZ,4/20/1970,M,F,raquel7@adventure-works.com,"$40,000 ",0,Graduate Degree,Clerical,N
28698,MS.,KRISTINA,MADAN,4/22/1969,S,F,kristina8@adventure-works.com,"$20,000 ",0,Partial College,Manual,Y
28699,MRS.,LEAH,LU,9/14/1969,S,F,leah8@adventure-works.com,"$30,000 ",1,Bachelors,Clerical,Y
28700,MS.,SUMMER,GARCIA,4/22/1969,S,F,summer13@adventure-works.com,"$40,000 ",0,Graduate Degree,Clerical,N
28701,MS.,FELICIA,GILL,9/28/1969,S,F,felicia13@adventure-works.com,"$40,000 ",0,Graduate Degree,Clerical,N
28702,MR.,DANNY,MARTIN,8/6/1969,S,M,danny0@adventure-works.com,"$60,000 ",0,Graduate Degree,Skilled Manual,N
28703,MS.,FELICIA,SUAREZ,5/8/1969,M,F,felicia18@adventure-works.com,"$60,000 ",0,Graduate Degree,Skilled Manual,Y
28704,MR.,ROY,RUIZ,3/5/1969,M,M,roy23@adventure-works.com,"$60,000 ",0,Graduate Degree,Skilled Manual,Y
28705,MRS.,ASHLEY,POWELL,2/17/1952,S,F,ashley35@adventure-works.com,"$10,000 ",3,Partial College,Manual,N
28706,MR.,REGINALD,ASHE,8/9/1952,S,M,reginald15@adventure-works.com,"$10,000 ",3,Partial College,Manual,Y
28707,MRS.,SHARON,RAJE,4/27/1951,S,F,sharon19@adventure-works.com,"$10,000 ",3,Partial College,Manual,N
28708,MR.,DARRYL,SUN,9/9/1951,S,M,darryl13@adventure-works.com,"$20,000 ",2,Partial College,Manual,N
28709,MRS.,STEFANIE,GONZALEZ,7/8/1951,S,F,stefanie16@adventure-works.com,"$20,000 ",2,Partial College,Manual,N
28710,MR.,TYRONE,VAZQUEZ,7/18/1953,M,M,tyrone13@adventure-works.com,"$10,000 ",2,High School,Manual,Y
28711,MRS.,REBEKAH,TORRES,11/25/1968,M,F,rebekah32@adventure-works.com,"$30,000 ",1,Bachelors,Clerical,Y
28712,MR.,GREGORY,GOEL,12/6/1968,S,M,gregory23@adventure-works.com,"$30,000 ",1,Bachelors,Clerical,N
28714,MR.,ARTURO,GAO,6/21/1966,S,M,arturo16@adventure-works.com,"$90,000 ",2,Bachelors,Professional,Y
28715,MRS.,MARIA,FOSTER,9/19/1965,S,F,maria38@adventure-works.com,"$60,000 ",2,Bachelors,Professional,Y
28716,MR.,DARREN,GARCIA,7/9/1965,S,M,darren16@adventure-works.com,"$60,000 ",3,Bachelors,Professional,Y
28717,MR.,CALVIN,ANAND,7/21/1965,M,M,calvin21@adventure-works.com,"$60,000 ",3,Bachelors,Professional,Y
28718,MRS.,CASSANDRA,RAMAN,3/26/1965,M,F,cassandra13@adventure-works.com,"$60,000 ",3,Bachelors,Professional,N
28719,MR.,NEIL,VAZQUEZ,4/18/1968,S,M,neil13@adventure-works.com,"$70,000 ",0,Bachelors,Professional,N
28720,MS.,CANDICE,LIU,5/28/1965,S,F,candice11@adventure-works.com,"$70,000 ",0,Bachelors,Professional,Y
28721,MRS.,JACLYN,LIN,9/3/1964,M,F,jaclyn8@adventure-works.com,"$60,000 ",3,Bachelors,Professional,N
28722,MS.,CARMEN,STONE,11/22/1973,S,F,carmen11@adventure-works.com,"$20,000 ",0,Partial High School,Manual,N
28723,MR.,RYAN,YANG,10/23/1973,S,M,ryan31@adventure-works.com,"$30,000 ",0,Partial College,Clerical,N
28724,MR.,MARVIN,NAVARRO,10/7/1974,S,M,marvin10@adventure-works.com,"$30,000 ",0,Partial College,Clerical,N
28725,MR.,EDWARD,JENKINS,10/10/1974,S,M,edward55@adventure-works.com,"$30,000 ",0,Partial College,Clerical,Y
28726,MS.,KELLI,LIANG,6/16/1980,S,F,kelli18@adventure-works.com,"$20,000 ",0,Partial High School,Manual,N
28727,MR.,BRETT,MADAN,11/1/1980,S,M,brett7@adventure-works.com,"$20,000 ",0,Partial High School,Manual,N
28728,MR.,DYLAN,LONG,2/12/1980,S,M,dylan8@adventure-works.com,"$20,000 ",0,Partial High School,Manual,N
28729,MS.,HEATHER,SUN,8/16/1980,S,F,heather12@adventure-works.com,"$20,000 ",0,Partial High School,Manual,Y
28730,MS.,NICOLE,ROBINSON,10/20/1979,S,F,nicole18@adventure-works.com,"$30,000 ",0,Partial College,Clerical,N
28731,MR.,JERMAINE,SUBRAM,3/16/1974,S,M,jermaine11@adventure-works.com,"$30,000 ",0,High School,Manual,N
28732,MRS.,BIANCA,YANG,3/20/1974,M,F,bianca4@adventure-works.com,"$40,000 ",1,Bachelors,Skilled Manual,Y
28733,MRS.,DIANA,RAMOS,10/1/1974,M,F,diana16@adventure-works.com,"$40,000 ",1,Bachelors,Skilled Manual,Y
28734,MRS.,BRIANA,MORENO,5/15/1974,M,F,briana6@adventure-works.com,"$40,000 ",1,Bachelors,Skilled Manual,Y
28735,MS.,KIMBERLY,MORGAN,10/6/1973,S,F,kimberly23@adventure-works.com,"$30,000 ",0,High School,Manual,N
28736,MS.,PAULA,NAVARRO,4/23/1973,S,F,paula13@adventure-works.com,"$30,000 ",0,High School,Manual,N
28737,MR.,EUGENE,LIN,3/22/1972,S,M,eugene12@adventure-works.com,"$10,000 ",0,Partial High School,Manual,N
28738,MS.,LORI,ROMERO,3/23/1972,M,F,lori11@adventure-works.com,"$20,000 ",0,Partial High School,Manual,Y
28739,MS.,MYA,PERRY,3/22/1973,S,F,mya10@adventure-works.com,"$30,000 ",0,High School,Manual,N
28740,MRS.,ALISHA,ALAN,4/5/1973,M,F,alisha47@adventure-works.com,"$40,000 ",1,Bachelors,Skilled Manual,Y
28741,MR.,BRUCE,DOMINGUEZ,10/21/1973,M,M,bruce34@adventure-works.com,"$40,000 ",1,Bachelors,Skilled Manual,Y
28742,MR.,ERICK,VANCE,2/26/1973,M,M,erick3@adventure-works.com,"$40,000 ",1,Bachelors,Skilled Manual,Y
28743,MRS.,KELLY,WOOD,5/18/1915,S,F,kelly6@adventure-works.com,"$20,000 ",2,Partial High School,Manual,N
28744,MS.,JENNY,XU,7/5/1972,S,F,jenny28@adventure-works.com,"$30,000 ",0,High School,Manual,N
28745,MR.,GEOFFREY,RANA,8/25/1971,S,M,geoffrey9@adventure-works.com,"$10,000 ",0,Partial High School,Manual,N
28746,MR.,JUAN,RUIZ,11/6/1971,M,M,juan0@adventure-works.com,"$10,000 ",0,Partial High School,Manual,Y
28747,MR.,ARTHUR,GONZALEZ,5/28/1971,M,M,arthur19@adventure-works.com,"$10,000 ",0,Partial High School,Manual,N
28748,MS.,KELLY,WASHINGTON,10/5/1971,S,F,kelly18@adventure-works.com,"$10,000 ",0,Partial High School,Manual,N
28749,MR.,FRANKLIN,ZHOU,10/8/1972,S,M,franklin8@adventure-works.com,"$30,000 ",0,High School,Manual,N
28750,MR.,ANDY,ROMERO,12/22/1972,M,M,andy13@adventure-works.com,"$40,000 ",1,Bachelors,Skilled Manual,Y
28751,MR.,JOE,BELSON,5/28/1972,M,M,joe18@adventure-works.com,"$40,000 ",1,Bachelors,Skilled Manual,Y
28752,MR.,ANDRE,SUBRAM,11/17/1972,S,M,andre13@adventure-works.com,"$40,000 ",1,Partial College,Clerical,N
28753,MS.,KRISTINE,CARLSON,7/9/1971,S,F,kristine19@adventure-works.com,"$20,000 ",0,Partial High School,Manual,N
28754,MR.,CHAD,NARA,4/25/1971,S,M,chad17@adventure-works.com,"$20,000 ",0,Partial High School,Manual,Y
28755,MR.,RAYMOND,GONZALEZ,5/25/1971,S,M,raymond19@adventure-works.com,"$30,000 ",0,High School,Manual,Y
28756,MRS.,STACEY,HEE,6/1/1970,S,F,stacey20@adventure-works.com,"$40,000 ",2,Partial College,Clerical,Y
28757,MR.,RONALD,RODRIGUEZ,9/20/1971,M,M,ronald22@adventure-works.com,"$40,000 ",2,Partial College,Clerical,Y
28758,MR.,TROY,RODRIGUEZ,8/8/1971,M,M,troy21@adventure-works.com,"$40,000 ",2,Partial College,Clerical,Y
28759,MRS.,MELISSA,RIVERA,4/3/1971,S,F,melissa39@adventure-works.com,"$40,000 ",2,Partial College,Clerical,Y
28760,MR.,LUCAS,HALL,11/20/1975,M,M,lucas38@adventure-works.com,"$40,000 ",3,Partial College,Clerical,Y
28761,MR.,ROBERT,CAMPBELL,10/19/1975,S,M,robert50@adventure-works.com,"$40,000 ",3,Partial College,Clerical,N
28762,MR.,AARON,HENDERSON,11/12/1974,M,M,aaron4@adventure-works.com,"$40,000 ",3,Partial College,Clerical,Y
28763,MRS.,MOHAMED,PAL,7/23/1974,S,F,mohamed0@adventure-works.com,"$40,000 ",3,Partial College,Clerical,Y
28764,MR.,FRANK,RUBIO,2/10/1974,S,M,frank29@adventure-works.com,"$40,000 ",3,Partial College,Clerical,N
28765,MS.,ABIGAIL,GONZALES,2/25/1974,M,F,abigail42@adventure-works.com,"$50,000 ",0,Graduate Degree,Skilled Manual,Y
28766,MR.,JOE,ALONSO,2/3/1975,S,M,joe31@adventure-works.com,"$40,000 ",3,Partial College,Clerical,Y
28767,MR.,GILBERT,HU,8/27/1975,M,M,gilbert18@adventure-works.com,"$40,000 ",3,Partial College,Clerical,Y
28768,MR.,EMMANUEL,RODRIGUEZ,7/4/1966,S,M,emmanuel17@adventure-works.com,"$80,000 ",0,Graduate Degree,Skilled Manual,N
28769,MS.,BRIANNA,FOSTER,9/7/1966,S,F,brianna61@adventure-works.com,"$80,000 ",0,Graduate Degree,Skilled Manual,Y
28770,MR.,SEBASTIAN,JAMES,7/2/1966,M,M,sebastian0@adventure-works.com,"$80,000 ",0,Graduate Degree,Skilled Manual,Y
28771,MRS.,KATHERINE,RUSSELL,8/8/1954,S,F,katherine46@adventure-works.com,"$20,000 ",3,Partial High School,Manual,N
28772,MR.,ERIC,HUGHES,4/27/1954,M,M,eric20@adventure-works.com,"$30,000 ",1,High School,Clerical,Y
28773,MR.,GERALD,MALHOTRA,9/27/1954,S,M,gerald34@adventure-works.com,"$30,000 ",1,High School,Clerical,N
28774,MRS.,LATASHA,ROWE,5/21/1954,M,F,latasha2@adventure-works.com,"$30,000 ",1,High School,Clerical,Y
28775,MRS.,MORGAN,ANDERSON,5/26/1954,M,F,morgan32@adventure-works.com,"$40,000 ",1,Partial College,Clerical,Y
28776,MRS.,ABIGAIL,MORRIS,10/11/1955,S,F,abigail4@adventure-works.com,"$20,000 ",3,Partial High School,Clerical,Y
28777,MRS.,BRITTANY,WOOD,6/17/1955,S,F,brittany2@adventure-works.com,"$20,000 ",3,Partial High School,Clerical,Y
28778,MR.,MAURICE,SHARMA,9/10/1955,M,M,maurice10@adventure-works.com,"$30,000 ",1,High School,Clerical,Y
28779,MRS.,MORGAN,REED,4/15/1955,S,F,morgan50@adventure-works.com,"$30,000 ",1,High School,Clerical,N
28780,MRS.,MELISSA,GRIFFIN,1/7/1956,M,F,melissa16@adventure-works.com,"$20,000 ",3,Partial High School,Clerical,N
28781,MR.,ALEX,COLLINS,5/15/1956,S,M,alex29@adventure-works.com,"$20,000 ",3,Partial High School,Clerical,N
28782,MR.,CODY,HOWARD,3/11/1956,M,M,cody12@adventure-works.com,"$30,000 ",2,High School,Skilled Manual,Y
28783,MRS.,MAKAYLA,RIVERA,7/6/1957,M,F,makayla14@adventure-works.com,"$20,000 ",2,Partial High School,Clerical,Y
28784,MRS.,BRIANA,GOMEZ,12/22/1957,M,F,briana1@adventure-works.com,"$20,000 ",2,Partial High School,Clerical,Y
28785,MR.,JOSE,FOSTER,8/28/1957,S,M,jose10@adventure-works.com,"$20,000 ",2,Partial High School,Clerical,Y
28786,MR.,ERICK,PRASAD,7/23/1957,M,M,erick9@adventure-works.com,"$20,000 ",2,Partial High School,Clerical,N
28787,MRS.,GABRIELLE,WOOD,4/5/1957,M,F,gabrielle24@adventure-works.com,"$20,000 ",2,Partial High School,Clerical,N
28788,MRS.,DOMINIQUE,MARTINEZ,10/9/1957,M,F,dominique15@adventure-works.com,"$30,000 ",2,High School,Skilled Manual,Y
28789,MR.,ELIJAH,ZHANG,3/11/1957,S,M,elijah25@adventure-works.com,"$30,000 ",2,High School,Skilled Manual,Y
28790,MR.,SETH,HOWARD,8/10/1958,S,M,seth82@adventure-works.com,"$30,000 ",2,High School,Skilled Manual,Y
28791,MR.,RICHARD,JOHNSTON,7/5/1958,M,M,richard62@adventure-works.com,"$40,000 ",1,Partial College,Clerical,Y
28792,MR.,HENRY,STONE,3/9/1958,S,M,henry9@adventure-works.com,"$40,000 ",2,Partial College,Clerical,Y
28793,,ALEXANDER,JACKSON,5/14/1958,M,NA,alexander15@adventure-works.com,"$40,000 ",2,Partial College,Clerical,N
28794,MR.,JUAN,COOPER,11/1/1959,S,M,juan18@adventure-works.com,"$40,000 ",2,Partial College,Clerical,N
28795,MR.,JESSE,ALLEN,1/14/1959,S,M,jesse42@adventure-works.com,"$40,000 ",2,Partial College,Clerical,N
28796,MR.,CAMERON,COLEMAN,10/25/1959,M,M,cameron1@adventure-works.com,"$40,000 ",2,Partial College,Clerical,N
28797,MRS.,ALEXANDRA,WOOD,10/18/1959,S,F,alexandra25@adventure-works.com,"$40,000 ",2,Partial College,Clerical,N
28798,MR.,TIMOTHY,PHILLIPS,6/17/1959,S,M,timothy31@adventure-works.com,"$40,000 ",2,Partial College,Clerical,N
28799,MRS.,AMBER,NELSON,6/14/1959,S,F,amber9@adventure-works.com,"$40,000 ",2,Partial College,Clerical,N
28800,MR.,MASON,SANCHEZ,3/7/1959,S,M,mason16@adventure-works.com,"$40,000 ",2,Partial College,Clerical,N
28801,MS.,KATELYN,HALL,8/13/1972,S,F,katelyn46@adventure-works.com,"$60,000 ",0,Graduate Degree,Skilled Manual,N
28802,MS.,ALLISON,NELSON,9/16/1972,M,F,allison32@adventure-works.com,"$60,000 ",0,Graduate Degree,Skilled Manual,Y
28803,MS.,GABRIELLA,EDWARDS,1/4/1972,S,F,gabriella22@adventure-works.com,"$60,000 ",0,Graduate Degree,Skilled Manual,N
28804,MR.,WYATT,ALLEN,12/13/1972,S,M,wyatt26@adventure-works.com,"$60,000 ",0,Graduate Degree,Skilled Manual,Y
28805,MS.,MARISSA,BENNETT,8/20/1972,M,F,marissa20@adventure-works.com,"$60,000 ",0,Graduate Degree,Skilled Manual,Y
28806,MR.,RANDALL,HERNANDEZ,11/19/1973,S,M,randall5@adventure-works.com,"$40,000 ",0,Graduate Degree,Skilled Manual,N
28807,MS.,MARIA,COX,9/12/1973,M,F,maria13@adventure-works.com,"$40,000 ",0,Graduate Degree,Skilled Manual,Y
28808,MS.,TRINITY,WATSON,11/19/1973,S,F,trinity0@adventure-works.com,"$40,000 ",0,Graduate Degree,Skilled Manual,N
28809,MR.,ISAAC,COOPER,9/20/1973,M,M,isaac8@adventure-works.com,"$40,000 ",1,Graduate Degree,Skilled Manual,Y
28810,MRS.,KAYLEE,BLUE,4/17/1973,M,F,kaylee10@adventure-works.com,"$40,000 ",1,Graduate Degree,Skilled Manual,Y
28811,MR.,CALEB,PHILLIPS,2/12/1973,M,M,caleb35@adventure-works.com,"$40,000 ",1,Graduate Degree,Skilled Manual,N
28812,MRS.,BRIANNA,WATSON,4/21/1973,M,F,brianna44@adventure-works.com,"$40,000 ",1,Graduate Degree,Skilled Manual,Y
28813,MR.,CAMERON,WASHINGTON,11/6/1971,M,M,cameron8@adventure-works.com,"$40,000 ",4,High School,Skilled Manual,Y
28814,MRS.,ANNA,BUTLER,3/22/1971,M,F,anna39@adventure-works.com,"$50,000 ",1,Graduate Degree,Skilled Manual,Y
28815,MRS.,LAUREN,JAMES,4/25/1971,M,F,lauren18@adventure-works.com,"$50,000 ",1,Graduate Degree,Skilled Manual,Y
28816,MRS.,JESSICA,COX,7/14/1971,S,F,jessica13@adventure-works.com,"$50,000 ",1,Graduate Degree,Skilled Manual,Y
28817,MR.,JAMES,LEE,9/12/1971,M,M,james95@adventure-works.com,"$50,000 ",1,Graduate Degree,Skilled Manual,Y
28818,MR.,DWAYNE,HERNANDEZ,5/2/1972,M,M,dwayne3@adventure-works.com,"$60,000 ",1,Graduate Degree,Skilled Manual,N
28819,MRS.,GRACE,BENNETT,10/11/1972,M,F,grace48@adventure-works.com,"$60,000 ",1,Graduate Degree,Skilled Manual,Y
28820,MRS.,NAOMI,ALVAREZ,7/20/1972,M,F,naomi4@adventure-works.com,"$60,000 ",1,Bachelors,Skilled Manual,Y
28821,MR.,BLAKE,JACKSON,7/20/1972,M,M,blake11@adventure-works.com,"$60,000 ",1,Bachelors,Skilled Manual,Y
28822,MRS.,AMANDA,ALEXANDER,7/19/1972,M,F,amanda40@adventure-works.com,"$60,000 ",1,Bachelors,Skilled Manual,Y
28823,MR.,XAVIER,BROWN,11/17/1972,M,M,xavier4@adventure-works.com,"$60,000 ",1,Graduate Degree,Skilled Manual,Y
28824,MR.,BRANDON,GONZALES,11/8/1972,S,M,brandon14@adventure-works.com,"$60,000 ",1,Graduate Degree,Skilled Manual,Y
28825,MR.,CALEB,HERNANDEZ,8/4/1972,M,M,caleb45@adventure-works.com,"$60,000 ",1,Graduate Degree,Skilled Manual,Y
28826,MR.,JACK,SHARMA,7/13/1972,M,M,jack31@adventure-works.com,"$60,000 ",1,Graduate Degree,Skilled Manual,Y
28827,MR.,JOSHUA,ROBINSON,3/26/1972,M,M,joshua20@adventure-works.com,"$60,000 ",1,Graduate Degree,Professional,Y
28828,MRS.,ANDREA,MURPHY,10/24/1972,S,F,andrea16@adventure-works.com,"$70,000 ",2,Graduate Degree,Professional,Y
28829,MR.,ROBERT,BRYANT,2/15/1970,M,M,robert29@adventure-works.com,"$40,000 ",1,Bachelors,Skilled Manual,N
28830,MR.,MATTHEW,SMITH,6/23/1970,M,M,matthew6@adventure-works.com,"$40,000 ",1,Bachelors,Skilled Manual,Y
28831,MRS.,ELIZABETH,HARRIS,1/15/1970,M,F,elizabeth17@adventure-works.com,"$40,000 ",1,Bachelors,Skilled Manual,Y
28832,MR.,JOSEPH,RODRIGUEZ,5/5/1970,M,M,joseph27@adventure-works.com,"$40,000 ",1,Bachelors,Skilled Manual,Y
28833,MRS.,ABIGAIL,HARRIS,11/3/1969,M,F,abigail54@adventure-works.com,"$60,000 ",1,Bachelors,Skilled Manual,Y
28834,MRS.,NATALIE,HILL,4/28/1969,M,F,natalie65@adventure-works.com,"$60,000 ",2,Bachelors,Skilled Manual,Y
28835,MR.,ELIJAH,PHILLIPS,3/25/1969,S,M,elijah34@adventure-works.com,"$60,000 ",2,Bachelors,Skilled Manual,N
28836,MRS.,LAUREN,COOK,8/8/1971,S,F,lauren3@adventure-works.com,"$60,000 ",1,Graduate Degree,Professional,N
28837,MRS.,VICTORIA,RODRIGUEZ,10/20/1971,M,F,victoria19@adventure-works.com,"$60,000 ",1,Graduate Degree,Professional,N
28838,MRS.,JASMINE,ROSS,10/26/1971,S,F,jasmine44@adventure-works.com,"$60,000 ",1,Graduate Degree,Professional,N
28839,MR.,CONNOR,PARKER,4/13/1971,M,M,connor28@adventure-works.com,"$60,000 ",1,Graduate Degree,Professional,Y
28840,MRS.,VALERIE,HARRISON,7/12/1971,S,F,valerie20@adventure-works.com,"$70,000 ",2,Graduate Degree,Professional,N
28841,MR.,SAMUEL,GONZALES,11/6/1971,M,M,samuel16@adventure-works.com,"$70,000 ",2,Graduate Degree,Professional,Y
28842,MRS.,NICOLE,BAILEY,5/20/1971,M,F,nicole33@adventure-works.com,"$70,000 ",3,Graduate Degree,Professional,Y
28843,MRS.,CHLOE,PRICE,1/21/1969,M,F,chloe66@adventure-works.com,"$60,000 ",1,Graduate Degree,Professional,Y
28844,MRS.,EMMA,RIVERA,4/24/1968,S,F,emma34@adventure-works.com,"$70,000 ",2,Bachelors,Skilled Manual,Y
28845,MRS.,KAITLYN,SIMMONS,11/7/1968,S,F,kaitlyn82@adventure-works.com,"$70,000 ",2,Bachelors,Skilled Manual,Y
28846,MRS.,CYNTHIA,LOPEZ,11/14/1968,S,F,cynthia22@adventure-works.com,"$70,000 ",2,Bachelors,Skilled Manual,N
28847,MRS.,CARLY,XU,5/23/1968,S,F,carly4@adventure-works.com,"$70,000 ",2,Bachelors,Skilled Manual,Y
28848,MR.,JUSTIN,BUTLER,7/26/1967,S,M,justin11@adventure-works.com,"$40,000 ",0,Bachelors,Professional,N
28849,MR.,GARRETT,MURPHY,10/23/1967,S,M,garrett19@adventure-works.com,"$40,000 ",0,Bachelors,Professional,N
28850,MR.,NELSON,HERNANDEZ,11/4/1970,S,M,nelson4@adventure-works.com,"$60,000 ",1,Graduate Degree,Professional,N
28851,MR.,MIGUEL,MITCHELL,1/27/1970,S,M,miguel37@adventure-works.com,"$60,000 ",2,Graduate Degree,Professional,N
28852,MRS.,MARIAH,WATSON,9/7/1970,M,F,mariah0@adventure-works.com,"$60,000 ",2,Graduate Degree,Professional,Y
28853,MR.,MIGUEL,DAVIS,10/6/1970,M,M,miguel4@adventure-works.com,"$60,000 ",2,Graduate Degree,Professional,Y
28854,MRS.,MORGAN,WALKER,6/9/1970,S,F,morgan44@adventure-works.com,"$70,000 ",3,Graduate Degree,Professional,N
28855,MS.,ALEXANDRA,PEREZ,7/25/1967,S,F,alexandra54@adventure-works.com,"$40,000 ",0,Bachelors,Professional,N
28856,MR.,LUKE,WANG,6/21/1967,M,M,luke14@adventure-works.com,"$60,000 ",2,Bachelors,Skilled Manual,Y
28857,MR.,MATTHEW,JOHNSON,6/17/1967,S,M,matthew7@adventure-works.com,"$60,000 ",2,Bachelors,Skilled Manual,Y
28858,MR.,AIDAN,HUGHES,1/19/1966,S,M,aidan12@adventure-works.com,"$80,000 ",3,Bachelors,Skilled Manual,Y
28859,MR.,MICAH,CAI,10/9/1966,S,M,micah9@adventure-works.com,"$80,000 ",3,Bachelors,Skilled Manual,Y
28860,MR.,IAN,ANDERSON,5/24/1966,M,M,ian10@adventure-works.com,"$60,000 ",0,Graduate Degree,Professional,N
28861,MS.,ALEXANDRA,WALKER,12/19/1976,M,F,alexandra87@adventure-works.com,"$40,000 ",0,High School,Skilled Manual,Y
28862,MS.,CATHERINE,RAMIREZ,6/26/1976,S,F,catherine6@adventure-works.com,"$40,000 ",0,High School,Skilled Manual,N
28863,MS.,ALLISON,BELL,12/26/1976,M,F,allison13@adventure-works.com,"$40,000 ",0,Partial College,Skilled Manual,Y
28864,MS.,NATALIE,MURPHY,4/26/1976,S,F,natalie8@adventure-works.com,"$40,000 ",0,Partial College,Skilled Manual,N
28865,MR.,ALEX,REED,1/5/1974,M,M,alex24@adventure-works.com,"$50,000 ",0,Partial College,Skilled Manual,Y
28866,MR.,AARON,ADAMS,2/5/1974,S,M,aaron48@adventure-works.com,"$50,000 ",0,Partial College,Skilled Manual,Y
28867,MS.,NATALIE,MARTINEZ,4/21/1974,M,F,natalie85@adventure-works.com,"$50,000 ",0,Partial College,Skilled Manual,Y
28868,MR.,JASON,CHEN,2/6/1974,M,M,jason23@adventure-works.com,"$50,000 ",0,Partial College,Skilled Manual,Y
28869,MS.,ISABELLA,HOWARD,9/17/1972,S,F,isabella1@adventure-works.com,"$70,000 ",0,Partial College,Skilled Manual,Y
28870,MR.,BRIAN,WATSON,3/13/1972,M,M,brian12@adventure-works.com,"$70,000 ",0,Partial College,Skilled Manual,Y
28871,MS.,JASMINE,WEST,9/26/1972,S,F,jasmine37@adventure-works.com,"$70,000 ",0,Partial College,Skilled Manual,Y
28872,MS.,KELLI,HE,6/16/1971,S,F,kelli19@adventure-works.com,"$130,000 ",0,Partial High School,Management,N
28873,MR.,ROGER,DENG,5/18/1953,M,M,roger28@adventure-works.com,"$70,000 ",4,Partial College,Professional,Y
28874,MRS.,ALEXA,BROOKS,9/11/1953,M,F,alexa1@adventure-works.com,"$70,000 ",4,Partial College,Professional,Y
28875,MR.,DENISE,SMITH,6/6/1957,S,M,denise2@adventure-works.com,"$110,000 ",2,Partial College,Professional,Y
28876,MR.,AUSTIN,GARCIA,10/21/1957,M,M,austin32@adventure-works.com,"$130,000 ",2,Partial College,Professional,Y
28877,MR.,JOE,VANCE,11/24/1957,S,M,joe8@adventure-works.com,"$150,000 ",2,High School,Professional,N
28878,MR.,ALVIN,GUO,4/8/1957,M,M,alvin16@adventure-works.com,"$160,000 ",2,High School,Professional,Y
28879,MR.,EDWIN,XIE,12/1/1957,S,M,edwin25@adventure-works.com,"$170,000 ",3,Bachelors,Management,N
28880,MRS.,FELICIA,MOYER,8/28/1957,S,F,felicia9@adventure-works.com,"$170,000 ",4,Bachelors,Management,N
28881,MR.,ALLEN,KAPOOR,5/2/1956,M,M,allen1@adventure-works.com,"$110,000 ",2,Partial College,Professional,Y
28882,MRS.,TASHA,SHEN,8/3/1956,M,F,tasha2@adventure-works.com,"$110,000 ",2,Partial College,Professional,Y
28883,MR.,EDDIE,ROMERO,9/11/1956,M,M,eddie9@adventure-works.com,"$120,000 ",3,High School,Professional,Y
28884,MRS.,SHEILA,SUAREZ,10/3/1956,S,F,sheila17@adventure-works.com,"$170,000 ",3,High School,Professional,N
28885,MR.,KELVIN,RAJI,9/8/1955,S,M,kelvin18@adventure-works.com,"$90,000 ",2,High School,Professional,Y
28886,MR.,FRANKLIN,JAI,7/14/1955,M,M,franklin29@adventure-works.com,"$100,000 ",2,High School,Professional,Y
28887,MR.,CASEY,SERRANO,5/14/1955,S,M,casey40@adventure-works.com,"$120,000 ",2,Partial High School,Professional,N
28889,MRS.,ALISON,BECK,10/13/1945,M,F,alison21@adventure-works.com,"$80,000 ",5,Bachelors,Management,N
28890,MRS.,JACLYN,MA,4/15/1945,M,F,jaclyn17@adventure-works.com,"$90,000 ",5,Partial College,Professional,Y
28891,MRS.,JASMINE,SMITH,11/1/1945,S,F,jasmine0@adventure-works.com,"$130,000 ",4,Partial College,Professional,N
28892,MRS.,MARISSA,BRYANT,6/16/1945,S,F,marissa15@adventure-works.com,"$130,000 ",4,Partial College,Professional,N
28893,MRS.,JESSIE,GUTIERREZ,6/12/1946,M,F,jessie30@adventure-works.com,"$80,000 ",5,Partial College,Professional,Y
28894,MR.,MAURICE,XU,8/3/1946,M,M,maurice5@adventure-works.com,"$100,000 ",2,Bachelors,Management,Y
28895,MR.,MITCHELL,LUO,5/18/1946,S,M,mitchell5@adventure-works.com,"$110,000 ",3,Bachelors,Management,Y
28896,MR.,EDWARD,DAVIS,11/12/1953,M,M,edward27@adventure-works.com,"$70,000 ",4,High School,Professional,Y
28897,MRS.,JENNIFER,ROSS,3/18/1953,S,F,jennifer79@adventure-works.com,"$80,000 ",4,Partial College,Professional,N
28898,MRS.,MELANIE,PATTERSON,6/26/1954,S,F,melanie26@adventure-works.com,"$130,000 ",3,Partial College,Professional,N
28899,MR.,ALEJANDRO,ANAND,9/19/1954,M,M,alejandro47@adventure-works.com,"$130,000 ",4,High School,Professional,Y
28900,MRS.,JASMINE,PRICE,6/5/1953,S,F,jasmine41@adventure-works.com,"$110,000 ",2,Bachelors,Management,N
28901,MRS.,MARTHA,HEE,1/25/1953,M,F,martha18@adventure-works.com,"$120,000 ",2,Bachelors,Management,Y
28902,MRS.,SUZANNE,SHE,11/16/1953,S,F,suzanne24@adventure-works.com,"$120,000 ",2,Bachelors,Management,N
28903,MRS.,KARA,LUO,10/25/1953,M,F,kara6@adventure-works.com,"$130,000 ",4,Partial College,Professional,Y
28904,MR.,IAN,FLORES,4/10/1951,M,M,ian53@adventure-works.com,"$70,000 ",5,Partial High School,Skilled Manual,N
28905,MRS.,KATHERINE,BAILEY,2/19/1951,M,F,katherine10@adventure-works.com,"$80,000 ",4,High School,Professional,Y
28906,MR.,STEVE,XU,9/27/1951,M,M,steve15@adventure-works.com,"$80,000 ",4,High School,Professional,Y
28907,MR.,BLAKE,JENKINS,2/19/1951,M,M,blake54@adventure-works.com,"$160,000 ",4,Partial College,Professional,N
28908,MS.,DOMINIQUE,SAI,3/14/1951,S,F,dominique5@adventure-works.com,"$170,000 ",0,Partial College,Management,N
28909,MR.,TOMMY,CHAMPION,1/5/1950,M,M,tommy11@adventure-works.com,"$90,000 ",4,High School,Management,Y
28910,MRS.,MELODY,MARTIN,8/14/1950,S,F,melody0@adventure-works.com,"$90,000 ",4,High School,Management,Y
28911,MR.,LEVI,RODRIGUEZ,3/20/1950,M,M,levi17@adventure-works.com,"$90,000 ",4,High School,Management,Y
28912,MR.,ALEJANDRO,ZHU,9/7/1950,M,M,alejandro17@adventure-works.com,"$100,000 ",3,Partial College,Management,Y
28913,MRS.,KRISTA,DIAZ,8/24/1950,S,F,krista3@adventure-works.com,"$150,000 ",4,Bachelors,Management,N
28914,MS.,ALICIA,RAI,11/20/1950,M,F,alicia14@adventure-works.com,"$170,000 ",0,Partial College,Management,N
28915,MR.,JOHNNY,YUAN,5/27/1949,S,M,johnny7@adventure-works.com,"$80,000 ",5,High School,Management,Y
28916,MRS.,KATHRYN,SHAN,8/16/1949,M,F,kathryn9@adventure-works.com,"$160,000 ",3,Partial College,Management,Y
28917,MRS.,SANDRA,ZHOU,2/3/1948,S,F,sandra15@adventure-works.com,"$80,000 ",5,High School,Management,N
28918,MRS.,GINA,BLANCO,4/7/1948,M,F,gina16@adventure-works.com,"$130,000 ",4,High School,Management,N
28919,MRS.,KRYSTAL,WAGNER,6/5/1947,M,F,krystal1@adventure-works.com,"$90,000 ",5,Partial High School,Skilled Manual,Y
28920,MRS.,RENÉE,ALVAREZ,9/21/1947,S,F,renée4@adventure-works.com,"$120,000 ",4,High School,Management,N
28921,MR.,COREY,DENG,5/17/1947,M,M,corey1@adventure-works.com,"$120,000 ",5,High School,Management,N
28922,MR.,BRENT,YE,11/13/1975,M,M,brent9@adventure-works.com,"$60,000 ",0,Bachelors,Professional,Y
28923,MR.,ROBERTO,HERNANDEZ,8/7/1975,S,M,roberto3@adventure-works.com,"$70,000 ",0,Bachelors,Professional,N
28924,MS.,SYDNEY,WASHINGTON,6/27/1976,S,F,sydney35@adventure-works.com,"$70,000 ",0,Bachelors,Professional,N
28925,MR.,WARREN,LU,4/3/1976,M,M,warren27@adventure-works.com,"$70,000 ",0,Bachelors,Professional,Y
28926,MR.,DANNY,SCHMIDT,5/15/1976,S,M,danny21@adventure-works.com,"$70,000 ",0,Bachelors,Professional,N
28927,MR.,JERMAINE,RANA,3/19/1976,S,M,jermaine9@adventure-works.com,"$80,000 ",0,Bachelors,Professional,Y
28928,MS.,MARGARET,WU,6/19/1976,S,F,margaret13@adventure-works.com,"$80,000 ",0,Bachelors,Professional,N
28929,MS.,MARIE,FERNANDEZ,8/12/1975,S,F,marie17@adventure-works.com,"$70,000 ",0,Bachelors,Professional,N
28930,MR.,JARROD,KAPOOR,5/27/1975,M,M,jarrod1@adventure-works.com,"$80,000 ",0,Bachelors,Professional,Y
28931,MR.,DARREN,JIMÉNEZ,11/6/1975,M,M,darren27@adventure-works.com,"$80,000 ",0,Bachelors,Professional,Y
28932,MR.,MARSHALL,ASHE,8/27/1974,M,M,marshall42@adventure-works.com,"$70,000 ",0,Bachelors,Professional,Y
28933,MS.,COLLEEN,RAI,11/10/1974,M,F,colleen40@adventure-works.com,"$70,000 ",0,Bachelors,Professional,Y
28934,MR.,RICARDO,NARA,10/4/1974,M,M,ricardo16@adventure-works.com,"$70,000 ",0,Bachelors,Professional,N
28935,MR.,EDDIE,JOHNSEN,6/2/1975,S,M,eddie6@adventure-works.com,"$90,000 ",0,Bachelors,Professional,N
28936,MS.,KARLA,RAJE,12/22/1974,M,F,karla15@adventure-works.com,"$80,000 ",0,Bachelors,Professional,Y
28937,MR.,TOMMY,NATH,4/15/1973,S,M,tommy15@adventure-works.com,"$80,000 ",0,Bachelors,Professional,N
28938,MS.,SARAH,MOORE,10/4/1974,M,F,sarah10@adventure-works.com,"$80,000 ",0,Bachelors,Professional,Y
28939,MR.,RONALD,FERNANDEZ,10/16/1974,M,M,ronald18@adventure-works.com,"$80,000 ",0,Bachelors,Professional,N
28940,MS.,KRISTINE,SERRANO,8/23/1974,M,F,kristine17@adventure-works.com,"$80,000 ",0,Bachelors,Professional,Y
28941,MS.,DEANNA,MORENO,4/2/1974,S,F,deanna32@adventure-works.com,"$80,000 ",0,Bachelors,Professional,N
28942,MR.,FREDERICK,RAMAN,2/27/1973,M,M,frederick11@adventure-works.com,"$90,000 ",0,Bachelors,Professional,Y
28943,MR.,ARTHUR,MARTIN,1/15/1973,S,M,arthur23@adventure-works.com,"$90,000 ",0,Bachelors,Professional,N
28944,MS.,WHITNEY,MALHOTRA,5/12/1973,M,F,whitney5@adventure-works.com,"$90,000 ",0,Bachelors,Professional,N
28945,MR.,RAFAEL,LAL,6/3/1972,M,M,rafael32@adventure-works.com,"$80,000 ",0,Bachelors,Professional,Y
28946,MR.,JOHN,ANDERSON,9/25/1972,S,M,john47@adventure-works.com,"$80,000 ",0,Bachelors,Professional,Y
28947,MR.,GRANT,NATH,4/20/1973,M,M,grant20@adventure-works.com,"$120,000 ",0,Partial High School,Professional,Y
28948,MS.,VALERIE,YE,8/6/1973,S,F,valerie11@adventure-works.com,"$120,000 ",0,Partial High School,Professional,N
28949,MR.,LANCE,RAMOS,4/23/1973,S,M,lance17@adventure-works.com,"$130,000 ",4,High School,Management,Y
28950,MR.,CARL,LAL,11/26/1972,S,M,carl8@adventure-works.com,"$90,000 ",0,Bachelors,Professional,Y
28951,MS.,MONICA,RODRIGUEZ,3/25/1972,M,F,monica19@adventure-works.com,"$90,000 ",0,Bachelors,Professional,N
28952,MR.,ARTURO,HUANG,9/17/1972,S,M,arturo6@adventure-works.com,"$100,000 ",0,High School,Management,N
28953,MS.,TRISHA,GAO,3/19/1972,S,F,trisha9@adventure-works.com,"$100,000 ",0,High School,Management,Y
28954,MR.,OMAR,HU,12/22/1972,M,M,omar19@adventure-works.com,"$100,000 ",0,High School,Management,Y
28955,MR.,EMMANUEL,FERNANDEZ,10/19/1971,S,M,emmanuel14@adventure-works.com,"$80,000 ",0,Bachelors,Professional,N
28956,MS.,COLLEEN,XU,4/22/1971,S,F,colleen29@adventure-works.com,"$80,000 ",0,Bachelors,Professional,Y
28957,MS.,KATE,XU,2/11/1972,S,F,kate4@adventure-works.com,"$120,000 ",0,Partial High School,Professional,Y
28958,MR.,RANDY,LIANG,12/2/1972,M,M,randy19@adventure-works.com,"$130,000 ",4,High School,Management,N
28959,MR.,JIMMY,ASHE,1/15/1972,M,M,jimmy7@adventure-works.com,"$130,000 ",4,High School,Management,Y
28960,MRS.,JACQUELYN,VAZQUEZ,3/22/1972,M,F,jacquelyn15@adventure-works.com,"$160,000 ",3,Partial High School,Professional,N
28961,MR.,MATHEW,RAMOS,2/21/1971,S,M,mathew13@adventure-works.com,"$100,000 ",0,High School,Management,N
28962,MR.,STANLEY,LOPEZ,7/3/1970,S,M,stanley18@adventure-works.com,"$100,000 ",0,High School,Management,N
28963,MR.,ROSS,PRASAD,9/9/1970,S,M,ross9@adventure-works.com,"$110,000 ",0,High School,Management,N
28964,MR.,TREVOR,FOSTER,6/22/1949,S,M,trevor16@adventure-works.com,"$40,000 ",4,High School,Professional,Y
28965,MRS.,TRINITY,MORRIS,8/3/1949,M,F,trinity15@adventure-works.com,"$40,000 ",4,High School,Professional,Y
28966,MRS.,MARTHA,LI,2/18/1949,S,F,martha3@adventure-works.com,"$40,000 ",4,High School,Professional,N
28967,MRS.,JESSICA,MORRIS,2/1/1948,S,F,jessica2@adventure-works.com,"$30,000 ",4,High School,Professional,N
28968,MR.,MARCUS,MORGAN,2/24/1948,S,M,marcus89@adventure-works.com,"$30,000 ",4,High School,Professional,Y
28969,MR.,EDUARDO,FLORES,5/8/1948,M,M,eduardo57@adventure-works.com,"$30,000 ",4,High School,Professional,Y
28970,MRS.,DANIELLE,PETERSON,6/25/1938,S,F,danielle7@adventure-works.com,"$60,000 ",3,Graduate Degree,Management,Y
28971,MR.,JASON,SHAN,6/20/1939,S,M,jason28@adventure-works.com,"$60,000 ",3,Graduate Degree,Management,N
28972,MRS.,TAYLOR,BENNETT,11/10/1939,S,F,taylor26@adventure-works.com,"$60,000 ",3,Graduate Degree,Management,Y
28973,MR.,BRYAN,COOPER,11/19/1939,S,M,bryan10@adventure-works.com,"$60,000 ",3,Graduate Degree,Management,N
28974,MRS.,KELLY,HAYES,10/7/1939,S,F,kelly27@adventure-works.com,"$60,000 ",3,Graduate Degree,Management,N
28975,MR.,WALTER,GILL,7/6/1940,M,M,walter7@adventure-works.com,"$40,000 ",4,High School,Professional,Y
28976,MRS.,CHRISTINA,PETERSON,2/9/1940,S,F,christina3@adventure-works.com,"$60,000 ",3,Bachelors,Management,N
28977,MR.,CARLOS,NELSON,7/25/1940,S,M,carlos37@adventure-works.com,"$60,000 ",3,Bachelors,Management,Y
28979,MR.,MATTHEW,WILLIAMS,6/24/1940,M,M,matthew8@adventure-works.com,"$60,000 ",3,Bachelors,Management,Y
28980,MRS.,ALYSSA,WATSON,2/13/1940,S,F,alyssa43@adventure-works.com,"$60,000 ",3,Bachelors,Management,N
28981,,LUKE,JAI,3/17/1940,S,NA,luke21@adventure-works.com,"$60,000 ",3,Graduate Degree,Management,N
28982,MRS.,SYDNEY,WATSON,12/23/1941,S,F,sydney19@adventure-works.com,"$60,000 ",3,Bachelors,Management,N
28983,MR.,SEAN,LOPEZ,7/28/1941,S,M,sean45@adventure-works.com,"$60,000 ",4,Bachelors,Management,N
28984,MRS.,KATHERINE,COX,12/11/1941,M,F,katherine14@adventure-works.com,"$60,000 ",4,Bachelors,Management,Y
28985,MR.,ANDREW,TAYLOR,2/3/1942,S,M,andrew18@adventure-works.com,"$50,000 ",4,Bachelors,Management,N
28986,MR.,CALEB,KING,7/25/1943,M,M,caleb47@adventure-works.com,"$60,000 ",4,Bachelors,Management,N
28987,MRS.,JESSICA,HARRIS,6/6/1943,S,F,jessica61@adventure-works.com,"$60,000 ",4,Bachelors,Management,Y
28988,MR.,HAROLD,PEREZ,2/22/1944,S,M,harold18@adventure-works.com,"$30,000 ",5,Partial High School,Clerical,N
28989,MRS.,ANGELA,COX,1/17/1944,S,F,angela36@adventure-works.com,"$30,000 ",5,Partial High School,Clerical,Y
28990,MRS.,ANN,RAMAN,3/6/1944,S,F,ann17@adventure-works.com,"$30,000 ",5,Partial High School,Clerical,Y
28991,MR.,TIMOTHY,WARD,1/20/1947,S,M,timothy13@adventure-works.com,"$40,000 ",4,High School,Professional,Y
28992,MR.,DARREN,FERNANDEZ,1/7/1947,S,M,darren17@adventure-works.com,"$40,000 ",4,High School,Professional,N
28993,MRS.,DESTINY,PERRY,11/12/1945,M,F,destiny56@adventure-works.com,"$30,000 ",5,Partial High School,Clerical,N
28994,MR.,NOAH,HAYES,3/3/1946,S,M,noah20@adventure-works.com,"$40,000 ",5,High School,Professional,N
28995,MRS.,ALEXANDRA,WRIGHT,9/20/1946,S,F,alexandra61@adventure-works.com,"$40,000 ",2,High School,Professional,Y
28996,MRS.,RACHEL,RIVERA,8/9/1947,M,F,rachel37@adventure-works.com,"$40,000 ",2,High School,Professional,N
28997,MR.,HECTOR,CARLSON,11/27/1947,S,M,hector16@adventure-works.com,"$40,000 ",2,High School,Professional,N
28998,MRS.,KRISTINA,RODRIGUEZ,3/13/1947,M,F,kristina19@adventure-works.com,"$40,000 ",2,High School,Professional,Y
28999,,EDWARD,MARTINEZ,10/24/1947,M,NA,edward40@adventure-works.com,"$70,000 ",2,Bachelors,Management,N
29000,MR.,NATHAN,BAKER,8/22/1947,S,M,nathan44@adventure-works.com,"$70,000 ",2,Bachelors,Management,Y
29001,MR.,CARL,NATH,10/18/1947,S,M,carl17@adventure-works.com,"$70,000 ",2,Bachelors,Management,N
29002,MRS.,HANNAH,WALKER,3/23/1948,M,F,hannah21@adventure-works.com,"$70,000 ",2,Partial College,Professional,Y
29003,MRS.,VERONICA,PEREZ,4/18/1948,M,F,veronica23@adventure-works.com,"$70,000 ",2,Partial College,Professional,Y
29004,MR.,ANDREW,THOMAS,11/24/1948,M,M,andrew20@adventure-works.com,"$70,000 ",4,Bachelors,Management,Y
29005,MR.,CAMERON,GONZALES,9/16/1949,S,M,cameron12@adventure-works.com,"$60,000 ",2,Partial College,Professional,Y
29006,MR.,CHRISTIAN,KUMAR,2/25/1949,S,M,christian14@adventure-works.com,"$60,000 ",2,Partial College,Professional,Y
29007,MR.,ELIJAH,PERRY,12/26/1949,S,M,elijah11@adventure-works.com,"$60,000 ",2,Partial College,Professional,Y
29008,MR.,ANDRES,LUO,12/2/1949,S,M,andres3@adventure-works.com,"$60,000 ",2,Bachelors,Management,N
29009,MR.,STANLEY,ARUN,10/17/1949,M,M,stanley7@adventure-works.com,"$60,000 ",2,Bachelors,Management,Y
29010,MRS.,JENNIFER,LONG,12/2/1949,S,F,jennifer83@adventure-works.com,"$60,000 ",2,Bachelors,Management,N
29011,MRS.,ALLISON,ROBERTS,10/13/1949,M,F,allison26@adventure-works.com,"$70,000 ",4,Partial College,Professional,Y
29012,MR.,JEREMIAH,TAYLOR,1/3/1950,M,M,jeremiah2@adventure-works.com,"$40,000 ",2,Partial High School,Skilled Manual,Y
29013,MRS.,EMMA,HALL,5/10/1950,S,F,emma23@adventure-works.com,"$40,000 ",2,Partial High School,Skilled Manual,Y
29014,MR.,RYAN,POWELL,2/4/1950,M,M,ryan11@adventure-works.com,"$60,000 ",2,Partial College,Professional,Y
29015,MRS.,TRINITY,MURPHY,2/3/1950,M,F,trinity13@adventure-works.com,"$60,000 ",2,Partial College,Professional,Y
29016,MR.,JACKSON,PEREZ,3/20/1950,S,M,jackson33@adventure-works.com,"$60,000 ",2,Partial College,Professional,N
29017,MR.,GABRIEL,LONG,6/26/1950,M,M,gabriel6@adventure-works.com,"$60,000 ",2,High School,Professional,N
29018,MR.,DREW,LUO,6/13/1950,M,M,drew6@adventure-works.com,"$60,000 ",2,Partial College,Professional,Y
29019,MR.,ISAIAH,MORRIS,6/26/1950,S,M,isaiah18@adventure-works.com,"$70,000 ",4,Partial College,Professional,N
29020,MR.,JACKSON,YOUNG,1/18/1950,S,M,jackson48@adventure-works.com,"$80,000 ",3,Bachelors,Management,Y
29021,MR.,WILLIAM,CLARK,8/18/1951,S,M,william14@adventure-works.com,"$60,000 ",2,High School,Professional,Y
29022,MRS.,SYDNEY,DIAZ,11/3/1951,S,F,sydney43@adventure-works.com,"$60,000 ",2,High School,Professional,Y
29023,MR.,DALTON,CAMPBELL,12/24/1951,M,M,dalton41@adventure-works.com,"$60,000 ",2,Partial College,Professional,Y
29024,MRS.,DEANNA,BLANCO,9/9/1951,S,F,deanna42@adventure-works.com,"$60,000 ",2,Partial College,Professional,Y
29025,MR.,MIGUEL,HAYES,2/3/1951,S,M,miguel69@adventure-works.com,"$60,000 ",2,Partial College,Professional,Y
29026,MRS.,SYDNEY,MITCHELL,4/25/1952,M,F,sydney52@adventure-works.com,"$40,000 ",2,Partial High School,Skilled Manual,N
29027,MR.,JACOB,WALKER,9/26/1952,S,M,jacob19@adventure-works.com,"$70,000 ",2,High School,Professional,N
29028,MR.,SAMUEL,PARKER,11/2/1952,S,M,samuel30@adventure-works.com,"$70,000 ",2,Partial High School,Skilled Manual,Y
29029,MR.,MARCUS,BENNETT,8/27/1952,S,M,marcus50@adventure-works.com,"$70,000 ",2,Partial High School,Skilled Manual,Y
29031,MR.,BRANDON,CHEN,6/10/1952,M,M,brandon22@adventure-works.com,"$70,000 ",2,Partial High School,Skilled Manual,Y
29032,MRS.,TAYLOR,RAMIREZ,2/10/1952,S,F,taylor19@adventure-works.com,"$70,000 ",2,Partial High School,Skilled Manual,N
29033,MRS.,NATALIE,COOPER,9/16/1953,M,F,natalie11@adventure-works.com,"$60,000 ",3,High School,Professional,N
29034,MR.,JONATHAN,PATTERSON,1/15/1953,M,M,jonathan10@adventure-works.com,"$60,000 ",3,High School,Professional,N
29035,MR.,ELIJAH,SCOTT,8/22/1953,S,M,elijah40@adventure-works.com,"$60,000 ",3,Partial High School,Skilled Manual,Y
29036,MRS.,REBECCA,BAKER,10/25/1953,M,F,rebecca18@adventure-works.com,"$60,000 ",3,Partial High School,Skilled Manual,Y
29037,MR.,BRANDON,LEWIS,10/16/1966,M,M,brandon51@adventure-works.com,"$60,000 ",0,Graduate Degree,Professional,N
29038,MS.,VANESSA,HUGHES,10/23/1966,S,F,vanessa12@adventure-works.com,"$60,000 ",0,Graduate Degree,Professional,N
29039,MR.,XAVIER,HAYES,10/26/1969,S,M,xavier63@adventure-works.com,"$70,000 ",5,Graduate Degree,Professional,N
29040,MRS.,COLLEEN,LIU,3/20/1969,S,F,colleen4@adventure-works.com,"$70,000 ",5,Graduate Degree,Professional,N
29041,MR.,CHARLES,COLLINS,4/10/1972,S,M,charles45@adventure-works.com,"$80,000 ",0,Bachelors,Management,Y
29042,MR.,EDWARD,JACKSON,2/2/1968,M,M,edward34@adventure-works.com,"$80,000 ",0,Bachelors,Management,Y
29043,MR.,LUKE,ALEXANDER,7/15/1968,M,M,luke8@adventure-works.com,"$80,000 ",0,Bachelors,Management,Y
29044,MRS.,OLIVIA,WILSON,3/2/1968,S,F,olivia6@adventure-works.com,"$90,000 ",4,Bachelors,Management,Y
29045,MS.,ANNA,JONES,11/10/1967,S,F,anna64@adventure-works.com,"$110,000 ",0,Graduate Degree,Management,N
29046,MRS.,GABRIELLA,RICHARDSON,2/19/1963,S,F,gabriella7@adventure-works.com,"$80,000 ",4,Bachelors,Management,N
29047,MR.,JACK,LOPEZ,6/2/1963,M,M,jack48@adventure-works.com,"$80,000 ",4,Bachelors,Management,Y
29048,MR.,WILLIAM,HARRIS,10/3/1968,S,M,william9@adventure-works.com,"$110,000 ",2,Bachelors,Management,N
29049,MS.,KELLY,SIMMONS,9/26/1979,S,F,kelly20@adventure-works.com,"$40,000 ",0,High School,Skilled Manual,Y
29050,MR.,JACK,RUSSELL,7/22/1979,S,M,jack20@adventure-works.com,"$40,000 ",0,Partial College,Skilled Manual,Y
29051,MS.,MICHELE,SHE,8/25/1979,S,F,michele0@adventure-works.com,"$40,000 ",0,Partial College,Skilled Manual,N
29052,MR.,IAN,PETERSON,2/4/1979,S,M,ian71@adventure-works.com,"$40,000 ",0,Partial College,Skilled Manual,Y
29053,MR.,NELSON,GOMEZ,10/3/1944,S,M,nelson1@adventure-works.com,"$10,000 ",5,High School,Skilled Manual,N
29054,MRS.,ABBY,KAPOOR,9/3/1944,M,F,abby0@adventure-works.com,"$20,000 ",3,High School,Skilled Manual,Y
29055,MRS.,MONICA,SAI,11/11/1944,M,F,monica6@adventure-works.com,"$20,000 ",4,High School,Skilled Manual,Y
29056,MS.,ANGELICA,GRIFFIN,3/5/1979,M,F,angelica20@adventure-works.com,"$60,000 ",0,Partial College,Skilled Manual,Y
29057,MS.,LATOYA,ANDERSEN,5/9/1978,S,F,latoya11@adventure-works.com,"$30,000 ",0,Partial College,Skilled Manual,N
29058,MS.,OLIVIA,REED,1/3/1978,S,F,olivia28@adventure-works.com,"$60,000 ",0,Partial College,Skilled Manual,N
29059,MS.,JOCELYN,PERRY,6/20/1978,S,F,jocelyn8@adventure-works.com,"$60,000 ",0,Partial College,Skilled Manual,Y
29060,MR.,DAVID,WASHINGTON,4/1/1978,S,M,david46@adventure-works.com,"$60,000 ",0,Partial College,Skilled Manual,N
29061,MR.,JAIME,KUMAR,4/19/1945,S,M,jaime31@adventure-works.com,"$10,000 ",2,Partial High School,Clerical,Y
29062,MR.,DENNIS,LIU,4/21/1945,M,M,dennis5@adventure-works.com,"$20,000 ",4,High School,Skilled Manual,Y
29063,MR.,ALAN,LIANG,8/25/1946,S,M,alan20@adventure-works.com,"$20,000 ",4,High School,Skilled Manual,N
29064,MR.,JOSE,BUTLER,12/10/1946,S,M,jose8@adventure-works.com,"$30,000 ",2,Partial College,Clerical,Y
29065,MRS.,PAMELA,RODRIGUEZ,2/21/1946,S,F,pamela22@adventure-works.com,"$30,000 ",2,Partial College,Clerical,N
29066,MR.,RICKY,SUAREZ,1/28/1946,M,M,ricky20@adventure-works.com,"$40,000 ",2,Bachelors,Management,Y
29067,MR.,RUSSELL,CHANDER,5/10/1946,M,M,russell18@adventure-works.com,"$40,000 ",2,Bachelors,Management,Y
29068,MRS.,CASSANDRA,MADAN,3/18/1947,S,F,cassandra8@adventure-works.com,"$20,000 ",4,High School,Skilled Manual,N
29071,MS.,MEGAN,THOMAS,11/18/1977,S,F,megan14@adventure-works.com,"$40,000 ",0,Bachelors,Professional,N
29072,MS.,EMMA,RAMIREZ,8/18/1977,S,F,emma43@adventure-works.com,"$40,000 ",0,Bachelors,Professional,N
29073,MS.,MELANIE,BARNES,2/19/1977,S,F,melanie18@adventure-works.com,"$40,000 ",0,Bachelors,Professional,N
29074,MS.,JOAN,LONG,7/28/1977,S,F,joan9@adventure-works.com,"$40,000 ",0,Partial College,Skilled Manual,N
29075,MR.,JACK,WRIGHT,7/5/1977,S,M,jack56@adventure-works.com,"$40,000 ",0,Partial College,Skilled Manual,Y
29076,MS.,MEGAN,MILLER,3/4/1977,S,F,megan9@adventure-works.com,"$60,000 ",0,Partial College,Skilled Manual,N
29077,MR.,BLAKE,HENDERSON,11/23/1977,S,M,blake52@adventure-works.com,"$70,000 ",0,Partial College,Skilled Manual,Y
29078,MS.,VICTORIA,SANDERS,9/27/1977,M,F,victoria47@adventure-works.com,"$70,000 ",0,Partial College,Skilled Manual,Y
29079,MR.,BRIAN,ROGERS,6/7/1976,M,M,brian31@adventure-works.com,"$60,000 ",0,Partial College,Skilled Manual,N
29080,MRS.,YOLANDA,NARA,7/17/1949,M,F,yolanda15@adventure-works.com,"$20,000 ",2,Partial High School,Clerical,Y
29081,MR.,DARREN,LOPEZ,3/17/1949,S,M,darren18@adventure-works.com,"$20,000 ",2,Partial High School,Clerical,Y
29082,MRS.,SABRINA,RAMOS,1/22/1949,S,F,sabrina11@adventure-works.com,"$20,000 ",2,Partial High School,Clerical,Y
29083,MRS.,TONI,SULLIVAN,8/21/1950,S,F,toni13@adventure-works.com,"$10,000 ",2,Partial High School,Clerical,Y
29084,MRS.,BETH,HERNANDEZ,6/23/1950,S,F,beth6@adventure-works.com,"$20,000 ",2,Partial High School,Clerical,Y
29085,MR.,BRAD,GOEL,11/27/1950,M,M,brad20@adventure-works.com,"$20,000 ",2,Partial High School,Clerical,Y
29086,MR.,FRANK,DIAZ,1/13/1950,S,M,frank33@adventure-works.com,"$20,000 ",2,Partial High School,Clerical,N
29087,MR.,STEVE,YE,10/16/1950,M,M,steve13@adventure-works.com,"$20,000 ",2,Partial High School,Clerical,Y
29088,MRS.,TAMARA,ANAND,3/1/1950,S,F,tamara31@adventure-works.com,"$20,000 ",2,Partial High School,Clerical,Y
29089,MR.,NOAH,HENDERSON,1/13/1980,S,M,noah1@adventure-works.com,"$40,000 ",0,Bachelors,Professional,Y
29090,MRS.,LACEY,YE,8/21/1952,M,F,lacey22@adventure-works.com,"$20,000 ",2,Partial High School,Clerical,N
29091,MRS.,MALLORY,HERNANDEZ,10/12/1952,M,F,mallory11@adventure-works.com,"$20,000 ",2,Partial High School,Clerical,Y
29092,MR.,JESSIE,MA,11/26/1952,S,M,jessie20@adventure-works.com,"$20,000 ",2,Partial High School,Clerical,N
29093,MR.,ERIK,BLANCO,10/5/1952,M,M,erik16@adventure-works.com,"$20,000 ",2,Partial High School,Clerical,Y
29094,MR.,JESSIE,HE,6/26/1952,M,M,jessie23@adventure-works.com,"$30,000 ",3,High School,Skilled Manual,Y
29095,MR.,JAIME,JIMENEZ,3/28/1952,M,M,jaime47@adventure-works.com,"$30,000 ",3,High School,Skilled Manual,N
29096,MRS.,MARGARET,STEWART,2/10/1953,M,F,margaret6@adventure-works.com,"$40,000 ",2,Partial College,Skilled Manual,Y
29097,MRS.,BONNIE,BECK,12/10/1953,S,F,bonnie26@adventure-works.com,"$40,000 ",2,Partial College,Skilled Manual,Y
29098,MR.,JIMMY,GILL,4/10/1953,M,M,jimmy17@adventure-works.com,"$40,000 ",2,Partial College,Skilled Manual,N
29099,MR.,TONY,SHEN,7/12/1953,M,M,tony5@adventure-works.com,"$40,000 ",2,Partial College,Skilled Manual,Y
29100,MRS.,VANESSA,DIAZ,1/19/1954,S,F,vanessa22@adventure-works.com,"$40,000 ",3,Partial High School,Clerical,Y
29101,MRS.,MONIQUE,RUBIO,6/8/1954,S,F,monique17@adventure-works.com,"$40,000 ",3,Partial High School,Clerical,Y
29102,MRS.,MARIE,MEHTA,3/25/1955,S,F,marie15@adventure-works.com,"$80,000 ",2,Partial College,Skilled Manual,N
29103,MR.,KARL,RAJI,11/8/1955,M,M,karl21@adventure-works.com,"$80,000 ",2,Partial College,Skilled Manual,Y
29104,MR.,NATHAN,ZHANG,7/16/1975,M,M,nathan20@adventure-works.com,"$40,000 ",0,Partial College,Skilled Manual,N
29106,MR.,CALVIN,BECK,3/7/1975,S,M,calvin19@adventure-works.com,"$40,000 ",0,High School,Skilled Manual,N
29107,MS.,TONYA,LUO,4/17/1975,S,F,tonya6@adventure-works.com,"$40,000 ",0,High School,Skilled Manual,Y
29108,MR.,SETH,EVANS,6/22/1975,S,M,seth45@adventure-works.com,"$60,000 ",0,Partial College,Skilled Manual,N
29109,MS.,ELIZABETH,MILLER,7/17/1974,M,F,elizabeth10@adventure-works.com,"$50,000 ",0,High School,Skilled Manual,Y
29110,MS.,SYDNEY,SMITH,4/11/1973,S,F,sydney64@adventure-works.com,"$60,000 ",0,Partial College,Skilled Manual,Y
29111,MR.,DALE,ANAND,11/25/1973,S,M,dale20@adventure-works.com,"$70,000 ",0,Partial College,Professional,N
29112,MR.,EDWARD,POWELL,6/24/1976,S,M,edward57@adventure-works.com,"$60,000 ",0,Partial College,Professional,N
29113,MRS.,ALÍCIA,ANAND,5/26/1956,S,F,alícia18@adventure-works.com,"$80,000 ",2,High School,Skilled Manual,N
29114,MR.,LEVI,RAMAN,9/19/1956,M,M,levi11@adventure-works.com,"$80,000 ",2,High School,Skilled Manual,Y
29115,MRS.,JACQUELYN,MUNOZ,2/8/1957,M,F,jacquelyn7@adventure-works.com,"$70,000 ",2,High School,Skilled Manual,Y
29116,MRS.,JANELLE,PATEL,5/8/1958,M,F,janelle3@adventure-works.com,"$100,000 ",1,Bachelors,Management,Y
29117,MR.,GLENN,SHE,2/4/1958,S,M,glenn24@adventure-works.com,"$100,000 ",1,Bachelors,Management,N
29118,MR.,NOAH,GRIFFIN,2/6/1958,S,M,noah18@adventure-works.com,"$100,000 ",1,Bachelors,Management,N
29119,MR.,LEE,OLIVER,10/13/1958,S,M,lee20@adventure-works.com,"$100,000 ",1,Bachelors,Management,N
29120,MRS.,KAITLYN,BROWN,3/23/1958,S,F,kaitlyn27@adventure-works.com,"$100,000 ",1,Bachelors,Management,Y
29121,MRS.,JULIE,LUO,3/16/1959,S,F,julie10@adventure-works.com,"$100,000 ",1,Bachelors,Management,Y
29122,MR.,SHANNON,MUNOZ,3/5/1959,M,M,shannon28@adventure-works.com,"$100,000 ",1,Bachelors,Management,Y
29123,MRS.,TONYA,GOEL,12/20/1959,M,F,tonya19@adventure-works.com,"$100,000 ",1,Bachelors,Management,Y
29124,MR.,ANGEL,EDWARDS,1/14/1974,M,M,angel23@adventure-works.com,"$50,000 ",0,High School,Professional,Y
29125,MS.,ANDREA,REED,12/10/1974,M,F,andrea20@adventure-works.com,"$60,000 ",0,Partial College,Professional,Y
29126,MS.,CHLOE,COX,9/26/1974,S,F,chloe56@adventure-works.com,"$60,000 ",0,Partial College,Professional,N
29127,MR.,BRYAN,MURPHY,11/19/1966,M,M,bryan15@adventure-works.com,"$120,000 ",2,Bachelors,Management,Y
29128,MS.,ALYSSA,REED,9/14/1966,M,F,alyssa28@adventure-works.com,"$130,000 ",0,Graduate Degree,Management,Y
29129,MR.,TIMOTHY,WATSON,3/1/1966,M,M,timothy2@adventure-works.com,"$130,000 ",1,Graduate Degree,Management,Y
29130,MRS.,HANNAH,WASHINGTON,9/22/1957,M,F,hannah35@adventure-works.com,"$70,000 ",2,Partial High School,Skilled Manual,Y
29131,MR.,BRANDON,COLEMAN,5/16/1964,S,M,brandon3@adventure-works.com,"$40,000 ",0,Bachelors,Professional,N
29132,MS.,BRIANNA,COOK,6/16/1964,S,F,brianna29@adventure-works.com,"$40,000 ",0,Bachelors,Professional,Y
29133,MRS.,SYDNEY,KING,3/17/1964,S,F,sydney60@adventure-works.com,"$60,000 ",4,Bachelors,Skilled Manual,N
29134,MR.,PEDRO,DOMINGUEZ,3/16/1964,M,M,pedro33@adventure-works.com,"$60,000 ",4,Bachelors,Skilled Manual,N
29135,MR.,ADAM,ALLEN,10/4/1964,M,M,adam52@adventure-works.com,"$60,000 ",4,Bachelors,Skilled Manual,Y
29136,,CAROLINE,BRYANT,5/8/1964,M,NA,caroline19@adventure-works.com,"$60,000 ",4,Bachelors,Skilled Manual,Y
29137,MR.,JACK,ALLEN,7/20/1963,M,M,jack58@adventure-works.com,"$70,000 ",4,Bachelors,Skilled Manual,Y
29139,MRS.,RILEY,COLEMAN,8/22/1968,S,F,riley4@adventure-works.com,"$60,000 ",2,Graduate Degree,Professional,N
29140,MR.,RICHARD,WARD,11/28/1963,S,M,richard84@adventure-works.com,"$60,000 ",3,Graduate Degree,Professional,Y
29141,MRS.,SUZANNE,WANG,7/17/1962,S,F,suzanne2@adventure-works.com,"$60,000 ",1,Bachelors,Professional,N
29142,MRS.,ASHLEY,SMITH,5/24/1962,M,F,ashley0@adventure-works.com,"$60,000 ",1,Bachelors,Professional,Y
29143,MRS.,GRACE,JENKINS,3/16/1962,S,F,grace54@adventure-works.com,"$60,000 ",1,Bachelors,Professional,N
29144,MR.,BRANDON,ZHANG,2/11/1962,M,M,brandon20@adventure-works.com,"$60,000 ",1,Partial College,Skilled Manual,Y
29145,MRS.,SHELBY,GRAY,8/10/1962,M,F,shelby6@adventure-works.com,"$60,000 ",1,Partial College,Skilled Manual,Y
29146,MR.,IAN,HENDERSON,10/8/1962,M,M,ian45@adventure-works.com,"$60,000 ",1,Partial College,Skilled Manual,Y
29147,MRS.,MARY,ROBERTS,2/14/1961,S,F,mary17@adventure-works.com,"$40,000 ",4,High School,Skilled Manual,N
29148,MRS.,GABRIELLA,MURPHY,11/13/1961,S,F,gabriella13@adventure-works.com,"$40,000 ",4,High School,Skilled Manual,Y
29149,MRS.,ARIANA,BELL,8/20/1961,M,F,ariana12@adventure-works.com,"$60,000 ",1,Partial College,Skilled Manual,Y
29150,MR.,WYATT,GRIFFIN,7/12/1961,M,M,wyatt49@adventure-works.com,"$60,000 ",1,Partial College,Skilled Manual,Y
29151,MRS.,CAROLINE,LONG,3/23/1961,M,F,caroline10@adventure-works.com,"$60,000 ",1,Partial College,Skilled Manual,Y
29152,MR.,STEVEN,SANDERS,7/25/1961,M,M,steven13@adventure-works.com,"$60,000 ",1,Partial College,Skilled Manual,N
29153,MR.,PEDRO,ARUN,3/17/1960,S,M,pedro7@adventure-works.com,"$40,000 ",0,Bachelors,Professional,N
29154,MR.,EDUARDO,BENNETT,9/16/1967,S,M,eduardo45@adventure-works.com,"$60,000 ",0,Partial College,Skilled Manual,N
29155,MS.,GABRIELLA,KELLY,10/8/1967,S,F,gabriella0@adventure-works.com,"$60,000 ",0,Partial College,Skilled Manual,N
29156,MS.,ASHLEY,BARNES,10/22/1967,S,F,ashley29@adventure-works.com,"$60,000 ",0,Graduate Degree,Professional,N
29157,MR.,SETH,POWELL,4/27/1967,S,M,seth56@adventure-works.com,"$60,000 ",0,Graduate Degree,Professional,N
29158,MR.,IAN,EDWARDS,12/11/1960,M,M,ian38@adventure-works.com,"$60,000 ",1,Partial College,Skilled Manual,Y
29159,MRS.,EMMA,MORGAN,7/14/1960,M,F,emma30@adventure-works.com,"$60,000 ",1,Partial College,Skilled Manual,Y
29160,MR.,LOGAN,BAKER,2/26/1959,S,M,logan41@adventure-works.com,"$60,000 ",5,Bachelors,Professional,Y
29161,MR.,THOMAS,MARTINEZ,7/24/1959,S,M,thomas81@adventure-works.com,"$60,000 ",5,Bachelors,Professional,N
29162,MR.,XAVIER,MURPHY,2/13/1959,M,M,xavier82@adventure-works.com,"$60,000 ",4,Bachelors,Professional,Y
29163,MR.,MASON,MURPHY,2/6/1959,S,M,mason14@adventure-works.com,"$60,000 ",4,Bachelors,Professional,N
29164,MRS.,JENNIFER,JAMES,9/23/1959,M,F,jennifer70@adventure-works.com,"$60,000 ",4,Bachelors,Professional,Y
29165,MR.,BENJAMIN,PERRY,6/17/1959,S,M,benjamin8@adventure-works.com,"$70,000 ",2,Graduate Degree,Professional,N
29166,MR.,JAIME,HERNANDEZ,5/2/1959,S,M,jaime46@adventure-works.com,"$80,000 ",2,Graduate Degree,Professional,N
29167,MRS.,DAWN,SHEN,3/12/1959,S,F,dawn26@adventure-works.com,"$80,000 ",2,Graduate Degree,Professional,N
29168,MR.,DERRICK,ROMERO,2/26/1959,S,M,derrick9@adventure-works.com,"$80,000 ",4,Graduate Degree,Professional,N
29169,MRS.,VICTORIA,BAILEY,9/18/1958,S,F,victoria33@adventure-works.com,"$60,000 ",1,Bachelors,Professional,N
29170,MRS.,ALEXANDRA,ADAMS,10/16/1958,S,F,alexandra57@adventure-works.com,"$60,000 ",1,Bachelors,Professional,N
29171,MR.,JAY,ALVAREZ,5/4/1958,M,M,jay34@adventure-works.com,"$70,000 ",5,Graduate Degree,Professional,Y
29172,MR.,ARTURO,CARSON,10/24/1958,S,M,arturo41@adventure-works.com,"$70,000 ",5,Bachelors,Professional,Y
29173,MR.,RICHARD,BRADLEY,11/20/1958,S,M,richard57@adventure-works.com,"$70,000 ",5,Bachelors,Professional,N
29174,MR.,RICHARD,PARKER,11/15/1958,S,M,richard36@adventure-works.com,"$80,000 ",5,Graduate Degree,Professional,N
29175,MR.,SEAN,RIVERA,8/6/1958,M,M,sean24@adventure-works.com,"$80,000 ",5,Graduate Degree,Professional,Y
29177,MR.,FRANK,MARTIN,11/6/1929,M,M,frank30@adventure-works.com,"$70,000 ",3,Graduate Degree,Management,Y
29178,MRS.,CANDICE,SHE,9/1/1969,M,F,candice7@adventure-works.com,"$80,000 ",4,Graduate Degree,Management,Y
29179,MRS.,PATRICIA,MEHTA,6/10/1969,M,F,patricia17@adventure-works.com,"$90,000 ",1,Graduate Degree,Management,Y
29180,MR.,ERIK,GOMEZ,4/5/1969,M,M,erik2@adventure-works.com,"$100,000 ",1,Graduate Degree,Management,Y
29181,MRS.,MELINDA,SUAREZ,5/13/1968,S,F,melinda14@adventure-works.com,"$60,000 ",2,Bachelors,Professional,N
29182,MR.,WESLEY,XU,12/26/1968,M,M,wesley12@adventure-works.com,"$60,000 ",2,Bachelors,Professional,Y
29183,MRS.,GABRIELLE,SIMMONS,11/24/1970,M,F,gabrielle37@adventure-works.com,"$80,000 ",4,Graduate Degree,Management,Y
29184,MRS.,KRISTI,MADAN,4/12/1970,M,F,kristi24@adventure-works.com,"$80,000 ",4,Graduate Degree,Management,Y
29185,MR.,WARREN,LI,9/21/1968,M,M,warren20@adventure-works.com,"$60,000 ",2,Bachelors,Professional,Y
29186,MR.,MATHEW,SERRANO,6/19/1968,S,M,mathew12@adventure-works.com,"$60,000 ",2,Bachelors,Professional,N
29187,MR.,JEROME,RAMOS,4/12/1968,M,M,jerome16@adventure-works.com,"$60,000 ",2,Bachelors,Professional,Y
29188,MR.,COLIN,KUMAR,9/19/1968,S,M,colin31@adventure-works.com,"$70,000 ",5,Bachelors,Professional,Y
29189,MR.,ROY,DOMINGUEZ,6/23/1967,S,M,roy32@adventure-works.com,"$70,000 ",5,Bachelors,Professional,N
29190,MRS.,KAITLIN,SURI,8/11/1969,S,F,kaitlin0@adventure-works.com,"$120,000 ",1,Graduate Degree,Management,N
29191,MRS.,CHELSEA,WEBER,11/19/1969,S,F,chelsea4@adventure-works.com,"$130,000 ",1,Graduate Degree,Management,N
29192,MRS.,JESSICA,RAMIREZ,10/27/1967,M,F,jessica19@adventure-works.com,"$70,000 ",5,Bachelors,Professional,Y
29193,MR.,ALEJANDRO,LIANG,9/6/1966,S,M,alejandro20@adventure-works.com,"$80,000 ",5,Graduate Degree,Management,Y
29194,MS.,GRACE,POWELL,10/25/1966,M,F,grace56@adventure-works.com,"$90,000 ",0,Bachelors,Professional,Y
29195,MS.,BARBARA,XU,10/10/1966,M,F,barbara22@adventure-works.com,"$90,000 ",0,Bachelors,Professional,N
29196,MR.,DARREN,SERRANO,1/21/1966,M,M,darren39@adventure-works.com,"$90,000 ",2,Bachelors,Professional,Y
29197,MRS.,MORGAN,BROWN,7/4/1953,S,F,morgan27@adventure-works.com,"$60,000 ",3,Partial High School,Skilled Manual,N
29198,MRS.,FAITH,RAMIREZ,7/6/1953,M,F,faith28@adventure-works.com,"$60,000 ",3,Partial High School,Skilled Manual,Y
29199,MR.,JAMES,WILSON,10/7/1953,S,M,james72@adventure-works.com,"$60,000 ",3,Partial High School,Skilled Manual,N
29200,MR.,JACKSON,COLLINS,2/25/1957,M,M,jackson32@adventure-works.com,"$60,000 ",2,High School,Professional,Y
29201,MRS.,KARA,JAI,5/18/1957,S,F,kara10@adventure-works.com,"$70,000 ",3,Partial College,Professional,N
29202,MR.,JERRY,KUMAR,11/18/1957,M,M,jerry8@adventure-works.com,"$70,000 ",3,Partial College,Professional,Y
29203,MRS.,LAURA,HU,4/28/1957,M,F,laura26@adventure-works.com,"$70,000 ",3,Partial College,Professional,Y
29204,MR.,AUSTIN,SHARMA,11/26/1957,S,M,austin27@adventure-works.com,"$90,000 ",2,Partial College,Professional,N
29205,MR.,DAVID,LONG,11/16/1956,M,M,david42@adventure-works.com,"$80,000 ",2,Partial High School,Skilled Manual,Y
29206,MR.,NICHOLAS,ANDERSON,8/23/1956,M,M,nicholas11@adventure-works.com,"$80,000 ",2,Partial High School,Skilled Manual,Y
29207,MRS.,KATELYN,JAMES,1/27/1956,M,F,katelyn6@adventure-works.com,"$60,000 ",2,High School,Professional,Y
29208,MRS.,AMBER,LOPEZ,11/12/1956,M,F,amber21@adventure-works.com,"$60,000 ",2,High School,Professional,N
29209,MR.,JORDAN,EVANS,9/5/1965,M,M,jordan54@adventure-works.com,"$90,000 ",4,Partial College,Professional,Y
29210,MR.,DEVIN,PETERSON,8/7/1965,M,M,devin72@adventure-works.com,"$100,000 ",3,Bachelors,Management,Y
29211,MRS.,STEPHANIE,ROSS,6/14/1965,M,F,stephanie31@adventure-works.com,"$100,000 ",4,Bachelors,Management,Y
29212,MRS.,JOCELYN,GONZALES,12/15/1965,S,F,jocelyn16@adventure-works.com,"$100,000 ",4,Bachelors,Management,Y
29213,MRS.,JODI,LUO,10/6/1964,S,F,jodi6@adventure-works.com,"$80,000 ",4,Bachelors,Management,N
29214,MR.,JOSEPH,MARTINEZ,6/25/1964,S,M,joseph24@adventure-works.com,"$80,000 ",4,Partial College,Professional,Y
29215,MRS.,ABIGAIL,BARNES,3/13/1964,S,F,abigail71@adventure-works.com,"$90,000 ",5,Partial College,Professional,N
29216,MR.,ANTONIO,WOOD,5/19/1964,S,M,antonio2@adventure-works.com,"$90,000 ",5,Partial College,Professional,N
29217,MRS.,ALEXIS,WILSON,11/23/1964,M,F,alexis6@adventure-works.com,"$100,000 ",5,Partial College,Professional,Y
29218,MR.,BRANDON,MOORE,4/1/1964,S,M,brandon47@adventure-works.com,"$100,000 ",5,Partial College,Professional,Y
29219,MR.,DARREN,ARUN,6/17/1964,S,M,darren9@adventure-works.com,"$130,000 ",2,Graduate Degree,Management,N
29220,MRS.,MELINDA,RAMOS,3/23/1964,S,F,melinda12@adventure-works.com,"$130,000 ",2,Graduate Degree,Management,N
29221,MRS.,KELLY,BENNETT,6/9/1964,S,F,kelly5@adventure-works.com,"$150,000 ",1,Bachelors,Management,N
29222,MR.,EVAN,PEREZ,5/4/1964,M,M,evan28@adventure-works.com,"$160,000 ",0,Bachelors,Management,Y
29223,MR.,ANGEL,PHILLIPS,1/15/1956,S,M,angel28@adventure-works.com,"$70,000 ",4,Partial College,Professional,N
29224,MRS.,KAYLEE,BAILEY,7/8/1956,M,F,kaylee12@adventure-works.com,"$70,000 ",4,Partial College,Professional,Y
29225,MR.,MATTHEW,LEE,4/9/1956,S,M,matthew26@adventure-works.com,"$80,000 ",3,Partial College,Professional,N
29226,MRS.,KATHERINE,LEE,4/18/1934,S,F,katherine93@adventure-works.com,"$60,000 ",2,Graduate Degree,Management,Y
29227,MR.,LEVI,PATEL,1/5/1934,S,M,levi2@adventure-works.com,"$70,000 ",4,Graduate Degree,Management,Y
29228,MRS.,COURTNEY,CAMPBELL,6/24/1934,S,F,courtney4@adventure-works.com,"$130,000 ",1,Graduate Degree,Management,N
29229,MR.,LANCE,MORENO,10/25/1963,S,M,lance6@adventure-works.com,"$80,000 ",4,Partial College,Professional,N
29230,MRS.,KAITLYN,DIAZ,8/5/1963,S,F,kaitlyn89@adventure-works.com,"$80,000 ",4,Partial College,Professional,N
29231,MRS.,BRITTANY,SIMMONS,7/13/1963,S,F,brittany13@adventure-works.com,"$80,000 ",4,Partial College,Professional,N
29232,MS.,SAMANTHA,SIMMONS,3/11/1963,S,F,samantha38@adventure-works.com,"$90,000 ",0,Partial College,Professional,Y
29233,MS.,CAITLIN,SANDERS,8/25/1963,S,F,caitlin3@adventure-works.com,"$90,000 ",0,Partial College,Professional,Y
29234,MR.,KEVIN,LOPEZ,10/8/1963,M,M,kevin58@adventure-works.com,"$110,000 ",5,Bachelors,Management,Y
29235,MR.,ISAIAH,ROGERS,12/23/1963,S,M,isaiah19@adventure-works.com,"$120,000 ",4,Partial College,Professional,N
29236,MR.,ERIC,YOUNG,4/4/1963,S,M,eric58@adventure-works.com,"$120,000 ",4,Partial College,Professional,Y
29237,MRS.,JENNIFER,JENKINS,8/17/1963,S,F,jennifer81@adventure-works.com,"$120,000 ",4,Partial College,Professional,Y
29238,MR.,XAVIER,POWELL,6/15/1963,S,M,xavier50@adventure-works.com,"$150,000 ",4,Partial College,Professional,N
29239,MRS.,SAMANTHA,MILLER,6/14/1963,S,F,samantha7@adventure-works.com,"$150,000 ",4,Partial College,Professional,N
29240,MRS.,MADELINE,ALLEN,7/2/1962,S,F,madeline21@adventure-works.com,"$80,000 ",5,Partial College,Professional,N
29241,MRS.,SOPHIA,EVANS,8/28/1962,S,F,sophia0@adventure-works.com,"$90,000 ",5,Partial College,Professional,N
29243,MR.,JARED,TORRES,12/20/1962,S,M,jared7@adventure-works.com,"$110,000 ",1,Bachelors,Management,Y
29244,MR.,ERIC,ROSS,8/22/1962,S,M,eric12@adventure-works.com,"$110,000 ",1,Bachelors,Management,Y
29245,MR.,ANGEL,ROBERTS,12/16/1962,M,M,angel26@adventure-works.com,"$130,000 ",1,Bachelors,Management,Y
29246,MR.,THOMAS,WILLIAMS,6/4/1962,S,M,thomas62@adventure-works.com,"$130,000 ",1,Bachelors,Management,N
29247,MRS.,SARA,GRAY,6/24/1961,S,F,sara6@adventure-works.com,"$70,000 ",5,Partial College,Professional,Y
29248,MR.,JONATHAN,MARTIN,6/19/1961,S,M,jonathan68@adventure-works.com,"$90,000 ",4,High School,Professional,Y
29249,MR.,AUSTIN,LONG,6/19/1961,M,M,austin5@adventure-works.com,"$90,000 ",4,High School,Professional,Y
29250,MR.,ANTHONY,WILLIAMS,4/16/1961,S,M,anthony11@adventure-works.com,"$100,000 ",3,Partial College,Professional,N
29251,MRS.,MANDY,ZHOU,3/4/1961,M,F,mandy10@adventure-works.com,"$110,000 ",1,Bachelors,Management,Y
29252,MR.,ALEX,PARKER,9/8/1961,M,M,alex26@adventure-works.com,"$130,000 ",1,Bachelors,Management,Y
29253,MRS.,SAVANNAH,GREEN,5/25/1961,S,F,savannah37@adventure-works.com,"$130,000 ",3,Bachelors,Management,N
29254,MRS.,ERIN,SANCHEZ,10/15/1955,M,F,erin27@adventure-works.com,"$60,000 ",2,High School,Professional,Y
29255,MR.,KYLE,WASHINGTON,4/11/1955,S,M,kyle8@adventure-works.com,"$80,000 ",3,Partial College,Professional,N
29256,MR.,NOAH,HARRIS,11/7/1955,M,M,noah55@adventure-works.com,"$90,000 ",2,High School,Professional,N
29257,MR.,JEREMIAH,RUSSELL,10/26/1955,S,M,jeremiah35@adventure-works.com,"$90,000 ",2,High School,Professional,Y
29258,MRS.,MAKAYLA,JAMES,9/22/1955,M,F,makayla8@adventure-works.com,"$90,000 ",2,High School,Professional,Y
29259,MR.,JONATHAN,DAVIS,9/10/1954,S,M,jonathan55@adventure-works.com,"$70,000 ",2,Partial High School,Skilled Manual,Y
29260,MR.,RICKY,CARLSON,5/27/1935,S,M,ricky19@adventure-works.com,"$70,000 ",4,Graduate Degree,Management,N
29261,MR.,ROBERT,TURNER,3/15/1935,S,M,robert48@adventure-works.com,"$130,000 ",2,Graduate Degree,Management,N
29262,MRS.,CASSIE,RAJE,2/22/1936,S,F,cassie12@adventure-works.com,"$50,000 ",2,Graduate Degree,Management,N
29263,MR.,NATHAN,LI,5/24/1936,M,M,nathan23@adventure-works.com,"$70,000 ",4,Graduate Degree,Management,N
29264,MRS.,RILEY,BROOKS,1/27/1936,M,F,riley21@adventure-works.com,"$90,000 ",4,Bachelors,Management,N
29265,MRS.,MARISSA,DIAZ,11/8/1936,S,F,marissa17@adventure-works.com,"$90,000 ",4,Bachelors,Management,N
29266,MR.,LUCAS,ANDERSON,7/5/1960,S,M,lucas23@adventure-works.com,"$80,000 ",5,Partial College,Professional,N
29267,MRS.,JORDAN,PEREZ,10/19/1960,M,F,jordan40@adventure-works.com,"$80,000 ",5,Partial College,Professional,Y
29268,MR.,MARCUS,THOMAS,5/22/1960,M,M,marcus11@adventure-works.com,"$90,000 ",4,High School,Professional,Y
29269,MRS.,VANESSA,GRIFFIN,5/14/1960,M,F,vanessa21@adventure-works.com,"$90,000 ",4,High School,Professional,Y
29270,MR.,CARLOS,ALLEN,1/12/1960,M,M,carlos45@adventure-works.com,"$100,000 ",0,Partial College,Professional,Y
29271,MR.,ANTONIO,HENDERSON,6/25/1960,S,M,antonio5@adventure-works.com,"$100,000 ",0,Partial College,Professional,N
29272,MR.,ALEX,KING,1/14/1960,M,M,alex48@adventure-works.com,"$100,000 ",0,Partial College,Professional,Y
29273,MR.,TIMOTHY,LOPEZ,2/12/1960,M,M,timothy38@adventure-works.com,"$100,000 ",0,Partial College,Professional,Y
29274,MR.,MIGUEL,GREEN,7/22/1960,S,M,miguel31@adventure-works.com,"$120,000 ",5,High School,Professional,Y
29275,MRS.,TAYLOR,THOMAS,5/15/1953,S,F,taylor58@adventure-works.com,"$70,000 ",3,Graduate Degree,Management,N
29276,MRS.,SYDNEY,FLORES,8/22/1953,M,F,sydney34@adventure-works.com,"$70,000 ",3,Graduate Degree,Management,Y
29277,MRS.,SAMANTHA,MOHAMED,4/27/1953,S,F,samantha9@adventure-works.com,"$70,000 ",3,Graduate Degree,Management,N
29278,MRS.,JANET,SCOTT,8/18/1953,S,F,janet33@adventure-works.com,"$70,000 ",3,Graduate Degree,Management,Y
29279,MRS.,HAILEY,TURNER,7/21/1953,S,F,hailey47@adventure-works.com,"$70,000 ",3,Graduate Degree,Management,Y
29280,MRS.,ERIN,COOK,2/9/1951,S,F,erin25@adventure-works.com,"$40,000 ",3,Partial College,Professional,N
29281,MR.,CHARLES,ANDERSON,2/26/1950,S,M,charles13@adventure-works.com,"$40,000 ",4,Partial College,Professional,N
29282,MRS.,TAYLOR,JACKSON,9/13/1949,M,F,taylor59@adventure-works.com,"$30,000 ",4,High School,Professional,Y
29283,MR.,JEFF,SMITH,7/10/1949,M,M,jeff4@adventure-works.com,"$30,000 ",4,High School,Professional,N
29284,MRS.,RILEY,HUGHES,12/4/1949,S,F,riley9@adventure-works.com,"$30,000 ",4,High School,Professional,N
29285,MR.,THOMAS,ADAMS,1/14/1949,S,M,thomas51@adventure-works.com,"$40,000 ",4,High School,Professional,N
29286,MR.,RODNEY,ALVAREZ,5/20/1964,S,M,rodney0@adventure-works.com,"$60,000 ",3,Bachelors,Professional,N
29287,MRS.,SUZANNE,LIN,2/25/1964,M,F,suzanne9@adventure-works.com,"$60,000 ",4,Bachelors,Professional,Y
29288,MR.,GLENN,LIN,10/18/1964,M,M,glenn8@adventure-works.com,"$60,000 ",4,Bachelors,Professional,N
29289,MR.,DEVON,RAJE,8/27/1964,S,M,devon11@adventure-works.com,"$70,000 ",0,Bachelors,Professional,Y
29290,MR.,TROY,GARCIA,10/15/1963,S,M,troy16@adventure-works.com,"$60,000 ",5,Bachelors,Professional,N
29291,MRS.,NANCY,SUBRAM,10/23/1963,M,F,nancy16@adventure-works.com,"$60,000 ",3,Bachelors,Professional,N
29292,MRS.,DIANA,DOMINGUEZ,1/7/1967,S,F,diana12@adventure-works.com,"$90,000 ",2,Bachelors,Professional,N
29293,MR.,NUAN,WU,6/2/1967,S,M,nuan1@adventure-works.com,"$90,000 ",3,Bachelors,Professional,Y
29294,MRS.,ALLISON,COOPER,6/17/1961,S,F,allison17@adventure-works.com,"$60,000 ",1,Partial College,Skilled Manual,N
29295,MR.,GLENN,LI,2/25/1966,S,M,glenn4@adventure-works.com,"$110,000 ",0,Graduate Degree,Management,Y
29296,MS.,NICHOLE,LUO,11/20/1966,S,F,nichole5@adventure-works.com,"$110,000 ",0,Graduate Degree,Management,N
29297,MRS.,NINA,PAL,10/22/1960,S,F,nina12@adventure-works.com,"$60,000 ",1,Partial College,Skilled Manual,N
29298,MRS.,DIANA,MORENO,7/1/1960,S,F,diana5@adventure-works.com,"$60,000 ",1,Partial College,Skilled Manual,Y
29299,MRS.,BETHANY,KUMAR,10/18/1960,M,F,bethany11@adventure-works.com,"$60,000 ",1,Partial College,Skilled Manual,Y
29300,MR.,JOE,MADAN,10/27/1965,S,M,joe10@adventure-works.com,"$70,000 ",0,Bachelors,Professional,N
29301,MR.,ALVIN,NATH,11/7/1965,M,M,alvin39@adventure-works.com,"$80,000 ",5,Bachelors,Professional,Y
29302,MS.,CAROLYN,FERNANDEZ,1/19/1964,S,F,carolyn15@adventure-works.com,"$70,000 ",0,Bachelors,Professional,N
29303,MR.,ARTURO,PAL,7/22/1964,S,M,arturo37@adventure-works.com,"$70,000 ",0,Bachelors,Professional,Y
29304,MR.,WILLIE,WANG,9/2/1959,M,M,willie2@adventure-works.com,"$100,000 ",5,Bachelors,Professional,Y
29305,MRS.,BETH,ALVAREZ,5/13/1959,S,F,beth7@adventure-works.com,"$100,000 ",5,Bachelors,Professional,N
29306,MR.,RAFAEL,ANAND,8/16/1963,S,M,rafael46@adventure-works.com,"$70,000 ",0,Bachelors,Professional,N
29307,MR.,ROSS,MALHOTRA,3/5/1963,S,M,ross4@adventure-works.com,"$70,000 ",0,Bachelors,Professional,N
29308,MR.,PHILLIP,VANCE,7/13/1963,S,M,phillip4@adventure-works.com,"$70,000 ",0,Bachelors,Professional,N
29309,MR.,RODNEY,NAVARRO,4/1/1963,S,M,rodney6@adventure-works.com,"$70,000 ",0,Bachelors,Professional,Y
29310,MR.,ARMANDO,GUTIERREZ,10/23/1963,S,M,armando11@adventure-works.com,"$70,000 ",0,Bachelors,Professional,N
29311,MRS.,MARIE,CARLSON,5/10/1962,S,F,marie42@adventure-works.com,"$60,000 ",1,Partial College,Skilled Manual,Y
29312,MRS.,COLLEEN,SHE,4/18/1962,S,F,colleen24@adventure-works.com,"$70,000 ",5,Partial College,Skilled Manual,Y
29313,MR.,JÉSUS,SANZ,10/8/1961,M,M,jésus19@adventure-works.com,"$60,000 ",1,Partial College,Skilled Manual,Y
29314,MRS.,MEREDITH,MALHOTRA,11/6/1961,M,F,meredith3@adventure-works.com,"$60,000 ",1,Partial College,Skilled Manual,Y
29315,MRS.,JILL,GOMEZ,10/11/1958,M,F,jill8@adventure-works.com,"$90,000 ",2,Bachelors,Professional,Y
29316,MR.,MAX,ROMERO,11/22/1958,S,M,max9@adventure-works.com,"$90,000 ",2,Bachelors,Professional,N
29317,MR.,JAMES,HILL,7/3/1958,S,M,james64@adventure-works.com,"$90,000 ",2,Bachelors,Professional,N
29318,MR.,EDGAR,PEREZ,11/18/1958,M,M,edgar22@adventure-works.com,"$100,000 ",4,Bachelors,Management,Y
29319,MR.,ALVIN,PAL,7/14/1957,S,M,alvin34@adventure-works.com,"$70,000 ",1,Partial College,Skilled Manual,N
29320,MR.,WESLEY,HUANG,2/14/1960,M,M,wesley6@adventure-works.com,"$70,000 ",5,Partial College,Skilled Manual,N
29321,MR.,ROGER,ZHENG,9/2/1960,S,M,roger23@adventure-works.com,"$70,000 ",5,Partial College,Skilled Manual,Y
29322,MR.,GAVIN,ALEXANDER,5/24/1976,S,M,gavin17@adventure-works.com,"$30,000 ",0,High School,Skilled Manual,Y
29323,MS.,ANDREA,COOPER,3/15/1976,S,F,andrea17@adventure-works.com,"$40,000 ",0,High School,Skilled Manual,Y
29324,MS.,KAYLA,WILLIAMS,4/25/1976,M,F,kayla2@adventure-works.com,"$40,000 ",0,High School,Skilled Manual,Y
29325,MR.,CAMERON,THOMAS,8/18/1976,M,M,cameron29@adventure-works.com,"$40,000 ",0,High School,Skilled Manual,N
29326,MS.,VICTORIA,DIAZ,2/17/1980,S,F,victoria68@adventure-works.com,"$30,000 ",0,High School,Skilled Manual,N
29327,MR.,ALLEN,CHANDRA,8/12/1980,M,M,allen2@adventure-works.com,"$30,000 ",0,High School,Skilled Manual,N
29328,MR.,JASON,ALEXANDER,10/13/1979,M,M,jason16@adventure-works.com,"$30,000 ",0,High School,Skilled Manual,Y
29329,MR.,LUCAS,CAMPBELL,2/18/1979,S,M,lucas8@adventure-works.com,"$30,000 ",0,High School,Skilled Manual,Y
29330,MS.,ALEXA,WARD,7/12/1980,M,F,alexa10@adventure-works.com,"$40,000 ",0,High School,Skilled Manual,Y
29331,MR.,MELVIN,YUAN,3/15/1937,M,M,melvin7@adventure-works.com,"$30,000 ",2,Partial College,Clerical,N
29332,MRS.,SHAWNA,GOEL,8/11/1937,S,F,shawna18@adventure-works.com,"$30,000 ",2,Partial College,Clerical,N
29333,MRS.,ABBY,MARTINEZ,9/10/1937,S,F,abby15@adventure-works.com,"$40,000 ",2,Bachelors,Management,N
29334,MS.,PAIGE,HOWARD,5/12/1979,S,F,paige35@adventure-works.com,"$30,000 ",0,Partial High School,Clerical,N
29335,MR.,JUSTIN,BRYANT,3/10/1978,S,M,justin15@adventure-works.com,"$30,000 ",0,Partial High School,Clerical,N
29336,MR.,NATHANIEL,BAILEY,7/17/1978,S,M,nathaniel17@adventure-works.com,"$40,000 ",0,High School,Skilled Manual,N
29337,MR.,HECTOR,GOMEZ,2/18/1938,S,M,hector21@adventure-works.com,"$30,000 ",2,Partial College,Clerical,Y
29338,MRS.,BRIDGET,SHAN,8/21/1938,M,F,bridget12@adventure-works.com,"$40,000 ",2,Bachelors,Management,Y
29339,MR.,BRANDON,LI,10/12/1979,S,M,brandon23@adventure-works.com,"$30,000 ",0,Partial High School,Clerical,N
29340,MS.,RACHEL,COX,10/5/1979,S,F,rachel39@adventure-works.com,"$30,000 ",0,Partial High School,Clerical,N
29341,MR.,LUCAS,STEWART,7/2/1979,S,M,lucas92@adventure-works.com,"$30,000 ",0,Partial High School,Clerical,N
29342,MRS.,CASSIE,ANAND,8/20/1940,M,F,cassie20@adventure-works.com,"$30,000 ",2,Partial College,Clerical,N
29343,MR.,GLENN,WU,4/14/1940,M,M,glenn7@adventure-works.com,"$40,000 ",2,Bachelors,Management,N
29344,MR.,GILBERT,YE,11/10/1942,S,M,gilbert7@adventure-works.com,"$40,000 ",2,Bachelors,Management,Y
29345,,RANDALL,DIAZ,2/26/1942,S,NA,randall4@adventure-works.com,"$40,000 ",2,Bachelors,Management,N
29346,MRS.,BRIANA,ORTEGA,7/12/1942,S,F,briana18@adventure-works.com,"$50,000 ",2,Graduate Degree,Management,N
29347,MR.,JONATHAN,EDWARDS,8/15/1965,M,M,jonathan31@adventure-works.com,"$40,000 ",0,Bachelors,Professional,N
29348,MR.,MIGUEL,BRYANT,7/15/1965,M,M,miguel64@adventure-works.com,"$50,000 ",3,Bachelors,Skilled Manual,Y
29349,MRS.,GABRIELLE,BRYANT,10/4/1965,S,F,gabrielle40@adventure-works.com,"$50,000 ",3,Bachelors,Skilled Manual,N
29350,MRS.,JULIA,THOMPSON,11/9/1965,S,F,julia37@adventure-works.com,"$50,000 ",3,Bachelors,Skilled Manual,Y
29351,MR.,JASON,HALL,6/26/1965,S,M,jason49@adventure-works.com,"$50,000 ",3,Bachelors,Skilled Manual,N
29352,MRS.,LYDIA,GONZALEZ,8/11/1965,S,F,lydia17@adventure-works.com,"$50,000 ",3,Bachelors,Skilled Manual,N
29353,MR.,ORLANDO,GOMEZ,8/17/1965,M,M,orlando2@adventure-works.com,"$50,000 ",3,Bachelors,Skilled Manual,Y
29354,MR.,ISAIAH,EDWARDS,9/11/1965,S,M,isaiah23@adventure-works.com,"$60,000 ",0,Graduate Degree,Professional,Y
29355,MS.,VIRGINIA,FERNANDEZ,11/3/1968,M,F,virginia18@adventure-works.com,"$40,000 ",0,Graduate Degree,Clerical,Y
29356,MR.,CASEY,DIAZ,8/2/1968,M,M,casey26@adventure-works.com,"$40,000 ",0,Graduate Degree,Clerical,Y
29357,MR.,RICHARD,BROWN,5/8/1968,S,M,richard44@adventure-works.com,"$40,000 ",0,Graduate Degree,Clerical,N
29358,MS.,PRISCILLA,CHANDE,8/1/1968,M,F,priscilla13@adventure-works.com,"$40,000 ",0,Graduate Degree,Clerical,N
29359,MR.,HAROLD,FERNANDEZ,11/20/1968,M,M,harold13@adventure-works.com,"$40,000 ",0,Graduate Degree,Clerical,N
29360,MR.,BRYANT,RODRIGUEZ,9/9/1968,S,M,bryant18@adventure-works.com,"$40,000 ",0,Bachelors,Professional,N
29361,MRS.,SHEENA,NARA,6/3/1967,S,F,sheena15@adventure-works.com,"$20,000 ",1,Partial College,Manual,N
29362,MR.,EMMANUEL,CHANDRA,9/26/1967,S,M,emmanuel2@adventure-works.com,"$20,000 ",1,Partial College,Manual,Y
29363,MRS.,CRISTINA,JAI,12/25/1967,S,F,cristina11@adventure-works.com,"$20,000 ",1,Partial College,Manual,Y
29364,MR.,LEE,RUBIO,3/24/1966,M,M,lee19@adventure-works.com,"$10,000 ",4,Partial High School,Manual,Y
29365,MRS.,CHERYL,CARLSON,1/7/1966,S,F,cheryl21@adventure-works.com,"$20,000 ",1,High School,Manual,Y
29366,MR.,DOMINIC,PATEL,7/11/1967,S,M,dominic4@adventure-works.com,"$40,000 ",0,Bachelors,Professional,N
29367,MR.,RANDY,YE,3/13/1967,S,M,randy11@adventure-works.com,"$40,000 ",0,Bachelors,Professional,N
29369,MR.,ARTURO,HE,9/24/1967,S,M,arturo20@adventure-works.com,"$40,000 ",0,Bachelors,Professional,Y
29370,MR.,MASON,KELLY,10/18/1927,S,M,mason4@adventure-works.com,"$30,000 ",1,Bachelors,Clerical,N
29371,MR.,MATTHEW,WALKER,12/14/1966,M,M,matthew27@adventure-works.com,"$20,000 ",2,High School,Manual,Y
29372,MRS.,DAISY,SANZ,10/2/1966,M,F,daisy15@adventure-works.com,"$30,000 ",1,Bachelors,Skilled Manual,Y
29373,MR.,BOBBY,SUBRAM,7/25/1966,M,M,bobby9@adventure-works.com,"$30,000 ",1,Bachelors,Skilled Manual,Y
29374,MR.,SHANE,SAI,5/21/1965,M,M,shane9@adventure-works.com,"$20,000 ",2,High School,Manual,Y
29375,MR.,SERGIO,MALHOTRA,9/6/1965,M,M,sergio5@adventure-works.com,"$20,000 ",2,High School,Manual,Y
29376,MR.,MATTHEW,ROBINSON,9/9/1965,S,M,matthew23@adventure-works.com,"$20,000 ",2,High School,Manual,Y
29377,MRS.,REBEKAH,CARLSON,8/27/1965,M,F,rebekah38@adventure-works.com,"$30,000 ",1,Bachelors,Skilled Manual,Y
29378,MR.,DOMINIC,VANCE,2/13/1965,M,M,dominic5@adventure-works.com,"$30,000 ",1,Bachelors,Skilled Manual,N
29379,MR.,CRAIG,GILL,5/13/1965,M,M,craig13@adventure-works.com,"$30,000 ",1,Bachelors,Skilled Manual,Y
29380,MRS.,TERESA,BLANCO,10/15/1964,M,F,teresa16@adventure-works.com,"$20,000 ",3,High School,Manual,Y
29381,MR.,MELVIN,SHEN,5/9/1964,M,M,melvin2@adventure-works.com,"$20,000 ",3,High School,Manual,Y
29382,MRS.,KARLA,DENG,9/13/1964,M,F,karla1@adventure-works.com,"$20,000 ",3,High School,Manual,Y
29383,MRS.,KAITLIN,VANCE,6/16/1963,S,F,kaitlin4@adventure-works.com,"$10,000 ",3,Partial High School,Manual,N
29384,MRS.,LATASHA,SANZ,6/2/1963,M,F,latasha20@adventure-works.com,"$10,000 ",4,Partial High School,Manual,Y
29385,MR.,DON,LAL,3/5/1963,S,M,don8@adventure-works.com,"$20,000 ",4,High School,Manual,N
29386,MR.,FRANKLIN,WANG,5/10/1932,S,M,franklin1@adventure-works.com,"$20,000 ",2,Partial College,Manual,Y
29387,MRS.,JENNY,CAI,12/3/1933,S,F,jenny23@adventure-works.com,"$10,000 ",4,High School,Manual,N
29388,MR.,CALVIN,KUMAR,4/23/1966,M,M,calvin8@adventure-works.com,"$40,000 ",0,Bachelors,Professional,Y
29389,MR.,THOMAS,PHILLIPS,2/18/1966,M,M,thomas43@adventure-works.com,"$40,000 ",0,Bachelors,Professional,Y
29390,MS.,SUMMER,RODRIGUEZ,5/14/1966,S,F,summer17@adventure-works.com,"$40,000 ",0,Bachelors,Professional,Y
29391,MS.,EBONY,CHANDRA,10/14/1966,S,F,ebony1@adventure-works.com,"$40,000 ",0,Bachelors,Professional,N
29392,MS.,TAMARA,ANDERSEN,6/17/1966,M,F,tamara24@adventure-works.com,"$40,000 ",0,Bachelors,Professional,Y
29393,MRS.,SHEENA,RAI,11/13/1963,S,F,sheena16@adventure-works.com,"$30,000 ",2,Partial College,Clerical,N
29394,MRS.,RAQUEL,TORRES,11/5/1962,S,F,raquel8@adventure-works.com,"$30,000 ",1,Partial College,Clerical,Y
29395,MRS.,LYDIA,RANA,4/8/1934,S,F,lydia10@adventure-works.com,"$20,000 ",2,Partial College,Clerical,N
29396,MR.,ARTURO,ZENG,6/1/1934,M,M,arturo24@adventure-works.com,"$30,000 ",1,Bachelors,Skilled Manual,N
29397,MR.,WALTER,RAMOS,5/14/1965,M,M,walter10@adventure-works.com,"$30,000 ",2,Partial College,Clerical,Y
29398,MR.,BRUCE,SURI,7/20/1965,S,M,bruce0@adventure-works.com,"$40,000 ",0,Bachelors,Professional,N
29399,MS.,JANET,GOMEZ,2/3/1965,S,F,janet6@adventure-works.com,"$40,000 ",0,Bachelors,Professional,Y
29400,MR.,MARVIN,BROWNING,10/24/1965,M,M,marvin16@adventure-works.com,"$40,000 ",1,Bachelors,Skilled Manual,Y
29401,MR.,JÉSUS,GOMEZ,11/1/1965,M,M,jésus2@adventure-works.com,"$40,000 ",1,Bachelors,Skilled Manual,Y
29402,MR.,DAMIEN,ANDERSEN,4/21/1964,S,M,damien29@adventure-works.com,"$30,000 ",2,Partial College,Clerical,N
29403,MR.,ERIK,ROMERO,7/5/1964,M,M,erik9@adventure-works.com,"$40,000 ",1,Bachelors,Skilled Manual,Y
29404,MRS.,CHLOE,ROSS,5/6/1963,S,F,chloe70@adventure-works.com,"$30,000 ",3,Partial College,Clerical,N
29405,MS.,MEAGAN,VANCE,12/23/1977,S,F,meagan4@adventure-works.com,"$20,000 ",0,High School,Manual,N
29406,MS.,MELISSA,WARD,9/25/1976,M,F,melissa34@adventure-works.com,"$10,000 ",0,Partial High School,Manual,N
29408,MRS.,HEATHER,CHEN,8/24/1979,M,F,heather2@adventure-works.com,"$20,000 ",4,High School,Manual,Y
29409,MRS.,KELSEY,PAL,10/23/1979,S,F,kelsey12@adventure-works.com,"$30,000 ",3,Partial College,Clerical,N
29410,MR.,LUCAS,PRICE,2/21/1979,S,M,lucas49@adventure-works.com,"$30,000 ",3,Partial College,Clerical,Y
29411,MRS.,CARA,LIN,10/17/1963,M,F,cara4@adventure-works.com,"$40,000 ",1,Bachelors,Skilled Manual,Y
29412,MRS.,MELINDA,GUTIERREZ,9/18/1962,M,F,melinda6@adventure-works.com,"$40,000 ",1,Bachelors,Skilled Manual,Y
29413,MR.,ARTHUR,GARCIA,9/7/1978,M,M,arthur17@adventure-works.com,"$30,000 ",3,Partial College,Clerical,Y
29414,MRS.,LYDIA,PATEL,8/25/1978,S,F,lydia2@adventure-works.com,"$30,000 ",3,Partial College,Clerical,N
29415,MR.,OSCAR,FLORES,9/25/1977,S,M,oscar20@adventure-works.com,"$30,000 ",0,Partial College,Clerical,Y
29416,MR.,PEDRO,RAMOS,8/13/1975,S,M,pedro38@adventure-works.com,"$10,000 ",0,Partial High School,Manual,N
29417,MS.,KELLIE,VAZQUEZ,3/2/1975,M,F,kellie13@adventure-works.com,"$10,000 ",0,Partial High School,Manual,Y
29418,MS.,LINDSEY,SHARMA,10/21/1975,S,F,lindsey10@adventure-works.com,"$20,000 ",0,High School,Manual,N
29419,MS.,CARRIE,VAZQUEZ,11/23/1976,S,F,carrie13@adventure-works.com,"$20,000 ",0,High School,Manual,Y
29420,MS.,LINDA,TRAVERS,1/13/1976,M,F,linda27@adventure-works.com,"$20,000 ",0,High School,Manual,N
29421,MR.,BLAKE,WILLIAMS,2/19/1976,S,M,blake1@adventure-works.com,"$20,000 ",0,High School,Manual,N
29422,MR.,IAN,ADAMS,8/19/1976,S,M,ian30@adventure-works.com,"$20,000 ",0,High School,Manual,Y
29423,MR.,TONY,LUO,6/8/1976,S,M,tony9@adventure-works.com,"$20,000 ",0,High School,Manual,N
29424,MR.,ERIK,GILL,8/5/1974,M,M,erik14@adventure-works.com,"$10,000 ",0,Partial High School,Manual,Y
29425,MR.,TOMMY,XIE,7/26/1974,S,M,tommy1@adventure-works.com,"$20,000 ",0,Partial High School,Manual,N
29426,MR.,NEIL,GOMEZ,10/2/1974,S,M,neil2@adventure-works.com,"$20,000 ",0,Partial High School,Manual,N
29427,MR.,WESLEY,CHEN,8/11/1974,S,M,wesley2@adventure-works.com,"$20,000 ",0,Partial High School,Manual,N
29428,MR.,KRISTOPHER,PEREZ,6/11/1974,M,M,kristopher20@adventure-works.com,"$20,000 ",0,Partial High School,Manual,Y
29429,MS.,MARIE,SUAREZ,5/22/1975,S,F,marie43@adventure-works.com,"$30,000 ",0,Partial College,Clerical,N
29430,MS.,DONNA,GOEL,11/4/1975,S,F,donna17@adventure-works.com,"$30,000 ",0,Partial College,Clerical,N
29431,MRS.,MARIE,GUTIERREZ,9/17/1975,M,F,marie34@adventure-works.com,"$40,000 ",1,Bachelors,Skilled Manual,N
29432,MRS.,GABRIELLE,ROBERTS,7/8/1975,M,F,gabrielle48@adventure-works.com,"$40,000 ",1,Bachelors,Skilled Manual,Y
29433,MR.,THOMAS,KING,2/14/1975,M,M,thomas55@adventure-works.com,"$40,000 ",1,Bachelors,Skilled Manual,Y
29434,MRS.,DONNA,YUAN,10/2/1962,M,F,donna6@adventure-works.com,"$10,000 ",1,Bachelors,Manual,Y
29435,MR.,STANLEY,RODRIGUEZ,11/11/1962,M,M,stanley21@adventure-works.com,"$10,000 ",1,Bachelors,Manual,Y
29436,MRS.,ADRIANA,RAMAN,1/17/1961,S,F,adriana13@adventure-works.com,"$10,000 ",1,Bachelors,Manual,N
29437,MRS.,HALEY,BELL,7/2/1962,S,F,haley5@adventure-works.com,"$20,000 ",1,Graduate Degree,Clerical,N
29438,MR.,TERRANCE,FERNANDEZ,7/18/1961,M,M,terrance13@adventure-works.com,"$20,000 ",1,Graduate Degree,Clerical,Y
29439,MRS.,LAURA,ZHU,10/16/1961,M,F,laura19@adventure-works.com,"$20,000 ",1,Graduate Degree,Clerical,Y
29440,MR.,RAFAEL,CAI,10/10/1961,S,M,rafael21@adventure-works.com,"$20,000 ",1,Graduate Degree,Clerical,Y
29441,MRS.,ADRIANA,PATEL,8/4/1936,M,F,adriana3@adventure-works.com,"$20,000 ",1,Graduate Degree,Clerical,Y
29442,MR.,DAMIEN,YUAN,9/3/1958,S,M,damien24@adventure-works.com,"$10,000 ",1,Bachelors,Manual,Y
29444,MRS.,BETH,BLANCO,9/8/1956,M,F,beth18@adventure-works.com,"$20,000 ",1,Bachelors,Clerical,Y
29445,MRS.,BONNIE,LAL,9/27/1937,S,F,bonnie14@adventure-works.com,"$10,000 ",2,Bachelors,Clerical,Y
29446,MRS.,JAMIE,MA,4/16/1937,S,F,jamie19@adventure-works.com,"$20,000 ",1,Graduate Degree,Clerical,N
29447,MRS.,LINDSAY,DENG,5/25/1938,S,F,lindsay1@adventure-works.com,"$10,000 ",2,Bachelors,Clerical,N
29448,,LINDSEY,YUAN,11/28/1941,S,NA,lindsey7@adventure-works.com,"$20,000 ",1,Partial College,Manual,Y
29449,MRS.,LAURA,CHEN,6/6/1941,S,F,laura9@adventure-works.com,"$30,000 ",1,Bachelors,Clerical,Y
29450,MR.,BRADLEY,CHANDE,11/7/1942,S,M,bradley17@adventure-works.com,"$10,000 ",2,Partial College,Manual,Y
29451,MR.,GEOFFREY,LOPEZ,9/23/1942,S,M,geoffrey14@adventure-works.com,"$10,000 ",3,Partial College,Manual,N
29452,MS.,MEREDITH,ROMERO,5/23/1979,S,F,meredith32@adventure-works.com,"$10,000 ",0,Partial College,Manual,Y
29453,MR.,VICTOR,VAZQUEZ,8/25/1980,M,M,victor15@adventure-works.com,"$20,000 ",0,Bachelors,Clerical,Y
29454,MS.,VICTORIA,BRADLEY,1/24/1978,M,F,victoria31@adventure-works.com,"$10,000 ",0,Partial College,Manual,Y
29455,MS.,DAWN,ZENG,7/9/1978,M,F,dawn23@adventure-works.com,"$10,000 ",0,Partial College,Manual,Y
29456,MS.,LINDSAY,SHE,6/27/1978,S,F,lindsay0@adventure-works.com,"$10,000 ",0,Partial College,Manual,Y
29457,MS.,CYNTHIA,KAPOOR,7/28/1978,S,F,cynthia5@adventure-works.com,"$10,000 ",0,Partial College,Manual,N
29458,MR.,DANNY,MORENO,2/24/1977,S,M,danny7@adventure-works.com,"$10,000 ",0,High School,Manual,Y
29459,MR.,MARCO,MALHOTRA,5/4/1977,S,M,marco5@adventure-works.com,"$10,000 ",0,High School,Manual,N
29460,MR.,ANDRES,CHANDER,3/15/1977,M,M,andres13@adventure-works.com,"$10,000 ",0,High School,Manual,N
29461,MR.,COLIN,XU,10/9/1977,M,M,colin28@adventure-works.com,"$10,000 ",0,High School,Manual,Y
29462,MR.,CLINTON,HERNANDEZ,7/22/1979,S,M,clinton0@adventure-works.com,"$20,000 ",0,Bachelors,Clerical,Y
29463,MR.,LUCAS,GONZALES,8/20/1978,S,M,lucas65@adventure-works.com,"$10,000 ",1,High School,Manual,Y
29464,MR.,EUGENE,GAO,9/5/1977,S,M,eugene19@adventure-works.com,"$10,000 ",1,High School,Manual,N
29465,MR.,ROY,GILL,6/19/1977,S,M,roy33@adventure-works.com,"$20,000 ",0,Partial College,Manual,Y
29466,MR.,LANCE,JIMENEZ,11/26/1943,M,M,lance5@adventure-works.com,"$30,000 ",1,Bachelors,Clerical,Y
29467,MRS.,MONICA,MEHTA,10/16/1961,M,F,monica14@adventure-works.com,"$30,000 ",4,Graduate Degree,Clerical,Y
29468,MRS.,JACQUELINE,MORRIS,6/27/1961,M,F,jacqueline43@adventure-works.com,"$30,000 ",4,Graduate Degree,Clerical,N
29469,MRS.,DOMINIQUE,SAUNDERS,4/26/1961,M,F,dominique8@adventure-works.com,"$30,000 ",3,Graduate Degree,Clerical,N
29470,MR.,NATHAN,ROBERTS,8/25/1960,S,M,nathan33@adventure-works.com,"$10,000 ",1,High School,Manual,N
29471,MRS.,DANA,ORTEGA,3/26/1960,S,F,dana15@adventure-works.com,"$10,000 ",1,High School,Manual,N
29472,MRS.,LACEY,SHARMA,3/14/1960,M,F,lacey44@adventure-works.com,"$10,000 ",1,High School,Manual,N
29473,MRS.,CARMEN,SUBRAM,5/22/1960,S,F,carmen16@adventure-works.com,"$20,000 ",1,Partial College,Manual,N
29474,MR.,JAIME,RAJE,10/4/1959,M,M,jaime36@adventure-works.com,"$20,000 ",2,Partial College,Manual,N
29475,MR.,JARED,WARD,9/23/1959,S,M,jared6@adventure-works.com,"$20,000 ",2,Partial College,Manual,N
29476,MRS.,ELIZABETH,BRADLEY,7/3/1959,M,F,elizabeth30@adventure-works.com,"$20,000 ",2,Partial College,Manual,N
29477,MR.,NEIL,RUIZ,7/6/1959,M,M,neil3@adventure-works.com,"$20,000 ",2,Partial College,Manual,N
29478,MR.,DARREN,CARLSON,5/25/1959,S,M,darren41@adventure-works.com,"$30,000 ",3,Graduate Degree,Clerical,Y
29479,MR.,TOMMY,TANG,7/4/1958,M,M,tommy2@adventure-works.com,"$30,000 ",1,Graduate Degree,Clerical,Y
29480,MRS.,NINA,RAJI,11/10/1960,S,F,nina21@adventure-works.com,"$30,000 ",3,Graduate Degree,Clerical,Y
29481,MR.,IVAN,SURI,1/5/1960,S,M,ivan0@adventure-works.com,"$30,000 ",3,Graduate Degree,Clerical,N
29482,MR.,CLAYTON,ZHANG,3/5/1959,M,M,clayton0@adventure-works.com,"$30,000 ",3,Bachelors,Clerical,Y
29483,MR.,JESUS,NAVARRO,12/8/1959,M,M,jésus9@adventure-works.com,"$30,000 ",0,Bachelors,Clerical,Y
